23.9025  21.501  
12.7169  12.6685  
22.1403  22.6451  
2.72586  1.74244  
3.23153  13.8328  
24.7657  22.1487  
25.3776  27.0223  
26.3195  16.39  
0.31995  7.7601  
18.0402  9.29826  
17.9578  3.09323  
3.70963  2.29685  
24.2363  1.05584  
19.0279  20.256  
25.7029  11.1763  
19.5531  14.8218  
25.57  9.28439  
17.9662  19.3457  
3.86127  8.88222  
6.56051  14.7492  
2.80511  19.9856  
19.8628  10.6677  
27.4021  22.1765  
15.9977  17.3886  
20.9361  1.26827  
17.1273  25.8826  
18.5147  22.7906  
8.5369  19.0768  
4.66616  4.51319  
16.2445  9.70194  
22.8971  16.3785  
14.207  0.336317  
10.8738  13.244  
6.39254  18.3019  
5.25259  10.5255  
13.2886  7.67984  
0.623603  21.6769  
26.073  14.6379  
16.8059  27.126  
13.1225  18.1805  
3.16591  26.9866  
0.450058  14.8307  
5.22178  17.7939  
11.5336  20.1179  
2.54723  21.092  
7.98727  22.2562  
8.64925  0.582566  
10.6466  14.503  
4.88411  22.6459  
10.2155  16.6299  
10.6825  5.00693  
3.90742  21.7917  
24.7771  17.9586  
27.6212  16.8474  
4.59955  9.72387  
9.728  12.8687  
10.8177  8.92207  
1.67646  0.881973  
12.3278  15.233  
21.1676  3.39931  
25.9213  18.1785  
6.72181  26.6325  
15.0863  9.98371  
15.9566  7.3665  
12.522  19.9006  
13.8165  24.3821  
5.14665  8.82795  
14.3774  26.731  
3.07185  28.2803  
9.10633  21.6481  
20.8291  21.9723  
4.68511  1.60832  
14.4591  25.4471  
21.3858  27.1227  
24.1065  28.2526  
10.1612  17.814  
4.71657  15.5025  
15.2611  4.13667  
23.9987  27.1502  
6.90296  10.3862  
13.5569  21.7165  
27.1598  3.86949  
8.44746  1.66189  
15.9108  13.4137  
27.2226  1.19979  
19.6159  27.3518  
15.0976  19.7655  
6.29085  19.2805  
17.6373  13.6835  
7.71298  13.6964  
7.73878  20.1093  
18.4704  11.1979  
4.48777  3.07979  
17.9124  4.69998  
13.4156  4.9323  
12.4398  4.51301  
3.11666  15.8683  
27.7464  20.739  
27.802  11.0685  
23.8825  17.2457  
19.4412  9.55388  
2.15966  18.4633  
11.8331  6.17431  
5.78633  4.66792  
8.94232  20.5242  
26.5695  19.5458  
20.5192  11.7852  
17.496  10.4858  
9.86406  15.5209  
1.61123  19.6316  
21.6134  25.5313  
18.3121  6.54772  
26.197  22.8572  
11.3539  17.9399  
19.4933  3.70337  
27.2361  27.9589  
5.08278  27.6702  
1.11493  18.3248  
7.24506  23.1517  
1.57092  1.90949  
26.3429  24.8487  
24.6515  10.6725  
3.1634  7.6088  
3.95125  19.2057  
4.20248  16.5682  
16.4512  4.06981  
25.8253  4.04455  
25.4862  28.2098  
12.1854  8.28221  
16.8299  1.22686  
26.5833  2.98097  
0.579089  19.4848  
19.4862  1.04123  
25.081  16.7537  
5.94062  22.2012  
2.56617  14.8768  
5.15819  19.4085  
8.5839  14.6051  
7.7424  24.0773  
15.2872  18.4456  
9.1154  6.09043  
12.2416  13.997  
0.405797  1.45352  
14.0712  20.6469  
13.7756  6.05175  
14.6351  6.89067  
26.9189  5.76959  
27.3278  15.7027  
28.2116  18.4111  
0.859791  20.4401  
12.2644  7.20507  
7.086  21.7494  
18.4598  27.7863  
18.4072  18.3699  
1.93351  17.4259  
21.0597  12.8583  
16.9325  14.6529  
6.8132  17.0879  
4.31545  0.612191  
13.2961  26.0663  
3.31563  10.1167  
4.23751  18.288  
15.9337  24.675  
26.5086  20.7111  
16.4659  10.8023  
6.09579  15.8261  
25.8609  2.03885  
9.42273  22.8409  
23.3276  13.8309  
25.8153  5.41856  
19.2491  7.42452  
12.6404  24.0742  
3.60828  6.68701  
12.5928  5.55396  
5.20928  16.7184  
25.3515  15.49  
14.924  5.38741  
20.2479  0.24155  
8.91457  12.1716  
27.2325  17.8211  
10.6937  22.4738  
0.595588  0.310885  
7.88563  21.1118  
13.8917  9.58245  
10.936  15.8672  
24.115  4.09301  
3.08624  18.0954  
3.80206  14.9981  
20.8011  24.6533  
25.3435  20.1983  
11.7472  21.336  
23.6842  18.4925  
16.4357  6.3103  
15.6489  25.712  
19.5056  2.04185  
17.258  7.26468  
26.5178  23.8795  
27.2694  26.5819  
22.692  23.8297  
11.5562  24.5577  
