3.15642  10.5942  
22.204  22.6995  
1.5429  16.3962  
15.1106  26.187  
21.7831  24.7412  
17.9012  0.52299  
1.14407  15.3473  
21.234  19.458  
19.565  24.1104  
17.4289  23.6275  
4.54594  15.7189  
24.1636  10.9856  
27.555  16.2967  
6.0119  11.9123  
26.8065  12.2748  
5.24652  12.782  
3.29744  15.5423  
0.875972  17.2572  
26.6154  14.2367  
26.1696  13.1853  
15.9909  22.2974  
23.7224  14.892  
1.21537  13.3921  
20.7698  21.4194  
4.31854  17.6229  
1.46761  9.51012  
16.1864  26.4192  
28.0505  17.242  
24.6529  16.9927  
20.9169  0.212156  
19.14  26.0688  
4.14818  12.7075  
23.8768  12.9278  
20.3536  23.3249  
26.9597  10.3115  
21.7117  12.5502  
2.86505  14.5349  
23.0738  18.7561  
22.8568  24.9009  
13.99  25.8963  
20.1353  1.00882  
22.1165  25.7681  
21.1155  13.5266  
14.3524  27.0102  
19.0219  0.699044  
21.5087  9.58381  
5.46846  10.9542  
13.7225  24.8456  
4.75537  11.756  
24.5867  12.0486  
21.9268  15.6768  
2.04381  10.5277  
2.36779  13.5457  
4.5995  13.747  
22.3552  11.6648  
27.7454  14.2451  
5.1397  14.739  
15.8933  25.3  
27.4826  11.4146  
22.3488  19.5996  
22.7328  20.7529  
27.8958  12.3851  
20.6788  24.4147  
17.345  26.6525  
26.5381  9.31305  
23.4875  11.8883  
0.778711  12.3788  
4.29988  10.8019  
21.9018  21.6596  
14.7982  25.087  
23.0154  10.8077  
24.2137  18.9312  
23.3402  22.9787  
25.4732  9.12421  
3.177  17.5417  
26.3604  11.2119  
22.7755  12.727  
22.4458  26.8164  
20.8167  10.5509  
2.21052  15.5195  
18.0516  25.8081  
20.9629  25.4941  
2.5443  11.5272  
19.0041  19.0583  
24.3648  9.08618  
17.8664  21.7151  
26.8722  17.1716  
19.4231  20.1568  
15.7595  0.0127366  
22.5385  23.7792  
14.9013  22.1868  
14.4947  24.0493  
18.7868  24.9495  
28.2596  15.2819  
22.9706  21.9181  
19.8694  25.1889  
20.4792  17.3663  
16.3337  23.3993  
21.295  26.5253  
20.1281  16.3394  
22.2019  13.6966  
20.7758  18.3985  
18.6316  20.9122  
20.4915  20.3983  
19.5063  12.471  
24.8264  14.9915  
21.9385  10.658  
21.6235  20.5983  
19.4543  27.1289  
18.4174  26.8551  
24.2073  15.8624  
19.262  14.2663  
19.4117  17.1726  
0.292502  11.4225  
21.9208  18.5498  
15.5664  24.2344  
18.4969  23.852  
16.973  25.5546  
5.66307  15.7214  
18.2801  19.8843  
17.6777  24.7336  
22.428  16.6897  
20.813  15.4749  
1.79832  14.4665  
3.62484  11.641  
16.5486  27.4819  
27.2311  13.2366  
6.3733  12.9462  
20.4142  14.4541  
23.5654  24.0775  
24.8494  10.0585  
23.6423  9.91686  
24.3696  13.9544  
0.879532  10.5274  
23.5565  16.8137  
3.85191  16.5847  
22.7162  17.7344  
0.127845  13.3565  
23.888  17.8938  
21.4791  23.6368  
28.0557  10.4374  
3.47768  13.5937  
23.0843  15.7904  
19.9824  22.2633  
19.2678  23.0762  
20.0961  19.2902  
25.765  17.0495  
22.5884  14.7326  
18.9365  22.0408  
15.4332  27.2688  
20.6291  12.5742  
18.62  17.9206  
25.2512  11.1245  
0.612115  14.3693  
25.2907  16.0382  
21.135  22.4684  
3.9753  14.6477  
26.4116  16.1414  
4.97446  16.6786  
21.2854  16.5432  
17.1218  22.5525  
18.6612  27.9532  
23.4496  19.8249  
23.2937  13.8304  
25.9549  15.1537  
0.393027  9.51963  
17.5355  20.6834  
20.2137  26.3316  
2.683  16.5489  
19.6892  18.2313  
16.7615  21.504  
18.1609  22.7894  
25.5089  14.0828  
21.626  17.5505  
15.2662  23.177  
16.6245  24.5185  
1.90491  12.5571  
5.73157  13.8349  
19.9776  13.464  
19.8102  28.1486  
21.6628  27.647  
19.7374  21.234  
1.44211  11.5317  
25.0822  13.0239  
25.6938  12.1236  
21.4666  14.6144  
14.0866  22.9356  
19.7087  15.2585  
25.9061  10.1975  
18.9756  16.082  
21.2404  11.5443  
27.1018  15.2257  
20.5504  27.3948  
3.0681  12.6162  
0.401044  16.2478  
17.6589  27.7721  
22.56  9.77317  
27.6195  9.43  
16.8055  0.246307  
20.1249  11.5211  
