9.70812  19.9492  
18.3825  16.0047  
27.0104  21.1964  
23.5555  7.51381  
21.8544  26.2157  
20.3929  6.05841  
26.2129  26.5473  
13.7532  18.0008  
18.1915  21.1395  
14.1294  0.357251  
11.1572  12.6331  
0.223578  11.5762  
21.369  5.60618  
19.8099  26.853  
12.626  19.2533  
2.81589  9.47733  
8.45559  12.6082  
24.9766  13.6873  
21.2797  11.8959  
27.0697  14.3577  
15.8749  24.3276  
19.8356  8.63485  
7.37206  11.8936  
8.8285  20.6017  
9.76695  15.2109  
3.39852  0.0782293  
5.96083  23.5303  
13.6312  22.4037  
7.50667  24.2475  
4.65723  7.94316  
18.2977  2.19896  
27.531  15.5057  
24.1023  18.8894  
19.3075  24.4948  
10.8285  11.0658  
17.4536  5.19207  
2.21582  17.1404  
1.49803  24.892  
22.0536  0.459249  
9.77258  21.1953  
24.8622  1.35799  
21.7865  27.2999  
3.24513  2.61229  
19.2639  17.3416  
6.7271  2.60425  
25.597  11.7094  
22.1583  9.20459  
27.5926  0.525144  
2.32384  12.1203  
25.2604  10.5242  
23.0773  19.3586  
12.3616  12.4417  
23.2348  18.3184  
12.6147  14.0238  
23.6023  12.2908  
0.844126  13.5525  
12.7085  16.5788  
0.399833  1.56683  
19.1424  10.8341  
19.8034  14.3642  
14.7522  22.3857  
3.36014  8.20362  
18.5481  25.3635  
17.5967  1.49208  
26.1268  12.8022  
24.3283  9.61841  
0.922815  8.35459  
2.22265  8.2679  
27.823  22.3215  
18.6982  12.2482  
21.3833  6.93384  
15.0268  17.6399  
10.0953  18.931  
1.84429  7.33206  
28.2194  27.8642  
23.7535  17.1372  
1.70684  9.8275  
23.7217  22.9651  
22.0172  3.25348  
26.9417  11.614  
20.2406  23.9205  
19.0752  27.6508  
16.7722  6.76124  
4.14348  9.10493  
20.9291  22.1264  
13.7238  21.1905  
3.87299  21.2113  
19.9721  20.164  
22.6805  8.12157  
21.4832  24.256  
23.1533  0.469303  
9.70155  22.329  
17.3895  23.3416  
7.97674  23.3012  
22.714  23.4269  
20.541  24.9314  
13.6586  14.8461  
13.0024  20.2464  
1.28423  12.4645  
15.9743  21.5812  
23.9658  13.4724  
10.3211  8.99923  
20.8485  19.395  
20.2723  16.916  
11.6194  26.241  
23.6295  10.7266  
9.67289  2.03813  
17.8903  22.2332  
24.0777  27.3228  
18.0194  27.3895  
25.3837  19.9242  
17.9912  24.1523  
22.1684  18.4098  
8.87092  18.9492  
23.607  8.6515  
18.7802  26.4761  
7.07388  13.0251  
18.6215  23.1333  
1.92886  13.3844  
11.8761  11.448  
19.6744  22.7746  
1.41404  14.8453  
24.9459  12.5845  
0.658473  10.4425  
0.0604382  9.53901  
0.718085  7.18101  
27.327  13.2873  
20.402  7.68529  
21.4382  13.828  
23.2351  20.7922  
19.8007  0.54126  
22.3076  10.4907  
22.8661  14.4338  
1.39025  20.0462  
22.1114  21.9772  
6.71321  14.1201  
20.9511  2.27902  
26.0002  13.8831  
11.9242  6.75406  
21.2069  20.6945  
28.2288  21.2901  
5.15771  11.6291  
4.55247  2.63261  
19.2182  7.7432  
11.7657  27.4104  
18.442  14.3668  
28.2592  16.5386  
14.1344  20.1486  
3  24.3057  
3.46867  11.5027  
21.2177  8.66583  
8.04895  13.6595  
18.4878  6.43533  
0.0456891  12.8105  
24.6912  21.1332  
14.7195  21.2541  
17.0263  14.4582  
24.4999  11.6183  
27.7812  26.4095  
22.6323  17.3984  
18.9848  13.5308  
23.5555  6.28028  
21.5306  23.2181  
25.2528  17.5103  
9.08382  23.801  
10.5525  13.7429  
23.1951  9.67206  
17.3398  0.322666  
12.5103  17.6618  
20.618  18.2147  
16.743  22.3736  
4.54993  22.465  
18.0291  17.5676  
22.4915  13.1786  
22.5311  6.72334  
15.6836  22.8415  
11.5918  13.6367  
6.99639  21.7354  
20.7191  1.18884  
26.4058  10.437  
20.9743  0.103976  
1.23038  11.3194  
5.75506  2.3658  
27.099  16.5048  
27.7998  10.7166  
22.8958  27.1242  
17.8961  13.0668  
2.42795  10.8655  
18.7332  9.17042  
20.7085  9.60821  
25.3594  2.28249  
0.0565255  19.8505  
24.1731  20.0846  
8.66091  22.0101  
12.1526  22.3544  
19.6957  25.6185  
3.62474  10.1537  
0.188327  14.9627  
6.16138  22.3835  
21.3306  17.3304  
