3.11686  10.3651  
22.0918  22.1659  
3.08729  18.0601  
14.8715  26.6507  
21.6989  24.4973  
18.1773  1.04275  
2.59504  16.9137  
20.6653  19.302  
19.5549  24.226  
17.2716  23.8981  
5.67277  15.3496  
24.2323  10.798  
27.7863  16.3544  
6.07087  10.638  
26.8564  12.4077  
5.34112  12.414  
4.23388  15.6359  
4.26045  17.6833  
26.616  14.3897  
26.0502  13.3116  
15.9386  22.1385  
23.4193  14.7068  
1.46578  13.8522  
20.3228  21.1645  
7.04872  17.603  
1.94024  9.60953  
16.0322  26.5776  
6.26877  18.3144  
24.0824  17.0049  
21.9465  27.6819  
19.1451  26.2453  
4.26048  12.1598  
23.8736  12.7793  
20.2557  23.1448  
27.1781  10.5156  
21.4322  12.321  
3.49646  14.7604  
22.5928  18.6083  
23.0063  24.5679  
13.7228  25.9609  
17.1224  1.80038  
22.0093  25.6129  
20.6494  13.3024  
14.3532  27.5487  
19.8669  0.176662  
21.2898  9.3925  
5.06379  10.026  
13.5483  22.369  
5.21225  11.3538  
24.5927  11.9402  
21.4699  15.4748  
1.90714  10.7682  
2.51047  14.1707  
4.8284  13.4213  
22.3285  11.4204  
27.7177  14.3391  
5.76956  14.1794  
15.8619  25.5463  
28.2748  11.4428  
21.8534  19.4183  
22.3013  20.4524  
27.9958  12.5978  
20.6462  24.2227  
17.2689  26.8557  
27.0398  9.21473  
23.395  11.6425  
0.779209  13.0309  
4.13898  9.59398  
21.5437  21.2856  
14.7258  25.497  
22.9996  10.569  
24.53  17.9676  
23.1738  22.5634  
25.7545  9.2597  
5.94772  17.108  
26.5569  11.368  
22.5479  12.5608  
23.1424  25.5707  
20.7072  10.3346  
3.07008  15.8187  
18.0302  25.9099  
20.987  25.4571  
3.30345  11.4813  
18.3152  18.6713  
24.66  8.92453  
17.662  22.0307  
0.0720608  15.4312  
18.4928  19.8676  
15.8388  0.371324  
22.633  23.5665  
14.7162  22.1941  
13.8832  24.6964  
18.717  25.1567  
0.629092  16.3767  
22.8488  21.466  
19.8357  25.3594  
19.8953  17.117  
16.1835  23.6484  
21.4384  26.6094  
19.564  16.0854  
21.8687  13.4677  
20.3035  18.1754  
18.1278  20.9914  
19.7017  20.1233  
18.1029  9.10341  
24.5388  15.0646  
21.9168  10.2918  
21.1232  20.2942  
19.6211  27.3555  
18.3765  26.97  
23.8044  15.9302  
18.7942  13.9363  
18.8345  16.8175  
1.19331  11.9978  
21.3636  18.4316  
15.1215  24.4  
18.3268  24.0288  
16.9663  25.7743  
6.90613  13.9119  
17.2931  20.1651  
17.6526  24.9129  
21.8461  16.4549  
20.4053  15.2042  
1.7211  16.2368  
4.20958  10.7379  
16.5064  27.7313  
27.0717  13.3802  
6.23764  11.8218  
19.9016  14.1681  
23.769  23.553  
24.9504  10.0242  
23.846  9.76281  
24.1525  13.7759  
0.729095  10.676  
22.9185  16.7819  
4.99798  16.5816  
22.1088  17.5542  
0.511398  14.3946  
23.4105  17.8671  
21.4212  23.337  
28.1913  9.99238  
3.78556  13.6463  
22.7018  15.6758  
19.7878  22.1811  
19.1756  23.22  
19.4014  18.9648  
25.5876  17.4315  
22.2234  14.488  
18.6991  22.1337  
15.4477  27.6762  
20.3599  12.2195  
17.9941  17.5395  
25.3338  11.0627  
1.18631  15.3026  
24.8906  16.0851  
20.9635  22.2592  
4.70722  14.5642  
26.1365  16.3234  
6.67994  14.9143  
20.6618  16.2709  
16.906  22.7691  
18.7937  28.0766  
23.8136  18.9462  
23.0722  13.6153  
25.6122  15.2657  
0.909441  9.58154  
16.1028  20.3317  
20.352  26.5054  
3.86004  16.6033  
19.1486  17.8916  
16.8905  21.2067  
17.9618  23.0793  
25.277  14.1495  
21.0494  17.3048  
15.1232  23.1446  
16.5714  24.746  
1.91548  12.7856  
6.33228  12.9254  
19.5719  13.0692  
21.128  0.34163  
22.7474  26.783  
19.1842  21.1539  
2.25755  11.6974  
25.0127  12.9925  
25.7495  12.2196  
21.1176  14.316  
13.9613  23.4363  
19.2534  14.981  
26.119  10.2712  
18.3741  15.7904  
20.9657  11.3723  
27.2283  15.3524  
20.7256  27.5186  
2.98397  12.4859  
1.58436  17.3137  
17.7072  27.866  
22.6825  9.4139  
28.0214  8.88072  
16.9281  0.362517  
19.2438  12.0218  
