26.5487  26.3004  
25.0338  26.5063  
26.1425  11.6962  
3.71558  16.1332  
18.4265  0.689283  
16.2052  10.3123  
7.73194  24.1546  
10.2296  20.5585  
0.10675  18.433  
3.33957  17.5281  
1.2275  9.60061  
1.57327  7.93298  
21.6756  1.46455  
2.05132  12.93  
3.97643  23.2803  
23.3511  6.02178  
1.62063  27.3828  
12.2899  0.73534  
16.3493  21.9817  
9.52324  11.5051  
14.6407  22.5835  
18.5811  26.7001  
10.271  26.3276  
6.89405  18.151  
19.6223  17.1118  
7.59356  12.5902  
6.10029  0.289349  
14.0201  14.3878  
3.99768  11.2844  
16.2465  2.28659  
9.86141  6.32412  
27.7797  26.8215  
24.3788  2.20329  
11.8836  5.90289  
7.41642  0.203306  
23.9176  3.82486  
23.2984  24.6686  
15.1758  24.3556  
0.280777  1.8341  
9.84979  18.7235  
17.8246  20.9884  
9.41986  22.3164  
1.11606  18.3177  
8.1569  20.8257  
0.182619  9.28566  
12.5408  19.6534  
27.4909  25.7538  
23.2435  19.1183  
8.22746  24.9997  
3.52887  26.9645  
13.5651  18.9601  
23.5502  9.11289  
19.147  2.40667  
1.25558  11.7307  
12.7114  24.4023  
24.0083  8.06425  
23.459  22.1215  
25.1147  20.9024  
22.5535  9.58845  
23.7274  14.1186  
25.4609  2.04323  
20.4487  9.99013  
3.70402  21.1953  
6.21131  25.5088  
9.29813  3.81814  
26.3907  1.12487  
0.213936  12.0751  
17.8076  18.7664  
14.1965  10.9414  
22.1316  8.3248  
20.4363  25.7085  
5.63859  19.8635  
9.15091  4.93413  
7.8585  13.8711  
25.8313  4.99327  
24.1659  10.4689  
19.5711  15.2787  
19.2818  1.38736  
4.73717  16.7069  
12.6392  13.3122  
1.56502  4.34402  
25.7082  12.9207  
11.3206  15.7205  
20.3566  3.47008  
12.544  8.95723  
0.981733  6.46132  
23.1771  25.9002  
6.64207  11.9749  
13.3638  22.0975  
16.5799  7.4235  
20.416  26.6964  
27.152  11.2957  
24.1497  27.3508  
24.3274  0.364833  
21.1481  7.83156  
1.48259  14.1593  
12.4781  22.8886  
9.40255  25.7509  
9.73769  14.3225  
22.3349  2.37509  
3.94555  0.621419  
12.5945  27.508  
4.31586  13.1066  
21.2556  9.02065  
20.4522  13.5355  
1.16946  1.06122  
21.9605  3.51662  
13.0282  20.7268  
13.1285  12.2905  
12.7141  15.9164  
13.9383  24.1965  
21.494  24.0087  
21.5663  14.2308  
10.3985  3.83343  
17.5726  27.8038  
4.20694  9.13202  
17.0604  26.3433  
10.931  21.9754  
8.78985  7.84268  
25.705  6.21705  
4.76463  21.9901  
8.88453  23.9669  
11.6764  14.1942  
0.848035  3.61381  
10.0615  10.5584  
1.0405  25.7851  
27.5289  20.9286  
5.87657  11.3276  
6.04365  2.71492  
1.7164  5.36264  
27.6944  27.9183  
2.9908  24.4395  
26.0112  0.0776563  
7.73272  8.98456  
0.57218  15.9606  
13.8976  13.1706  
7.04013  4.78599  
6.60828  19.2971  
28.259  10.5194  
20.3783  6.47524  
23.8793  17.2245  
18.6564  24.7654  
6.30374  23.9669  
18.5539  15.0297  
10.3696  12.1336  
11.2876  4.79657  
0.187767  20.0067  
25.7416  10.3128  
17.3667  12.6633  
13.9263  16.3235  
17.7881  5.66542  
14.4629  26.2595  
3.22314  14.8593  
19.1404  16.2873  
16.0618  20.4652  
19.8171  27.554  
26.5568  19.4295  
15.0068  15.9639  
25.1381  0.974359  
21.4447  18.3094  
25.4917  14.9366  
20.9594  22.8836  
7.67852  27.4816  
18.8475  18.7485  
12.5328  3.31514  
15.5017  28.0193  
17.3852  22.316  
7.03596  20.8237  
9.68737  7.27144  
23.2697  23.6156  
16.2634  23.101  
5.16482  23.0487  
20.2524  2.05187  
26.9103  4.14331  
11.2002  12.9532  
17.1304  0.904282  
15.0522  21.552  
0.861885  13.1127  
26.8158  13.6705  
3.75433  25.437  
8.05223  23.1299  
14.2282  3.9788  
1.20228  19.5896  
20.1852  5.37771  
18.3235  13.2362  
16.4453  11.3716  
4.60759  20.5927  
3.07092  4.45467  
2.49358  14.1435  
19.9834  8.7428  
5.45848  3.79496  
3.07739  13.2662  
17.62  25.0908  
21.2431  12.7355  
4.55551  14.6661  
19.5705  10.778  
19.3676  26.1056  
20.0806  7.62466  
24.5571  9.33213  
25.0515  17.5284  
