14.4885  8.27022  
22.2851  9.50572  
11.0187  27.1487  
23.8012  1.75599  
23.5119  9.29119  
22.3695  15.6939  
2.75583  23.9229  
13.7421  26.7905  
25.5259  2.04189  
17.327  23.0767  
5.2558  1.11432  
9.38446  15.2438  
4.89218  9.3282  
9.51926  28.0444  
23.5538  3.0798  
25.9078  25.6091  
11.7833  16.4669  
6.38547  2.98456  
14.5656  11.2732  
6.64085  1.0051  
26.1344  26.7676  
6.53912  12.5413  
15.6995  26.8644  
24.9764  1.04373  
9.56878  5.80457  
23.8456  20.0244  
18.1791  23.8279  
18.3764  5.81894  
4.98704  11.3289  
19.1033  1.36004  
19.2916  19.7299  
14.4235  5.41457  
28.0907  27.0426  
1.51795  22.8502  
20.5757  26.5398  
7.38966  0.142025  
15.5831  12.0602  
8.7891  19.2673  
5.76905  2.15689  
26.8324  23.5555  
10.7841  24.1237  
11.1369  25.7241  
22.27  6.85236  
4.77913  17.2601  
14.8168  6.52102  
23.4386  4.56155  
19.02  27.6321  
27.0655  11.5422  
8.70243  3.0694  
21.4582  13.0043  
20.0849  21.5277  
18.3233  14.7735  
20.0661  16.6944  
16.4922  22.1609  
0.144127  0.618622  
21.5217  14.5193  
17.4444  3.85014  
3.73422  11.3162  
17.9265  21.8426  
10.0505  2.73709  
10.5159  8.96123  
9.34122  4.00967  
3.40999  19.243  
10.7717  14.6018  
20.5243  19.2826  
16.8559  15.2417  
13.911  1.90961  
20.8177  3.52549  
5.10224  20.3578  
25.8274  5.90548  
8.46497  13.08  
4.70478  23.4808  
0.573999  22.2524  
21.9244  3.79689  
25.051  26.4001  
6.82223  23.8246  
0.291283  20.1224  
25.939  20.9959  
22.4075  20.2243  
12.4144  23.4034  
6.03827  9.00652  
9.65344  24.7739  
3.2157  0.633583  
24.3922  8.05967  
13.7722  7.12269  
16.6196  4.6411  
1.28702  3.58117  
2.17879  2.97592  
5.77752  24.1827  
7.65806  10.9561  
15.6254  5.78279  
9.46388  7.25245  
16.3087  25.5901  
20.955  6.83419  
8.63365  16.3659  
19.1338  26.3109  
12.2814  15.5079  
0.925703  24.0877  
24.308  25.1444  
26.665  20.2165  
7.46042  3.41308  
8.0462  20.1881  
2.23881  15.9582  
16.5236  24.5578  
25.1319  8.77921  
1.53856  20.1023  
16.4135  2.43681  
7.48524  17.5622  
11.8757  9.97411  
11.287  0.155079  
4.69556  19.2361  
24.5491  23.9665  
17.0661  11.9013  
18.9223  21.2987  
16.305  23.5529  
13.652  9.27221  
13.4901  14.3588  
28.2437  26.0682  
23.6021  6.95492  
12.281  8.81231  
27.863  5.12012  
8.3828  7.00829  
2.27259  4.21658  
2.57381  6.83983  
18.7352  16.4891  
3.88751  17.8942  
24.4906  2.52536  
18.9753  2.56016  
18.0904  1.86875  
4.74303  21.8067  
10.8498  10.7634  
5.07007  18.2695  
10.4722  4.601  
1.62746  24.8196  
13.1582  2.5674  
22.4562  4.87211  
4.71339  26.4302  
2.57433  26.5565  
13.0557  16.4321  
15.5557  15.4325  
15.4221  24.8504  
8.12277  23.8419  
7.56629  6.22924  
6.66473  26.1888  
0.476278  25.0294  
27.6512  22.1723  
20.2026  4.47771  
11.7672  24.712  
3.17899  3.36371  
23.5603  14.7278  
20.334  20.5227  
22.6548  14.2159  
20.4224  12.5242  
9.35323  20.2735  
19.5783  15.7983  
17.2127  6.16605  
0.279435  7.33538  
17.8702  15.7931  
3.04126  13.4039  
24.9798  6.88887  
0.0488087  2.82294  
5.87495  13.9857  
3.42404  10.1251  
11.1297  15.7  
4.18859  24.4371  
12.5737  0.775399  
8.63931  17.9558  
19.8598  10.3321  
7.80807  1.11328  
14.6522  19.8417  
24.2668  21.1514  
17.5195  27.8603  
18.2285  24.9571  
8.59434  10.4197  
9.91057  1.34818  
1.68975  27.4382  
18.7138  4.51369  
13.4493  10.4379  
21.6945  11.9276  
8.26451  22.181  
18.4374  10.86  
21.4614  27.1655  
7.33208  27.4089  
18.7995  9.791  
3.77229  26.1029  
11.2873  21.4868  
17.6831  7.5219  
27.0033  25.5767  
2.85853  25.3195  
4.92494  27.4958  
16.4218  16.9575  
6.62016  4.16442  
8.53087  27.295  
22.0715  24.7142  
25.7975  7.88619  
21.4245  4.71902  
19.5692  22.5787  
26.7163  6.90626  
4.83256  15.8841  
20.8142  22.5176  
