0 0 2.60204
0.1 1 1.10201
0.2 2 0.893995
0.3 3 0.836995
0.4 4 0.707442
0.5 5 0.772918
0.6 6 0.696094
0.7 7 0.728558
0.8 8 0.647016
0.9 9 0.576404
1 10 0.474781
1.1 11 0.571679
1.2 12 0.599577
1.3 13 0.645922
1.4 14 0.61102
1.5 15 0.641749
1.6 16 0.491939
1.7 17 0.534648
1.8 18 0.482046
1.9 19 0.427723
2 20 0.339986
2.1 21 0.381988
2.2 22 0.374238
2.3 23 0.455749
2.4 24 0.437241
2.5 25 0.367124
2.6 26 0.291865
2.7 27 0.285696
2.8 28 0.30679
2.9 29 0.313872
3 30 0.244877
3.1 31 0.278397
3.2 32 0.291821
3.3 33 0.322179
3.4 34 0.335491
3.5 35 0.189101
3.6 36 0.218492
3.7 37 0.240602
3.8 38 0.255171
3.9 39 0.275167
4 40 0.273271
4.1 41 0.285113
4.2 42 0.25965
4.3 43 0.2524
4.4 44 0.239895
4.5 45 0.280783
4.6 46 0.301348
4.7 47 0.291656
4.8 48 0.218946
4.9 49 0.247608
5 50 0.587191
