0 0 3.15669
0.1 1 1.05205
0.2 2 0.78742
0.3 3 0.742781
0.4 4 0.793549
0.5 5 0.983325
0.6 6 0.923526
0.7 7 0.883459
0.8 8 0.802621
0.9 9 0.461372
1 10 0.303299
1.1 11 0.383959
1.2 12 0.377383
1.3 13 0.490596
1.4 14 0.517257
1.5 15 0.509037
1.6 16 0.542431
1.7 17 0.620394
1.8 18 0.448598
1.9 19 0.457309
2 20 0.46292
2.1 21 0.409319
2.2 22 0.313347
2.3 23 0.154084
2.4 24 0.156216
2.5 25 0.192744
2.6 26 0.291647
2.7 27 0.241455
2.8 28 0.198504
2.9 29 0.196458
3 30 0.19085
3.1 31 0.26362
3.2 32 0.341532
3.3 33 0.276511
3.4 34 0.232773
3.5 35 0.128783
3.6 36 0.139789
3.7 37 0.0584351
3.8 38 0.0555853
3.9 39 0.0916064
4 40 0.113182
4.1 41 0.18669
4.2 42 0.165123
4.3 43 0.13109
4.4 44 0.182018
4.5 45 0.19173
4.6 46 0.0832698
4.7 47 0.109191
4.8 48 0.156714
4.9 49 0.196276
5 50 -0.0214333
