0 0 0.441081
0.1 1 1.09343
0.2 2 1.09576
0.3 3 0.915343
0.4 4 0.838506
0.5 5 1.04823
0.6 6 0.886393
0.7 7 0.76699
0.8 8 0.755376
0.9 9 0.705082
1 10 0.579371
1.1 11 0.614462
1.2 12 0.687124
1.3 13 0.715323
1.4 14 0.695241
1.5 15 0.819332
1.6 16 0.879193
1.7 17 0.886818
1.8 18 0.790239
1.9 19 0.748621
2 20 0.713284
2.1 21 0.753519
2.2 22 0.699915
2.3 23 0.522366
2.4 24 0.632368
2.5 25 0.624282
2.6 26 0.649511
2.7 27 0.466096
2.8 28 0.462977
2.9 29 0.402052
3 30 0.36888
3.1 31 0.328616
3.2 32 0.266357
3.3 33 0.26922
3.4 34 0.371779
3.5 35 0.353653
3.6 36 0.345595
3.7 37 0.330598
3.8 38 0.341779
3.9 39 0.358281
4 40 0.395684
4.1 41 0.438612
4.2 42 0.414854
4.3 43 0.395693
4.4 44 0.470423
4.5 45 0.483948
4.6 46 0.475606
4.7 47 0.528236
4.8 48 0.547411
4.9 49 0.585778
5 50 -0.022007
