0 -0.327986
100 -0.422152
200 -0.475136
300 -0.411281
400 -0.371942
500 -0.499058
600 -0.546441
700 -0.391541
800 -0.461406
900 -0.395384
1000 -0.461089
1100 -0.396867
1200 -0.447116
1300 -0.412405
1400 -0.381835
1500 -0.416186
1600 -0.492369
1700 -0.465206
1800 -0.461954
1900 -0.402
2000 -0.416683
2100 -0.392475
2200 -0.510717
2300 -0.628643
2400 -0.507045
2500 -0.500118
2600 -0.476725
2700 -0.491324
2800 -0.548126
2900 -0.435522
3000 -0.382636
3100 -0.454761
3200 -0.398065
3300 -0.321998
3400 -0.464591
3500 -0.49865
3600 -0.454663
3700 -0.471861
3800 -0.430433
3900 -0.496103
4000 -0.447256
4100 -0.658555
4200 -0.523236
4300 -0.473449
4400 -0.452544
4500 -0.480774
4600 -0.534953
4700 -0.436602
4800 -0.384914
4900 -0.595104
5000 -0.452979
5100 -0.504332
5200 -0.380443
5300 -0.386334
5400 -0.531752
5500 -0.401544
5600 -0.50315
5700 -0.425233
5800 -0.443008
5900 -0.356594
6000 -0.377313
6100 -0.407743
6200 -0.454212
6300 -0.535874
6400 -0.432112
6500 -0.49222
6600 -0.416351
6700 -0.467869
6800 -0.451454
6900 -0.539269
7000 -0.574848
7100 -0.454998
7200 -0.448791
7300 -0.541646
7400 -0.449587
7500 -0.5114
7600 -0.399721
7700 -0.58819
7800 -0.522638
7900 -0.47312
8000 -0.465923
8100 -0.672345
8200 -0.597492
8300 -0.586075
8400 -0.49588
8500 -0.442908
8600 -0.533302
8700 -0.502016
8800 -0.462306
8900 -0.421313
9000 -0.365828
9100 -0.519804
9200 -0.517395
9300 -0.504217
9400 -0.44681
9500 -0.360153
9600 -0.441095
9700 -0.443221
9800 -0.437843
9900 -0.491084
10000 -0.4669
10100 -0.548446
10200 -0.494664
10300 -0.493526
10400 -0.510943
10500 -0.427323
10600 -0.418922
10700 -0.431907
10800 -0.46628
10900 -0.476064
11000 -0.517793
11100 -0.561165
11200 -0.548805
11300 -0.467496
11400 -0.40783
11500 -0.404894
11600 -0.405938
11700 -0.357012
11800 -0.538719
11900 -0.499786
12000 -0.433042
12100 -0.464813
12200 -0.409174
12300 -0.435083
12400 -0.52428
12500 -0.480933
12600 -0.499763
12700 -0.372909
12800 -0.433994
12900 -0.480195
13000 -0.341526
13100 -0.451909
13200 -0.45346
13300 -0.517778
13400 -0.526923
13500 -0.483834
13600 -0.518041
13700 -0.429734
13800 -0.481506
13900 -0.477428
14000 -0.414282
14100 -0.388296
14200 -0.611797
14300 -0.56753
14400 -0.630185
14500 -0.319699
14600 -0.466923
14700 -0.399737
14800 -0.470124
14900 -0.376063
15000 -0.477167
15100 -0.516294
15200 -0.482724
15300 -0.418271
15400 -0.419957
15500 -0.560954
15600 -0.458367
15700 -0.474054
15800 -0.472597
15900 -0.506197
16000 -0.422362
16100 -0.515839
16200 -0.476338
16300 -0.514726
16400 -0.424649
16500 -0.52287
16600 -0.41029
16700 -0.555196
16800 -0.384777
16900 -0.39544
17000 -0.328855
17100 -0.441103
17200 -0.496829
17300 -0.415757
17400 -0.457334
17500 -0.554086
17600 -0.472862
17700 -0.346899
17800 -0.484216
17900 -0.446761
18000 -0.434836
18100 -0.492738
18200 -0.521976
18300 -0.551768
18400 -0.522029
18500 -0.454354
18600 -0.535998
18700 -0.551494
18800 -0.393898
18900 -0.429208
19000 -0.391475
19100 -0.466405
19200 -0.571817
19300 -0.478573
19400 -0.576151
19500 -0.605655
19600 -0.496642
19700 -0.575945
19800 -0.655304
19900 -0.420422
20000 -0.517512
20100 -0.40764
20200 -0.49759
20300 -0.55223
20400 -0.555904
20500 -0.475267
20600 -0.452434
20700 -0.425436
20800 -0.57575
20900 -0.535648
21000 -0.539555
21100 -0.528501
21200 -0.442295
21300 -0.395185
21400 -0.366862
21500 -0.437675
21600 -0.424115
21700 -0.478186
21800 -0.38909
21900 -0.411435
22000 -0.404512
22100 -0.460753
22200 -0.495545
22300 -0.492894
22400 -0.374184
22500 -0.456428
22600 -0.519932
22700 -0.504931
22800 -0.535896
22900 -0.383641
23000 -0.501705
23100 -0.482202
23200 -0.391678
23300 -0.462354
23400 -0.45802
23500 -0.397754
23600 -0.487585
23700 -0.479866
23800 -0.466848
23900 -0.477003
24000 -0.513348
24100 -0.431419
24200 -0.363028
24300 -0.497828
24400 -0.386199
24500 -0.425105
24600 -0.467211
24700 -0.56732
24800 -0.575161
24900 -0.4107
25000 -0.53098
25100 -0.593224
25200 -0.563524
25300 -0.478757
25400 -0.643844
25500 -0.522781
25600 -0.335111
25700 -0.465986
25800 -0.486496
25900 -0.440001
26000 -0.496731
26100 -0.548638
26200 -0.592133
26300 -0.558853
26400 -0.409447
26500 -0.50512
26600 -0.541603
26700 -0.384073
26800 -0.513671
26900 -0.442376
27000 -0.404298
27100 -0.453724
27200 -0.504514
27300 -0.401858
27400 -0.492192
27500 -0.495158
27600 -0.575219
27700 -0.414599
27800 -0.541398
27900 -0.357359
28000 -0.432447
28100 -0.426317
28200 -0.465853
28300 -0.515949
28400 -0.484587
28500 -0.444741
28600 -0.34258
28700 -0.444992
28800 -0.541192
28900 -0.462422
29000 -0.405201
29100 -0.414251
29200 -0.405544
29300 -0.350364
29400 -0.498308
29500 -0.371469
29600 -0.553107
29700 -0.42352
29800 -0.410421
29900 -0.584643
30000 -0.3835
30100 -0.37994
30200 -0.490044
30300 -0.365283
30400 -0.446124
30500 -0.515766
30600 -0.41884
30700 -0.454708
30800 -0.507198
30900 -0.374917
31000 -0.457761
31100 -0.514941
31200 -0.421336
31300 -0.518913
31400 -0.508346
31500 -0.46292
31600 -0.460308
31700 -0.530833
31800 -0.500218
31900 -0.582558
32000 -0.44494
32100 -0.441395
32200 -0.369518
32300 -0.536149
32400 -0.372047
32500 -0.486968
32600 -0.31499
32700 -0.497377
32800 -0.485561
32900 -0.500473
33000 -0.511323
33100 -0.557709
33200 -0.518342
33300 -0.446866
33400 -0.381007
33500 -0.396543
33600 -0.487921
33700 -0.438634
33800 -0.497239
33900 -0.468244
34000 -0.481906
34100 -0.357805
34200 -0.551996
34300 -0.463231
34400 -0.409993
34500 -0.3844
34600 -0.39289
34700 -0.408769
34800 -0.393902
34900 -0.517258
35000 -0.525153
35100 -0.506986
35200 -0.61566
35300 -0.426979
35400 -0.4679
35500 -0.37779
35600 -0.430946
35700 -0.414359
35800 -0.378397
35900 -0.351697
36000 -0.468279
36100 -0.467215
36200 -0.402293
36300 -0.409691
36400 -0.482953
36500 -0.3742
36600 -0.445825
36700 -0.474776
36800 -0.420319
36900 -0.443627
37000 -0.429273
37100 -0.465861
37200 -0.484396
37300 -0.349876
37400 -0.534255
37500 -0.415283
37600 -0.468508
37700 -0.365321
37800 -0.453257
37900 -0.382266
38000 -0.374474
38100 -0.421608
38200 -0.410729
38300 -0.528346
38400 -0.495993
38500 -0.5229
38600 -0.516353
38700 -0.536454
38800 -0.617117
38900 -0.433007
39000 -0.485974
39100 -0.492173
39200 -0.495919
39300 -0.39458
39400 -0.538569
39500 -0.4997
39600 -0.401465
39700 -0.43217
39800 -0.384562
39900 -0.297676
40000 -0.436701
40100 -0.428363
40200 -0.38936
40300 -0.519101
40400 -0.419991
40500 -0.394558
40600 -0.447813
40700 -0.394571
40800 -0.450437
40900 -0.439372
41000 -0.446419
41100 -0.535508
41200 -0.425378
41300 -0.422574
41400 -0.369821
41500 -0.370188
41600 -0.455845
41700 -0.523469
41800 -0.476556
41900 -0.441474
42000 -0.51581
42100 -0.460435
42200 -0.51168
42300 -0.536752
42400 -0.39367
42500 -0.491823
42600 -0.350201
42700 -0.481706
42800 -0.4988
42900 -0.580599
43000 -0.486456
43100 -0.369407
43200 -0.457093
43300 -0.4325
43400 -0.43378
43500 -0.368145
43600 -0.408123
43700 -0.545456
43800 -0.450261
43900 -0.489493
44000 -0.448302
44100 -0.503774
44200 -0.579238
44300 -0.431752
44400 -0.440227
44500 -0.443032
44600 -0.390062
44700 -0.388905
44800 -0.399963
44900 -0.476007
45000 -0.526751
45100 -0.474673
45200 -0.391971
45300 -0.502156
45400 -0.508114
45500 -0.44312
45600 -0.513344
45700 -0.458993
45800 -0.577242
45900 -0.411007
46000 -0.48306
46100 -0.556593
46200 -0.388736
46300 -0.456208
46400 -0.501737
46500 -0.437733
46600 -0.461845
46700 -0.451481
46800 -0.43623
46900 -0.383362
47000 -0.467546
47100 -0.433162
47200 -0.4695
47300 -0.460059
47400 -0.41146
47500 -0.428326
47600 -0.433275
47700 -0.376044
47800 -0.417547
47900 -0.43151
48000 -0.519471
48100 -0.463671
48200 -0.459266
48300 -0.527945
48400 -0.490296
48500 -0.528255
48600 -0.378903
48700 -0.360947
48800 -0.438851
48900 -0.423067
49000 -0.357351
49100 -0.458003
49200 -0.483546
49300 -0.428658
49400 -0.44194
49500 -0.525011
49600 -0.446268
49700 -0.555692
49800 -0.368145
49900 -0.51117
50000 -0.54274
50100 -0.493838
50200 -0.484139
50300 -0.501654
50400 -0.470417
50500 -0.51017
50600 -0.506681
50700 -0.664168
50800 -0.643495
50900 -0.578119
51000 -0.589743
51100 -0.551036
51200 -0.450649
51300 -0.591249
51400 -0.535646
51500 -0.430449
51600 -0.542256
51700 -0.387897
51800 -0.36314
51900 -0.464079
52000 -0.452435
52100 -0.475299
52200 -0.472279
52300 -0.478898
52400 -0.475105
52500 -0.544493
52600 -0.496456
52700 -0.387791
52800 -0.407848
52900 -0.520682
53000 -0.441334
53100 -0.450017
53200 -0.394571
53300 -0.430256
53400 -0.479478
53500 -0.466391
53600 -0.450598
53700 -0.515549
53800 -0.471083
53900 -0.411255
54000 -0.393415
54100 -0.441219
54200 -0.452714
54300 -0.463758
54400 -0.567397
54500 -0.609755
54600 -0.522901
54700 -0.480957
54800 -0.514063
54900 -0.467654
55000 -0.372705
55100 -0.459148
55200 -0.382664
55300 -0.410222
55400 -0.45676
55500 -0.542764
55600 -0.546905
55700 -0.543642
55800 -0.473167
55900 -0.620915
56000 -0.445854
56100 -0.357462
56200 -0.467314
56300 -0.472614
56400 -0.508392
56500 -0.514414
56600 -0.455666
56700 -0.460099
56800 -0.402204
56900 -0.43167
57000 -0.526734
57100 -0.452061
57200 -0.481875
57300 -0.496711
57400 -0.403207
57500 -0.463709
57600 -0.419902
57700 -0.44098
57800 -0.486036
57900 -0.532752
58000 -0.39129
58100 -0.422264
58200 -0.557238
58300 -0.370266
58400 -0.471343
58500 -0.571796
58600 -0.503757
58700 -0.491469
58800 -0.461026
58900 -0.420903
59000 -0.590217
59100 -0.436712
59200 -0.426468
59300 -0.391858
59400 -0.45292
59500 -0.567238
59600 -0.406977
59700 -0.407667
59800 -0.253663
59900 -0.37574
60000 -0.344376
60100 -0.42583
60200 -0.482202
60300 -0.473728
60400 -0.423542
60500 -0.498941
60600 -0.509453
60700 -0.548491
60800 -0.554761
60900 -0.44811
61000 -0.485383
61100 -0.479372
61200 -0.468928
61300 -0.507355
61400 -0.523948
61500 -0.550569
61600 -0.285447
61700 -0.434605
61800 -0.584313
61900 -0.487758
62000 -0.347145
62100 -0.489835
62200 -0.469387
62300 -0.48249
62400 -0.4806
62500 -0.457875
62600 -0.483549
62700 -0.388754
62800 -0.355514
62900 -0.505937
63000 -0.598188
63100 -0.560998
63200 -0.402717
63300 -0.537247
63400 -0.552342
63500 -0.434757
63600 -0.454981
63700 -0.580024
63800 -0.596741
63900 -0.504597
64000 -0.67972
64100 -0.546623
64200 -0.514981
64300 -0.439713
64400 -0.424224
64500 -0.402553
64600 -0.546654
64700 -0.368097
64800 -0.370936
64900 -0.461086
65000 -0.420425
65100 -0.530471
65200 -0.48756
65300 -0.491589
65400 -0.485592
65500 -0.447277
65600 -0.449308
65700 -0.533445
65800 -0.420225
65900 -0.467638
66000 -0.437502
66100 -0.410637
66200 -0.489787
66300 -0.41398
66400 -0.523416
66500 -0.433115
66600 -0.483778
66700 -0.502044
66800 -0.492053
66900 -0.622758
67000 -0.557504
67100 -0.580041
67200 -0.533167
67300 -0.401876
67400 -0.369249
67500 -0.464053
67600 -0.552964
67700 -0.474443
67800 -0.430025
67900 -0.520262
68000 -0.473218
68100 -0.487528
68200 -0.445917
68300 -0.457295
68400 -0.435591
68500 -0.436569
68600 -0.455054
68700 -0.394961
68800 -0.383285
68900 -0.462496
69000 -0.583259
69100 -0.456482
69200 -0.447654
69300 -0.546035
69400 -0.509974
69500 -0.437211
69600 -0.436638
69700 -0.330725
69800 -0.367382
69900 -0.490362
70000 -0.523531
70100 -0.450419
70200 -0.486574
70300 -0.499469
70400 -0.58124
70500 -0.515358
70600 -0.570519
70700 -0.470344
70800 -0.520911
70900 -0.574204
71000 -0.468874
71100 -0.509688
71200 -0.452172
71300 -0.444122
71400 -0.4063
71500 -0.496341
71600 -0.474676
71700 -0.39319
71800 -0.408774
71900 -0.421091
72000 -0.346449
72100 -0.337536
72200 -0.368688
72300 -0.474147
72400 -0.437958
72500 -0.470961
72600 -0.484859
72700 -0.393197
72800 -0.571472
72900 -0.34707
73000 -0.346994
73100 -0.399293
73200 -0.41762
73300 -0.395831
73400 -0.525194
73500 -0.382697
73600 -0.454828
73700 -0.478025
73800 -0.434018
73900 -0.469532
74000 -0.412887
74100 -0.49597
74200 -0.44452
74300 -0.326015
74400 -0.465149
74500 -0.450157
74600 -0.510744
74700 -0.518776
74800 -0.4405
74900 -0.514326
75000 -0.617274
75100 -0.503955
75200 -0.514502
75300 -0.452365
75400 -0.464277
75500 -0.446082
75600 -0.399417
75700 -0.400486
75800 -0.433961
75900 -0.476774
76000 -0.435898
76100 -0.473229
76200 -0.466237
76300 -0.475809
76400 -0.463032
76500 -0.456732
76600 -0.483424
76700 -0.461223
76800 -0.506401
76900 -0.361907
77000 -0.472404
77100 -0.44059
77200 -0.53027
77300 -0.613071
77400 -0.608658
77500 -0.593241
77600 -0.514848
77700 -0.463393
77800 -0.524621
77900 -0.345376
78000 -0.38736
78100 -0.430033
78200 -0.537127
78300 -0.584808
78400 -0.585474
78500 -0.45547
78600 -0.461672
78700 -0.467775
78800 -0.428134
78900 -0.467817
79000 -0.446605
79100 -0.488592
79200 -0.430274
79300 -0.485564
79400 -0.497822
79500 -0.476852
79600 -0.54899
79700 -0.515173
79800 -0.37755
79900 -0.40979
80000 -0.522573
80100 -0.536537
80200 -0.575486
80300 -0.443938
80400 -0.477956
80500 -0.462872
80600 -0.410275
80700 -0.459548
80800 -0.459585
80900 -0.401528
81000 -0.570146
81100 -0.503374
81200 -0.420656
81300 -0.392677
81400 -0.431903
81500 -0.48161
81600 -0.372348
81700 -0.429101
81800 -0.434792
81900 -0.366966
82000 -0.31553
82100 -0.447126
82200 -0.551966
82300 -0.513239
82400 -0.428508
82500 -0.454253
82600 -0.445941
82700 -0.556781
82800 -0.560821
82900 -0.458218
83000 -0.417389
83100 -0.465998
83200 -0.486254
83300 -0.43821
83400 -0.49037
83500 -0.401967
83600 -0.507128
83700 -0.52765
83800 -0.352977
83900 -0.412003
84000 -0.418624
84100 -0.387638
84200 -0.346006
84300 -0.475708
84400 -0.445964
84500 -0.409967
84600 -0.455577
84700 -0.41269
84800 -0.39681
84900 -0.406912
85000 -0.356983
85100 -0.467269
85200 -0.551464
85300 -0.491027
85400 -0.50345
85500 -0.419722
85600 -0.465806
85700 -0.547792
85800 -0.500288
85900 -0.530074
86000 -0.398754
86100 -0.418968
86200 -0.536271
86300 -0.5567
86400 -0.416866
86500 -0.441865
86600 -0.567116
86700 -0.445589
86800 -0.410386
86900 -0.416001
87000 -0.513482
87100 -0.582022
87200 -0.515568
87300 -0.595392
87400 -0.561278
87500 -0.450174
87600 -0.350354
87700 -0.521137
87800 -0.503319
87900 -0.513732
88000 -0.46035
88100 -0.381034
88200 -0.526334
88300 -0.445809
88400 -0.409678
88500 -0.525714
88600 -0.46639
88700 -0.416095
88800 -0.499579
88900 -0.482266
89000 -0.428166
89100 -0.59723
89200 -0.496693
89300 -0.504939
89400 -0.418924
89500 -0.464418
89600 -0.415476
89700 -0.542119
89800 -0.547803
89900 -0.447843
90000 -0.410276
90100 -0.498902
90200 -0.460613
90300 -0.422673
90400 -0.480232
90500 -0.499258
90600 -0.448585
90700 -0.465705
90800 -0.414222
90900 -0.402125
91000 -0.406198
91100 -0.498688
91200 -0.55172
91300 -0.418207
91400 -0.512106
91500 -0.528576
91600 -0.505985
91700 -0.467779
91800 -0.461629
91900 -0.39076
92000 -0.462768
92100 -0.485401
92200 -0.412091
92300 -0.497963
92400 -0.440538
92500 -0.44374
92600 -0.450228
92700 -0.510597
92800 -0.459515
92900 -0.445371
93000 -0.446685
93100 -0.499841
93200 -0.39444
93300 -0.530584
93400 -0.340377
93500 -0.505245
93600 -0.530965
93700 -0.422353
93800 -0.531175
93900 -0.516874
94000 -0.523294
94100 -0.486363
94200 -0.453367
94300 -0.444518
94400 -0.435126
94500 -0.514785
94600 -0.554294
94700 -0.496227
94800 -0.413053
94900 -0.478431
95000 -0.491031
95100 -0.401928
95200 -0.540475
95300 -0.412284
95400 -0.510828
95500 -0.461063
95600 -0.374397
95700 -0.474488
95800 -0.414009
95900 -0.470636
96000 -0.451017
96100 -0.478299
96200 -0.496182
96300 -0.490351
96400 -0.454874
96500 -0.39084
96600 -0.514431
96700 -0.50245
96800 -0.419918
96900 -0.622746
97000 -0.422745
97100 -0.404744
97200 -0.432529
97300 -0.388352
97400 -0.403141
97500 -0.422685
97600 -0.543621
97700 -0.543707
97800 -0.430841
97900 -0.418736
98000 -0.470879
98100 -0.444485
98200 -0.497376
98300 -0.526833
98400 -0.544156
98500 -0.464023
98600 -0.436964
98700 -0.375208
98800 -0.490295
98900 -0.421634
99000 -0.491291
99100 -0.444017
99200 -0.357684
99300 -0.484441
99400 -0.421106
99500 -0.390347
99600 -0.321062
99700 -0.466903
99800 -0.482039
99900 -0.421894
