0 -0.474949
100 -0.447583
200 -0.560987
300 -0.478828
400 -0.627575
500 -0.525021
600 -0.490945
700 -0.568002
800 -0.497314
900 -0.523611
1000 -0.594881
1100 -0.473348
1200 -0.602713
1300 -0.568068
1400 -0.452477
1500 -0.614218
1600 -0.61483
1700 -0.592758
1800 -0.534903
1900 -0.50292
2000 -0.634759
2100 -0.535809
2200 -0.465014
2300 -0.5144
2400 -0.518952
2500 -0.452405
2600 -0.496496
2700 -0.509517
2800 -0.542496
2900 -0.659659
3000 -0.573104
3100 -0.614751
3200 -0.634777
3300 -0.590071
3400 -0.642615
3500 -0.568637
3600 -0.51962
3700 -0.562276
3800 -0.572969
3900 -0.540437
4000 -0.581694
4100 -0.563886
4200 -0.61546
4300 -0.578011
4400 -0.461931
4500 -0.506278
4600 -0.658267
4700 -0.578145
4800 -0.786905
4900 -0.628425
5000 -0.652011
5100 -0.598266
5200 -0.585173
5300 -0.511644
5400 -0.6047
5500 -0.462356
5600 -0.479352
5700 -0.457592
5800 -0.43304
5900 -0.400765
6000 -0.6293
6100 -0.759026
6200 -0.602289
6300 -0.596814
6400 -0.59555
6500 -0.580408
6600 -0.560806
6700 -0.529058
6800 -0.521051
6900 -0.507476
7000 -0.56199
7100 -0.560239
7200 -0.54953
7300 -0.577393
7400 -0.561839
7500 -0.497242
7600 -0.536053
7700 -0.562708
7800 -0.552583
7900 -0.684017
8000 -0.563188
8100 -0.648909
8200 -0.680839
8300 -0.634761
8400 -0.655593
8500 -0.712425
8600 -0.675916
8700 -0.723836
8800 -0.571577
8900 -0.648665
9000 -0.69177
9100 -0.614063
9200 -0.640347
9300 -0.442112
9400 -0.449364
9500 -0.620235
9600 -0.648943
9700 -0.58071
9800 -0.557011
9900 -0.564352
10000 -0.764368
10100 -0.645528
10200 -0.513026
10300 -0.580239
10400 -0.484915
10500 -0.525368
10600 -0.448448
10700 -0.489469
10800 -0.515051
10900 -0.47733
11000 -0.502753
11100 -0.525371
11200 -0.593528
11300 -0.588466
11400 -0.583984
11500 -0.594239
11600 -0.548623
11700 -0.582513
11800 -0.528274
11900 -0.545193
12000 -0.453067
12100 -0.517313
12200 -0.490361
12300 -0.487038
12400 -0.588645
12500 -0.593438
12600 -0.631719
12700 -0.717302
12800 -0.596076
12900 -0.495284
13000 -0.488797
13100 -0.519995
13200 -0.487377
13300 -0.541495
13400 -0.496934
13500 -0.532184
13600 -0.564659
13700 -0.54503
13800 -0.492307
13900 -0.558792
14000 -0.436987
14100 -0.670225
14200 -0.446349
14300 -0.546874
14400 -0.519731
14500 -0.566506
14600 -0.445086
14700 -0.577327
14800 -0.558017
14900 -0.541349
15000 -0.547281
15100 -0.55515
15200 -0.607381
15300 -0.607794
15400 -0.427965
15500 -0.606716
15600 -0.522276
15700 -0.581125
15800 -0.561386
15900 -0.798483
16000 -0.728964
16100 -0.708351
16200 -0.596078
16300 -0.677728
16400 -0.566791
16500 -0.582457
16600 -0.654585
16700 -0.760173
16800 -0.695655
16900 -0.614767
17000 -0.607936
17100 -0.624388
17200 -0.564628
17300 -0.533243
17400 -0.590769
17500 -0.647401
17600 -0.649133
17700 -0.582028
17800 -0.677016
17900 -0.609628
18000 -0.567227
18100 -0.719377
18200 -0.658768
18300 -0.612003
18400 -0.429422
18500 -0.536904
18600 -0.555859
18700 -0.5783
18800 -0.629236
18900 -0.552813
19000 -0.606524
19100 -0.544291
19200 -0.510715
19300 -0.518188
19400 -0.533932
19500 -0.557767
19600 -0.598702
19700 -0.562885
19800 -0.535557
19900 -0.531006
20000 -0.663628
20100 -0.66124
20200 -0.596547
20300 -0.483749
20400 -0.533574
20500 -0.585071
20600 -0.582634
20700 -0.558021
20800 -0.455766
20900 -0.580847
21000 -0.381664
21100 -0.447977
21200 -0.516176
21300 -0.624714
21400 -0.57448
21500 -0.566262
21600 -0.425774
21700 -0.449111
21800 -0.451469
21900 -0.62353
22000 -0.507864
22100 -0.447547
22200 -0.470508
22300 -0.484831
22400 -0.54952
22500 -0.553625
22600 -0.540901
22700 -0.692581
22800 -0.518638
22900 -0.661062
23000 -0.617755
23100 -0.522682
23200 -0.541433
23300 -0.488855
23400 -0.577835
23500 -0.47316
23600 -0.474067
23700 -0.466102
23800 -0.54212
23900 -0.463751
24000 -0.499418
24100 -0.473832
24200 -0.512773
24300 -0.675218
24400 -0.525246
24500 -0.600337
24600 -0.510235
24700 -0.480063
24800 -0.58118
24900 -0.504397
25000 -0.507928
25100 -0.536083
25200 -0.617627
25300 -0.506109
25400 -0.517753
25500 -0.581718
25600 -0.589094
25700 -0.531356
25800 -0.632376
25900 -0.671313
26000 -0.562952
26100 -0.588749
26200 -0.598685
26300 -0.665922
26400 -0.626765
26500 -0.509507
26600 -0.600114
26700 -0.584798
26800 -0.480446
26900 -0.590885
27000 -0.567085
27100 -0.552502
27200 -0.582972
27300 -0.520294
27400 -0.4634
27500 -0.395956
27600 -0.63229
27700 -0.546967
27800 -0.515837
27900 -0.413792
28000 -0.612558
28100 -0.433444
28200 -0.572766
28300 -0.629898
28400 -0.468903
28500 -0.460354
28600 -0.399748
28700 -0.515198
28800 -0.565261
28900 -0.481384
29000 -0.453866
29100 -0.530242
29200 -0.556804
29300 -0.637136
29400 -0.5904
29500 -0.541059
29600 -0.563854
29700 -0.544375
29800 -0.590201
29900 -0.772692
30000 -0.587009
30100 -0.589896
30200 -0.664042
30300 -0.6409
30400 -0.449085
30500 -0.610388
30600 -0.483937
30700 -0.530139
30800 -0.479845
30900 -0.528371
31000 -0.481217
31100 -0.584016
31200 -0.594214
31300 -0.625016
31400 -0.560718
31500 -0.619315
31600 -0.483183
31700 -0.470265
31800 -0.533622
31900 -0.641457
32000 -0.502142
32100 -0.533631
32200 -0.477294
32300 -0.523468
32400 -0.723148
32500 -0.580593
32600 -0.575859
32700 -0.466495
32800 -0.578531
32900 -0.526024
33000 -0.503157
33100 -0.567192
33200 -0.613825
33300 -0.629103
33400 -0.455447
33500 -0.463293
33600 -0.608877
33700 -0.583867
33800 -0.465704
33900 -0.476571
34000 -0.645799
34100 -0.571303
34200 -0.393092
34300 -0.628304
34400 -0.467495
34500 -0.623309
34600 -0.510921
34700 -0.539193
34800 -0.695931
34900 -0.65193
35000 -0.57267
35100 -0.438872
35200 -0.550403
35300 -0.593534
35400 -0.514492
35500 -0.417845
35600 -0.512176
35700 -0.4997
35800 -0.659478
35900 -0.584078
36000 -0.558177
36100 -0.524549
36200 -0.502673
36300 -0.52841
36400 -0.577017
36500 -0.522508
36600 -0.539752
36700 -0.549032
36800 -0.551166
36900 -0.586844
37000 -0.737506
37100 -0.771436
37200 -0.472148
37300 -0.613386
37400 -0.766163
37500 -0.60038
37600 -0.626972
37700 -0.472169
37800 -0.55876
37900 -0.462368
38000 -0.484357
38100 -0.699707
38200 -0.532628
38300 -0.534822
38400 -0.504288
38500 -0.691089
38600 -0.636966
38700 -0.760294
38800 -0.71611
38900 -0.849485
39000 -0.649404
39100 -0.588109
39200 -0.454787
39300 -0.561773
39400 -0.528471
39500 -0.531501
39600 -0.588424
39700 -0.6395
39800 -0.578452
39900 -0.668304
40000 -0.682571
40100 -0.530036
40200 -0.505264
40300 -0.55894
40400 -0.454719
40500 -0.450917
40600 -0.539669
40700 -0.560004
40800 -0.576201
40900 -0.526985
41000 -0.5928
41100 -0.475179
41200 -0.56119
41300 -0.590817
41400 -0.639801
41500 -0.58919
41600 -0.601631
41700 -0.546342
41800 -0.557186
41900 -0.530801
42000 -0.547648
42100 -0.572817
42200 -0.502614
42300 -0.464614
42400 -0.415696
42500 -0.480729
42600 -0.507219
42700 -0.560824
42800 -0.475401
42900 -0.590557
43000 -0.533702
43100 -0.512657
43200 -0.560315
43300 -0.49529
43400 -0.585225
43500 -0.59232
43600 -0.471816
43700 -0.542886
43800 -0.497451
43900 -0.549224
44000 -0.491725
44100 -0.570837
44200 -0.465654
44300 -0.454691
44400 -0.492934
44500 -0.65102
44600 -0.721616
44700 -0.675802
44800 -0.55472
44900 -0.64154
45000 -0.639449
45100 -0.611769
45200 -0.498575
45300 -0.556221
45400 -0.485503
45500 -0.634469
45600 -0.472449
45700 -0.491773
45800 -0.574371
45900 -0.44023
46000 -0.531364
46100 -0.635589
46200 -0.647452
46300 -0.570499
46400 -0.38918
46500 -0.5435
46600 -0.606879
46700 -0.592556
46800 -0.592068
46900 -0.537981
47000 -0.60248
47100 -0.47935
47200 -0.587738
47300 -0.654707
47400 -0.522871
47500 -0.610698
47600 -0.642435
47700 -0.478389
47800 -0.503109
47900 -0.648047
48000 -0.555151
48100 -0.488969
48200 -0.600491
48300 -0.561396
48400 -0.475029
48500 -0.494049
48600 -0.62028
48700 -0.550811
48800 -0.669053
48900 -0.634095
49000 -0.616052
49100 -0.702661
49200 -0.623227
49300 -0.619532
49400 -0.712021
49500 -0.524473
49600 -0.650442
49700 -0.67288
49800 -0.70236
49900 -0.680585
50000 -0.70938
50100 -0.584302
50200 -0.476086
50300 -0.414762
50400 -0.376612
50500 -0.499755
50600 -0.540951
50700 -0.534172
50800 -0.605104
50900 -0.58122
51000 -0.718359
51100 -0.569643
51200 -0.781292
51300 -0.575084
51400 -0.665366
51500 -0.53646
51600 -0.554276
51700 -0.650845
51800 -0.520938
51900 -0.70812
52000 -0.655329
52100 -0.756073
52200 -0.579483
52300 -0.711725
52400 -0.627031
52500 -0.635507
52600 -0.767167
52700 -0.675029
52800 -0.574624
52900 -0.585216
53000 -0.688934
53100 -0.554682
53200 -0.663992
53300 -0.501533
53400 -0.533686
53500 -0.51113
53600 -0.581654
53700 -0.598992
53800 -0.573069
53900 -0.68155
54000 -0.610504
54100 -0.700592
54200 -0.575738
54300 -0.621584
54400 -0.736869
54500 -0.567207
54600 -0.58689
54700 -0.541069
54800 -0.616076
54900 -0.605591
55000 -0.64175
55100 -0.628607
55200 -0.641852
55300 -0.522365
55400 -0.639193
55500 -0.525692
55600 -0.534104
55700 -0.560982
55800 -0.645225
55900 -0.484043
56000 -0.458221
56100 -0.711244
56200 -0.516972
56300 -0.488837
56400 -0.446727
56500 -0.577746
56600 -0.460691
56700 -0.496508
56800 -0.551331
56900 -0.662206
57000 -0.543269
57100 -0.59859
57200 -0.497034
57300 -0.370046
57400 -0.457171
57500 -0.522395
57600 -0.510513
57700 -0.618121
57800 -0.481753
57900 -0.581095
58000 -0.506546
58100 -0.489352
58200 -0.522586
58300 -0.569328
58400 -0.378558
58500 -0.516771
58600 -0.523746
58700 -0.504839
58800 -0.609824
58900 -0.779549
59000 -0.503792
59100 -0.478346
59200 -0.676471
59300 -0.607164
59400 -0.550329
59500 -0.566738
59600 -0.624546
59700 -0.597662
59800 -0.573898
59900 -0.512133
60000 -0.519046
60100 -0.549432
60200 -0.456395
60300 -0.472333
60400 -0.488371
60500 -0.464028
60600 -0.565502
60700 -0.433823
60800 -0.715885
60900 -0.622381
61000 -0.64039
61100 -0.640055
61200 -0.520151
61300 -0.581213
61400 -0.689337
61500 -0.528284
61600 -0.502272
61700 -0.525341
61800 -0.49033
61900 -0.521325
62000 -0.471426
62100 -0.556156
62200 -0.449695
62300 -0.54679
62400 -0.600458
62500 -0.607208
62600 -0.482451
62700 -0.587357
62800 -0.646015
62900 -0.534631
63000 -0.610289
63100 -0.676153
63200 -0.579137
63300 -0.681271
63400 -0.616632
63500 -0.56156
63600 -0.686375
63700 -0.581457
63800 -0.538881
63900 -0.600397
64000 -0.49845
64100 -0.623345
64200 -0.719593
64300 -0.567267
64400 -0.596707
64500 -0.5617
64600 -0.574298
64700 -0.433622
64800 -0.586418
64900 -0.548423
65000 -0.614081
65100 -0.544531
65200 -0.589021
65300 -0.676443
65400 -0.520353
65500 -0.465374
65600 -0.54387
65700 -0.630167
65800 -0.650197
65900 -0.516019
66000 -0.614556
66100 -0.674148
66200 -0.77846
66300 -0.739325
66400 -0.834496
66500 -0.549417
66600 -0.501076
66700 -0.495196
66800 -0.492121
66900 -0.631306
67000 -0.621416
67100 -0.554235
67200 -0.554796
67300 -0.470412
67400 -0.611063
67500 -0.532828
67600 -0.4576
67700 -0.519662
67800 -0.519045
67900 -0.514223
68000 -0.571202
68100 -0.48218
68200 -0.487371
68300 -0.511735
68400 -0.618346
68500 -0.540366
68600 -0.541379
68700 -0.566431
68800 -0.609753
68900 -0.47611
69000 -0.545974
69100 -0.487946
69200 -0.551599
69300 -0.395053
69400 -0.586719
69500 -0.48823
69600 -0.592768
69700 -0.635961
69800 -0.61457
69900 -0.485307
70000 -0.545181
70100 -0.607891
70200 -0.524554
70300 -0.543454
70400 -0.486983
70500 -0.437463
70600 -0.613847
70700 -0.510495
70800 -0.411225
70900 -0.556875
71000 -0.535811
71100 -0.644251
71200 -0.662003
71300 -0.648585
71400 -0.726833
71500 -0.582022
71600 -0.603813
71700 -0.51599
71800 -0.666842
71900 -0.644746
72000 -0.640452
72100 -0.584562
72200 -0.494578
72300 -0.511417
72400 -0.516135
72500 -0.565853
72600 -0.546073
72700 -0.5582
72800 -0.653521
72900 -0.475552
73000 -0.587824
73100 -0.629401
73200 -0.580393
73300 -0.572852
73400 -0.620502
73500 -0.576586
73600 -0.495647
73700 -0.663575
73800 -0.548336
73900 -0.694484
74000 -0.761131
74100 -0.581833
74200 -0.630183
74300 -0.55002
74400 -0.668891
74500 -0.650725
74600 -0.638015
74700 -0.699579
74800 -0.497389
74900 -0.55911
75000 -0.569387
75100 -0.649429
75200 -0.502207
75300 -0.630501
75400 -0.624252
75500 -0.511167
75600 -0.57463
75700 -0.615109
75800 -0.460227
75900 -0.467462
76000 -0.401134
76100 -0.486141
76200 -0.555642
76300 -0.569174
76400 -0.519361
76500 -0.64848
76600 -0.572308
76700 -0.586353
76800 -0.625808
76900 -0.63438
77000 -0.457492
77100 -0.544216
77200 -0.375673
77300 -0.533131
77400 -0.488595
77500 -0.659602
77600 -0.545993
77700 -0.640488
77800 -0.670692
77900 -0.574702
78000 -0.549773
78100 -0.60327
78200 -0.704582
78300 -0.479244
78400 -0.594738
78500 -0.648737
78600 -0.741578
78700 -0.652512
78800 -0.526773
78900 -0.565849
79000 -0.508403
79100 -0.508435
79200 -0.601832
79300 -0.640489
79400 -0.544279
79500 -0.548633
79600 -0.501163
79700 -0.642635
79800 -0.531067
79900 -0.576878
80000 -0.613799
80100 -0.538381
80200 -0.561716
80300 -0.514247
80400 -0.545422
80500 -0.622435
80600 -0.468839
80700 -0.521328
80800 -0.597077
80900 -0.476054
81000 -0.481496
81100 -0.653642
81200 -0.674906
81300 -0.620905
81400 -0.652713
81500 -0.729535
81600 -0.646936
81700 -0.632936
81800 -0.574453
81900 -0.57333
82000 -0.536506
82100 -0.603379
82200 -0.515215
82300 -0.615313
82400 -0.47409
82500 -0.524447
82600 -0.53481
82700 -0.565742
82800 -0.51074
82900 -0.530814
83000 -0.515887
83100 -0.517655
83200 -0.558174
83300 -0.59977
83400 -0.633558
83500 -0.532537
83600 -0.532592
83700 -0.559382
83800 -0.594042
83900 -0.571799
84000 -0.486418
84100 -0.604677
84200 -0.619723
84300 -0.600905
84400 -0.611177
84500 -0.493347
84600 -0.599968
84700 -0.579949
84800 -0.640948
84900 -0.643383
85000 -0.715334
85100 -0.520946
85200 -0.487482
85300 -0.620375
85400 -0.62466
85500 -0.651759
85600 -0.547652
85700 -0.668487
85800 -0.557168
85900 -0.642965
86000 -0.608775
86100 -0.593394
86200 -0.551144
86300 -0.48086
86400 -0.47139
86500 -0.643204
86600 -0.614467
86700 -0.548068
86800 -0.478061
86900 -0.560952
87000 -0.517684
87100 -0.604438
87200 -0.687329
87300 -0.586628
87400 -0.569658
87500 -0.653259
87600 -0.599349
87700 -0.665282
87800 -0.430515
87900 -0.546544
88000 -0.481464
88100 -0.561975
88200 -0.513642
88300 -0.584704
88400 -0.494425
88500 -0.498908
88600 -0.414127
88700 -0.639357
88800 -0.482517
88900 -0.522641
89000 -0.553272
89100 -0.592282
89200 -0.521673
89300 -0.523994
89400 -0.553406
89500 -0.558532
89600 -0.501144
89700 -0.558256
89800 -0.504249
89900 -0.569916
90000 -0.520272
90100 -0.589422
90200 -0.609222
90300 -0.736639
90400 -0.574405
90500 -0.564345
90600 -0.474104
90700 -0.471291
90800 -0.509521
90900 -0.529369
91000 -0.411584
91100 -0.471
91200 -0.475695
91300 -0.663573
91400 -0.437058
91500 -0.628042
91600 -0.503723
91700 -0.496579
91800 -0.475463
91900 -0.601414
92000 -0.458566
92100 -0.538455
92200 -0.537921
92300 -0.402137
92400 -0.675885
92500 -0.527312
92600 -0.489549
92700 -0.637693
92800 -0.565965
92900 -0.65309
93000 -0.601117
93100 -0.570611
93200 -0.547646
93300 -0.591983
93400 -0.556385
93500 -0.571764
93600 -0.68654
93700 -0.644696
93800 -0.657277
93900 -0.648586
94000 -0.488512
94100 -0.514878
94200 -0.557092
94300 -0.476182
94400 -0.516665
94500 -0.560126
94600 -0.540632
94700 -0.530122
94800 -0.558092
94900 -0.509032
95000 -0.558475
95100 -0.452764
95200 -0.414369
95300 -0.512999
95400 -0.628803
95500 -0.643036
95600 -0.628468
95700 -0.480914
95800 -0.594695
95900 -0.664076
96000 -0.582097
96100 -0.551588
96200 -0.72417
96300 -0.587595
96400 -0.524345
96500 -0.485616
96600 -0.599066
96700 -0.583091
96800 -0.494178
96900 -0.554988
97000 -0.47544
97100 -0.566307
97200 -0.575486
97300 -0.571655
97400 -0.513978
97500 -0.65637
97600 -0.568644
97700 -0.670251
97800 -0.43094
97900 -0.63917
98000 -0.617987
98100 -0.440952
98200 -0.511649
98300 -0.521168
98400 -0.597578
98500 -0.574467
98600 -0.577102
98700 -0.507241
98800 -0.478611
98900 -0.419339
99000 -0.496881
99100 -0.358352
99200 -0.546874
99300 -0.482645
99400 -0.615068
99500 -0.639608
99600 -0.626677
99700 -0.670292
99800 -0.528788
99900 -0.414589
