0 -1.92111
100 -1.82643
200 -1.91854
300 -1.97833
400 -2.02896
500 -1.96632
600 -1.912
700 -1.81909
800 -1.92356
900 -2.03711
1000 -1.92585
1100 -2.0124
1200 -2.11325
1300 -1.9204
1400 -1.96162
1500 -1.90469
1600 -1.93797
1700 -2.03438
1800 -1.9946
1900 -2.04817
2000 -1.98548
2100 -1.91395
2200 -1.9895
2300 -2.01921
2400 -1.97749
2500 -2.0012
2600 -1.97805
2700 -1.81676
2800 -1.95934
2900 -1.9193
3000 -1.97988
3100 -2.0565
3200 -1.98243
3300 -1.90715
3400 -1.9009
3500 -1.95429
3600 -1.96707
3700 -1.86698
3800 -2.03607
3900 -2.04935
4000 -1.9893
4100 -1.95182
4200 -2.00188
4300 -2.10376
4400 -1.96526
4500 -1.88852
4600 -1.85596
4700 -1.92805
4800 -1.95029
4900 -1.99584
5000 -2.00882
5100 -1.99515
5200 -1.95863
5300 -1.92784
5400 -2.05033
5500 -1.91142
5600 -1.95881
5700 -1.97141
5800 -1.83464
5900 -1.90348
6000 -1.99901
6100 -1.86026
6200 -1.97249
6300 -1.86325
6400 -1.9805
6500 -1.98069
6600 -1.91024
6700 -1.96806
6800 -1.9693
6900 -2.06082
7000 -1.98164
7100 -1.91734
7200 -2.00255
7300 -2.01269
7400 -1.96648
7500 -1.94891
7600 -1.95712
7700 -1.98063
7800 -2.05392
7900 -1.94673
8000 -1.99109
8100 -2.06109
8200 -1.95605
8300 -1.99509
8400 -1.93088
8500 -2.04992
8600 -1.92479
8700 -1.91092
8800 -1.87632
8900 -1.83366
9000 -2.05264
9100 -2.00617
9200 -2.03576
9300 -1.97107
9400 -1.88279
9500 -2.03097
9600 -2.00416
9700 -1.94565
9800 -2.01013
9900 -2.01044
10000 -1.99654
10100 -1.87441
10200 -2.01191
10300 -1.94873
10400 -2.03598
10500 -1.88679
10600 -2.01569
10700 -1.94366
10800 -2.01957
10900 -2.08959
11000 -2.04525
11100 -1.93299
11200 -2.01543
11300 -1.91817
11400 -1.97661
11500 -1.91676
11600 -1.99631
11700 -1.87821
11800 -1.88274
11900 -2.00287
12000 -1.95992
12100 -1.83601
12200 -2.00736
12300 -1.99072
12400 -1.8975
12500 -1.96967
12600 -1.999
12700 -1.97325
12800 -1.93305
12900 -1.96956
13000 -1.99743
13100 -1.94377
13200 -2.04208
13300 -1.94185
13400 -1.98483
13500 -1.99958
13600 -2.02093
13700 -1.9712
13800 -1.95514
13900 -1.8864
14000 -1.92506
14100 -1.98123
14200 -1.92274
14300 -1.91391
14400 -1.96604
14500 -1.91885
14600 -2.08884
14700 -1.99348
14800 -2.00501
14900 -1.93965
15000 -1.93424
15100 -1.98301
15200 -1.98385
15300 -1.98505
15400 -2.01941
15500 -2.00898
15600 -2.00045
15700 -1.95326
15800 -2.00548
15900 -1.88048
16000 -2.0036
16100 -2.03676
16200 -2.07979
16300 -1.92758
16400 -1.92692
16500 -1.91868
16600 -1.96458
16700 -1.99334
16800 -2.01732
16900 -1.95858
17000 -1.99248
17100 -2.00409
17200 -1.93581
17300 -1.90993
17400 -1.94942
17500 -1.96263
17600 -1.95733
17700 -1.89676
17800 -2.01806
17900 -1.92951
18000 -1.97905
18100 -1.88462
18200 -2.0355
18300 -1.99704
18400 -1.94605
18500 -1.94106
18600 -2.0054
18700 -1.84697
18800 -1.96965
18900 -1.94429
19000 -2.02568
19100 -1.85631
19200 -2.0434
19300 -2.00039
19400 -1.96776
19500 -1.91929
19600 -1.94174
19700 -1.84923
19800 -2.02279
19900 -1.88272
20000 -2.06242
20100 -2.03058
20200 -1.96683
20300 -2.01817
20400 -1.93046
20500 -1.87537
20600 -1.93992
20700 -1.98433
20800 -2.01515
20900 -2.07998
21000 -1.99292
21100 -1.90596
21200 -1.91812
21300 -1.99876
21400 -1.98072
21500 -2.00029
21600 -1.89966
21700 -1.97597
21800 -1.91175
21900 -1.9588
22000 -1.96546
22100 -1.91738
22200 -1.88954
22300 -2.06704
22400 -1.90483
22500 -1.98993
22600 -2.05362
22700 -1.93914
22800 -1.94558
22900 -1.98838
23000 -1.93308
23100 -1.96558
23200 -1.95618
23300 -1.96453
23400 -2.01582
23500 -2.00581
23600 -2.04568
23700 -1.88609
23800 -1.90849
23900 -2.02042
24000 -2.00979
24100 -1.92288
24200 -1.94775
24300 -1.92432
24400 -1.90874
24500 -2.01279
24600 -1.73526
24700 -1.95217
24800 -1.93894
24900 -2.05545
25000 -1.94424
25100 -1.97912
25200 -1.97543
25300 -1.94693
25400 -2.0072
25500 -1.83103
25600 -1.87422
25700 -1.8585
25800 -1.94726
25900 -2.02078
26000 -2.01997
26100 -2.0115
26200 -1.97651
26300 -1.89263
26400 -2.02839
26500 -1.90456
26600 -2.04369
26700 -1.89749
26800 -1.92443
26900 -1.95516
27000 -1.95334
27100 -1.96928
27200 -1.94284
27300 -1.94435
27400 -1.89453
27500 -1.96338
27600 -1.85055
27700 -1.99542
27800 -1.81324
27900 -1.94793
28000 -2.08669
28100 -1.99565
28200 -1.96308
28300 -2.08659
28400 -1.87053
28500 -1.88847
28600 -1.99014
28700 -1.9683
28800 -1.99086
28900 -1.98839
29000 -2.06268
29100 -2.01391
29200 -1.952
29300 -1.89563
29400 -1.83631
29500 -1.93623
29600 -2.02515
29700 -1.98337
29800 -1.95159
29900 -1.88125
30000 -1.98246
30100 -1.97826
30200 -1.9319
30300 -1.84924
30400 -2.11869
30500 -2.07307
30600 -1.98558
30700 -1.95171
30800 -1.94704
30900 -1.9723
31000 -1.85459
31100 -2.00896
31200 -1.87149
31300 -1.92669
31400 -1.92463
31500 -1.92681
31600 -1.88892
31700 -1.83412
31800 -1.9863
31900 -2.0349
32000 -2.03285
32100 -2.07057
32200 -2.05716
32300 -2.02394
32400 -1.98724
32500 -2.01143
32600 -1.94702
32700 -2.04123
32800 -2.06715
32900 -2.03699
33000 -1.94795
33100 -1.94529
33200 -2.02556
33300 -1.98069
33400 -2.00508
33500 -1.87273
33600 -1.92893
33700 -1.96099
33800 -1.71825
33900 -1.93258
34000 -2.0074
34100 -1.95348
34200 -2.0163
34300 -2.01936
34400 -1.96171
34500 -1.96978
34600 -1.92026
34700 -1.98571
34800 -1.94807
34900 -1.91141
35000 -1.92581
35100 -1.95675
35200 -2.00447
35300 -2.01262
35400 -2.02046
35500 -1.94123
35600 -2.06549
35700 -1.89187
35800 -1.92208
35900 -1.98457
36000 -1.8679
36100 -1.98423
36200 -1.94526
36300 -1.92298
36400 -2.07607
36500 -2.00886
36600 -2.02142
36700 -1.99326
36800 -1.9556
36900 -1.94091
37000 -2.0154
37100 -1.89829
37200 -2.01087
37300 -1.95556
37400 -2.00833
37500 -1.98135
37600 -1.88818
37700 -2.04773
37800 -1.92644
37900 -2.07587
38000 -1.87435
38100 -1.97771
38200 -1.89626
38300 -2.03678
38400 -2.03248
38500 -1.96089
38600 -1.90422
38700 -1.97322
38800 -1.91886
38900 -2.00113
39000 -2.05976
39100 -1.91704
39200 -1.97983
39300 -1.96483
39400 -1.84273
39500 -1.90801
39600 -1.86713
39700 -1.94034
39800 -1.9761
39900 -2.03037
40000 -1.93874
40100 -1.96949
40200 -1.91188
40300 -1.89814
40400 -1.98181
40500 -2.02225
40600 -1.99703
40700 -1.92639
40800 -1.92061
40900 -1.94964
41000 -1.96552
41100 -1.93069
41200 -1.96551
41300 -1.92435
41400 -1.99188
41500 -1.90287
41600 -1.89604
41700 -1.91471
41800 -1.92157
41900 -2.00244
42000 -1.89317
42100 -2.05405
42200 -2.00818
42300 -1.97048
42400 -2.00514
42500 -2.06032
42600 -2.0084
42700 -1.94889
42800 -1.94898
42900 -1.90891
43000 -1.88586
43100 -1.91073
43200 -2.01176
43300 -1.93147
43400 -1.92778
43500 -2.01323
43600 -1.97367
43700 -1.93903
43800 -1.94483
43900 -1.98487
44000 -2.05485
44100 -1.96123
44200 -1.99388
44300 -1.96743
44400 -1.91328
44500 -2.08453
44600 -2.01776
44700 -2.00839
44800 -1.89939
44900 -1.96392
45000 -1.82694
45100 -1.96027
45200 -1.97422
45300 -2.05518
45400 -1.97017
45500 -1.94413
45600 -1.96049
45700 -2.01026
45800 -1.93787
45900 -1.92265
46000 -2.04985
46100 -2.0515
46200 -2.02821
46300 -1.96742
46400 -2.06022
46500 -1.89719
46600 -2.05975
46700 -1.95783
46800 -1.95442
46900 -2.06447
47000 -1.99067
47100 -2.02697
47200 -1.96989
47300 -1.97233
47400 -1.92425
47500 -2.00411
47600 -2.01192
47700 -1.85459
47800 -1.83854
47900 -1.96855
48000 -1.95054
48100 -2.00032
48200 -2.05984
48300 -1.96139
48400 -1.93348
48500 -1.95741
48600 -2.03976
48700 -2.0684
48800 -1.9128
48900 -1.95682
49000 -1.99522
49100 -2.00834
49200 -1.97552
49300 -1.91421
49400 -2.01385
49500 -1.91609
49600 -2.00626
49700 -1.92135
49800 -1.95454
49900 -1.91451
50000 -2.02034
50100 -1.95476
50200 -1.95468
50300 -1.92342
50400 -2.02761
50500 -1.92138
50600 -2.00747
50700 -2.0201
50800 -1.96855
50900 -1.99665
51000 -1.9878
51100 -2.03623
51200 -2.04656
51300 -1.93332
51400 -1.99472
51500 -1.91355
51600 -1.88248
51700 -1.92045
51800 -1.92541
51900 -1.98507
52000 -1.98576
52100 -1.97104
52200 -1.94897
52300 -1.96947
52400 -1.94979
52500 -2.01103
52600 -1.98892
52700 -1.94379
52800 -1.91476
52900 -2.01416
53000 -1.97474
53100 -1.88602
53200 -1.9989
53300 -1.92045
53400 -1.91797
53500 -1.80264
53600 -1.94271
53700 -1.93603
53800 -1.99289
53900 -1.87298
54000 -1.96581
54100 -1.99189
54200 -1.96188
54300 -1.95748
54400 -2.04993
54500 -1.93128
54600 -1.88961
54700 -1.77542
54800 -1.93158
54900 -1.93936
55000 -2.06163
55100 -1.86782
55200 -1.95324
55300 -1.92221
55400 -2.03298
55500 -1.98999
55600 -2.01816
55700 -1.96981
55800 -2.07372
55900 -1.98064
56000 -2.00077
56100 -1.83309
56200 -2.00995
56300 -2.07692
56400 -1.89955
56500 -2.03483
56600 -2.06995
56700 -1.96809
56800 -2.05743
56900 -2.03347
57000 -2.00427
57100 -1.9833
57200 -1.91264
57300 -2.00892
57400 -1.95225
57500 -2.04364
57600 -2.08646
57700 -1.92519
57800 -1.99625
57900 -1.9171
58000 -1.92922
58100 -1.94485
58200 -1.98204
58300 -1.92504
58400 -1.9199
58500 -1.90229
58600 -2.02681
58700 -1.95204
58800 -1.91095
58900 -1.89856
59000 -1.90187
59100 -1.94271
59200 -2.0004
59300 -1.89036
59400 -1.97579
59500 -1.9763
59600 -1.93944
59700 -1.96016
59800 -1.97194
59900 -1.95242
60000 -1.98481
60100 -1.98285
60200 -1.95855
60300 -1.98107
60400 -2.00201
60500 -2.01256
60600 -2.11899
60700 -1.97348
60800 -1.95026
60900 -1.91511
61000 -1.95768
61100 -1.88885
61200 -1.83015
61300 -1.87407
61400 -1.89083
61500 -1.98823
61600 -2.04725
61700 -1.86244
61800 -1.9752
61900 -1.96051
62000 -1.95649
62100 -1.85301
62200 -1.94146
62300 -1.82396
62400 -1.95544
62500 -1.93542
62600 -1.99872
62700 -1.91212
62800 -1.89732
62900 -2.14184
63000 -1.95691
63100 -1.93905
63200 -1.91594
63300 -1.95333
63400 -1.98412
63500 -1.82488
63600 -2.01948
63700 -2.111
63800 -1.97002
63900 -1.95319
64000 -1.9298
64100 -1.90762
64200 -2.054
64300 -1.9684
64400 -2.04539
64500 -2.04935
64600 -1.9249
64700 -2.00552
64800 -1.94462
64900 -1.92714
65000 -2.0179
65100 -1.99225
65200 -1.84808
65300 -1.96944
65400 -1.92069
65500 -1.90005
65600 -1.97854
65700 -1.88941
65800 -1.92508
65900 -1.92425
66000 -1.87251
66100 -2.07359
66200 -1.98303
66300 -1.95417
66400 -1.88134
66500 -1.88997
66600 -1.91908
66700 -1.93997
66800 -2.01465
66900 -1.91922
67000 -2.01701
67100 -1.9856
67200 -1.97497
67300 -1.91086
67400 -2.01749
67500 -2.00892
67600 -1.88292
67700 -1.99593
67800 -2.02884
67900 -1.93878
68000 -2.01982
68100 -1.97073
68200 -2.03465
68300 -1.96597
68400 -2.01263
68500 -1.9857
68600 -1.9862
68700 -1.88601
68800 -1.84665
68900 -1.94723
69000 -2.04729
69100 -1.9955
69200 -1.92548
69300 -1.98439
69400 -2.01796
69500 -1.95854
69600 -1.98894
69700 -1.84373
69800 -1.91512
69900 -2.00198
70000 -2.0462
70100 -1.97915
70200 -1.90115
70300 -1.9182
70400 -1.95945
70500 -1.97959
70600 -1.84484
70700 -1.99313
70800 -1.94997
70900 -1.9267
71000 -1.95889
71100 -2.01262
71200 -1.98506
71300 -1.98593
71400 -1.95876
71500 -1.95719
71600 -1.87411
71700 -1.97843
71800 -2.03662
71900 -1.96119
72000 -1.94596
72100 -1.9557
72200 -2.02578
72300 -1.92616
72400 -1.92251
72500 -2.04077
72600 -1.99541
72700 -2.01583
72800 -2.04266
72900 -1.98605
73000 -1.8631
73100 -1.98281
73200 -1.96205
73300 -2.04246
73400 -1.90357
73500 -2.04531
73600 -1.97031
73700 -1.94614
73800 -1.96924
73900 -1.95724
74000 -1.9695
74100 -1.96589
74200 -2.01676
74300 -1.86957
74400 -1.87436
74500 -1.8875
74600 -2.06707
74700 -1.84767
74800 -2.00774
74900 -2.00526
75000 -1.93716
75100 -1.98691
75200 -1.88943
75300 -1.99243
75400 -1.96134
75500 -2.01408
75600 -1.94186
75700 -1.9847
75800 -1.94698
75900 -2.02878
76000 -2.01102
76100 -1.89878
76200 -1.89567
76300 -1.98902
76400 -2.02246
76500 -2.09143
76600 -2.0233
76700 -2.11428
76800 -1.9664
76900 -1.89176
77000 -1.99661
77100 -1.96175
77200 -1.87851
77300 -2.02507
77400 -1.89823
77500 -1.97686
77600 -1.89754
77700 -1.93872
77800 -2.06877
77900 -1.96425
78000 -2.00766
78100 -1.93146
78200 -1.91125
78300 -1.93991
78400 -2.01626
78500 -2.06535
78600 -2.02952
78700 -1.93177
78800 -2.10011
78900 -1.9828
79000 -2.03572
79100 -1.92543
79200 -1.98729
79300 -1.99484
79400 -1.91061
79500 -1.96191
79600 -1.94301
79700 -1.93716
79800 -1.94127
79900 -1.93561
80000 -1.87293
80100 -2.0423
80200 -1.80387
80300 -1.99385
80400 -2.10382
80500 -1.99876
80600 -1.95591
80700 -1.93674
80800 -2.03468
80900 -1.96847
81000 -2.07593
81100 -1.94472
81200 -1.79239
81300 -1.94114
81400 -2.00211
81500 -1.88864
81600 -1.95263
81700 -2.01892
81800 -1.99218
81900 -1.93182
82000 -2.00133
82100 -1.905
82200 -1.87827
82300 -1.92562
82400 -2.09719
82500 -2.01026
82600 -1.93854
82700 -2.08919
82800 -2.00977
82900 -2.01755
83000 -1.99862
83100 -2.00597
83200 -1.94691
83300 -1.97987
83400 -1.98553
83500 -1.90592
83600 -1.9303
83700 -1.97166
83800 -1.8993
83900 -1.91175
84000 -1.87879
84100 -1.96817
84200 -2.00626
84300 -1.91295
84400 -1.94682
84500 -2.09985
84600 -2.04661
84700 -1.99268
84800 -1.94456
84900 -2.07199
85000 -1.95468
85100 -1.98209
85200 -1.85864
85300 -1.99779
85400 -1.9804
85500 -2.01471
85600 -1.92834
85700 -1.95552
85800 -1.9136
85900 -2.08408
86000 -1.92939
86100 -2.0044
86200 -1.80182
86300 -1.96969
86400 -1.95852
86500 -1.98002
86600 -2.03221
86700 -2.01143
86800 -1.95332
86900 -1.97628
87000 -2.0717
87100 -1.87409
87200 -1.96092
87300 -1.84699
87400 -2.11246
87500 -1.92315
87600 -2.03373
87700 -1.96333
87800 -1.893
87900 -1.90228
88000 -1.95093
88100 -1.99015
88200 -1.96762
88300 -1.94599
88400 -1.92755
88500 -2.01113
88600 -1.91651
88700 -2.01376
88800 -1.96278
88900 -1.93793
89000 -2.04847
89100 -2.05145
89200 -1.93281
89300 -2.09801
89400 -2.04699
89500 -2.00196
89600 -1.98359
89700 -1.99008
89800 -1.97208
89900 -1.9942
90000 -1.96448
90100 -1.8961
90200 -1.97057
90300 -2.044
90400 -1.92606
90500 -1.97132
90600 -1.93752
90700 -1.9828
90800 -1.9924
90900 -2.01659
91000 -1.92028
91100 -2.05777
91200 -1.89791
91300 -1.98304
91400 -1.96399
91500 -1.93012
91600 -1.91708
91700 -1.93237
91800 -1.93257
91900 -1.91161
92000 -1.98769
92100 -1.95647
92200 -1.94665
92300 -1.97583
92400 -2.03746
92500 -2.00294
92600 -1.92349
92700 -2.02581
92800 -2.0432
92900 -2.07382
93000 -1.89292
93100 -1.94638
93200 -2.03669
93300 -1.86828
93400 -1.99431
93500 -1.86596
93600 -1.91126
93700 -1.93391
93800 -1.98604
93900 -1.97069
94000 -2.07378
94100 -2.00496
94200 -2.0133
94300 -1.89817
94400 -2.03498
94500 -2.01956
94600 -1.97125
94700 -2.01603
94800 -1.96497
94900 -2.00725
95000 -1.96819
95100 -1.95365
95200 -1.97694
95300 -2.02072
95400 -1.97768
95500 -1.95108
95600 -2.00553
95700 -1.91039
95800 -1.94865
95900 -2.06344
96000 -2.12984
96100 -1.99471
96200 -1.99124
96300 -1.96179
96400 -1.89924
96500 -1.8498
96600 -2.04726
96700 -2.01038
96800 -1.89055
96900 -1.95765
97000 -1.91372
97100 -1.91974
97200 -1.99607
97300 -1.9391
97400 -1.95962
97500 -1.90221
97600 -1.95596
97700 -1.92096
97800 -1.95394
97900 -1.92114
98000 -1.98794
98100 -1.80003
98200 -1.94351
98300 -1.94612
98400 -1.99476
98500 -2.02523
98600 -1.96638
98700 -1.94518
98800 -2.02864
98900 -1.90986
99000 -1.97152
99100 -1.9994
99200 -1.8845
99300 -2.03463
99400 -1.9254
99500 -1.98168
99600 -1.97825
99700 -2.0054
99800 -2.07839
99900 -2.05396
