0 -1.8013
100 -1.79533
200 -1.86703
300 -1.85495
400 -1.87095
500 -1.86019
600 -1.8311
700 -1.85456
800 -1.81242
900 -1.88
1000 -1.76751
1100 -1.84476
1200 -1.82375
1300 -1.79367
1400 -1.75762
1500 -1.71481
1600 -1.74751
1700 -1.72182
1800 -1.83396
1900 -1.7381
2000 -1.77809
2100 -1.80175
2200 -1.822
2300 -1.82317
2400 -1.8334
2500 -1.8867
2600 -1.81655
2700 -1.901
2800 -1.72394
2900 -1.97101
3000 -1.77152
3100 -1.84261
3200 -1.86031
3300 -1.89027
3400 -1.82375
3500 -1.85448
3600 -1.85343
3700 -1.77064
3800 -1.70105
3900 -1.82005
4000 -1.75913
4100 -1.83334
4200 -1.95778
4300 -1.64356
4400 -1.79619
4500 -1.81912
4600 -1.92955
4700 -1.83294
4800 -1.85764
4900 -1.8215
5000 -1.88616
5100 -1.80346
5200 -1.78937
5300 -1.71713
5400 -1.76904
5500 -1.83034
5600 -1.93096
5700 -1.9359
5800 -1.7553
5900 -1.71747
6000 -1.72076
6100 -1.84856
6200 -1.90554
6300 -1.86704
6400 -1.754
6500 -1.88931
6600 -1.77927
6700 -1.74873
6800 -1.76843
6900 -1.76181
7000 -1.9015
7100 -1.85024
7200 -1.67509
7300 -1.81199
7400 -1.71954
7500 -1.80448
7600 -1.76345
7700 -1.74929
7800 -1.82066
7900 -1.78351
8000 -1.78147
8100 -1.8059
8200 -1.76665
8300 -1.79998
8400 -1.82145
8500 -1.84686
8600 -1.73716
8700 -1.74624
8800 -1.85799
8900 -1.88229
9000 -1.75306
9100 -1.75776
9200 -1.86006
9300 -1.88047
9400 -1.94692
9500 -1.82117
9600 -1.90581
9700 -1.80341
9800 -1.70857
9900 -1.73047
10000 -1.71543
10100 -1.79948
10200 -1.89414
10300 -1.89667
10400 -1.85888
10500 -1.81082
10600 -1.80941
10700 -1.8619
10800 -1.86746
10900 -1.82559
11000 -1.77343
11100 -1.79806
11200 -1.73873
11300 -1.78053
11400 -1.71866
11500 -1.80101
11600 -1.83769
11700 -1.82364
11800 -1.79951
11900 -1.79438
12000 -1.79942
12100 -1.83791
12200 -1.88411
12300 -1.81353
12400 -1.8008
12500 -1.78756
12600 -1.84858
12700 -1.77648
12800 -1.8006
12900 -1.83304
13000 -1.8841
13100 -1.93027
13200 -1.82217
13300 -1.92367
13400 -1.84246
13500 -1.76499
13600 -1.84642
13700 -1.83891
13800 -1.84649
13900 -1.78531
14000 -1.76619
14100 -1.76657
14200 -1.8238
14300 -1.91294
14400 -1.83706
14500 -1.82505
14600 -1.94632
14700 -1.81547
14800 -1.86667
14900 -1.81325
15000 -1.7915
15100 -1.92611
15200 -1.81969
15300 -1.85496
15400 -1.76076
15500 -1.81616
15600 -1.7727
15700 -1.74115
15800 -1.95309
15900 -1.79707
16000 -1.74715
16100 -1.82683
16200 -1.88572
16300 -2.00139
16400 -1.92763
16500 -1.94444
16600 -1.82917
16700 -1.85659
16800 -1.8724
16900 -1.83392
17000 -1.78797
17100 -1.78345
17200 -1.89084
17300 -1.82079
17400 -1.75033
17500 -1.90494
17600 -1.86063
17700 -1.88116
17800 -1.73624
17900 -1.71395
18000 -1.79208
18100 -1.78299
18200 -1.92007
18300 -1.80648
18400 -1.92543
18500 -1.90955
18600 -1.81511
18700 -1.78689
18800 -1.75415
18900 -1.76727
19000 -1.83069
19100 -1.65963
19200 -1.83015
19300 -1.90159
19400 -1.86085
19500 -1.90024
19600 -1.89129
19700 -1.87585
19800 -1.91678
19900 -1.87793
20000 -1.77554
20100 -1.87839
20200 -1.89867
20300 -1.77117
20400 -1.76768
20500 -1.79704
20600 -1.79524
20700 -1.81665
20800 -1.76432
20900 -1.70608
21000 -1.80144
21100 -1.81182
21200 -1.84462
21300 -1.75791
21400 -1.7633
21500 -1.7874
21600 -1.87903
21700 -1.70384
21800 -1.86933
21900 -1.83725
22000 -1.92863
22100 -1.82761
22200 -1.77344
22300 -1.79514
22400 -1.85366
22500 -1.8197
22600 -1.81109
22700 -1.84045
22800 -1.84489
22900 -1.73279
23000 -1.72087
23100 -1.86823
23200 -1.93169
23300 -1.9151
23400 -1.88832
23500 -1.90859
23600 -1.82649
23700 -1.93985
23800 -1.77546
23900 -1.92967
24000 -1.92563
24100 -1.93621
24200 -1.81862
24300 -1.96805
24400 -1.72662
24500 -1.7678
24600 -1.74966
24700 -1.72744
24800 -1.88066
24900 -1.83425
25000 -1.7686
25100 -1.80597
25200 -1.7554
25300 -1.77913
25400 -1.82452
25500 -1.89432
25600 -1.7027
25700 -1.86808
25800 -1.70896
25900 -1.84153
26000 -1.87547
26100 -1.89464
26200 -1.90427
26300 -2.00699
26400 -1.94959
26500 -1.84286
26600 -1.88589
26700 -1.80429
26800 -1.67773
26900 -1.81161
27000 -1.79987
27100 -1.86156
27200 -1.8223
27300 -1.81019
27400 -1.81874
27500 -1.84753
27600 -1.75759
27700 -1.83085
27800 -1.74206
27900 -1.78255
28000 -1.69446
28100 -1.81599
28200 -1.89504
28300 -1.8598
28400 -1.90369
28500 -1.78735
28600 -1.81688
28700 -1.83443
28800 -1.81178
28900 -1.79388
29000 -1.78691
29100 -1.87571
29200 -1.8851
29300 -1.73416
29400 -1.7616
29500 -1.82173
29600 -1.82954
29700 -1.79937
29800 -1.86427
29900 -1.90798
30000 -1.87366
30100 -1.88672
30200 -1.84943
30300 -1.90163
30400 -1.78904
30500 -1.78315
30600 -1.7272
30700 -1.81438
30800 -1.85731
30900 -1.93636
31000 -1.76251
31100 -1.85569
31200 -1.80737
31300 -1.81925
31400 -1.78251
31500 -1.89243
31600 -1.83981
31700 -1.77428
31800 -1.92244
31900 -1.7533
32000 -1.7807
32100 -1.84431
32200 -1.93672
32300 -1.84293
32400 -1.86323
32500 -1.80627
32600 -1.83699
32700 -1.80338
32800 -1.79382
32900 -1.78582
33000 -1.75078
33100 -1.76207
33200 -1.87209
33300 -1.84417
33400 -1.77529
33500 -1.88041
33600 -1.87201
33700 -1.90462
33800 -1.77311
33900 -1.72746
34000 -1.79971
34100 -1.8469
34200 -1.77497
34300 -1.87927
34400 -1.75221
34500 -1.78259
34600 -1.92756
34700 -1.83977
34800 -2.04872
34900 -1.91057
35000 -1.84724
35100 -1.83136
35200 -1.70908
35300 -1.75885
35400 -1.85822
35500 -1.72934
35600 -1.81613
35700 -1.80116
35800 -1.78318
35900 -1.83616
36000 -1.77964
36100 -1.73558
36200 -1.79936
36300 -1.88388
36400 -1.74979
36500 -1.78467
36600 -1.77362
36700 -1.8686
36800 -1.68201
36900 -1.82094
37000 -1.81767
37100 -1.88165
37200 -1.8348
37300 -1.86962
37400 -1.75718
37500 -1.87491
37600 -1.83787
37700 -1.80714
37800 -1.76848
37900 -1.7759
38000 -1.86224
38100 -1.84744
38200 -1.80332
38300 -1.87212
38400 -1.76782
38500 -1.91861
38600 -1.8656
38700 -1.69182
38800 -1.76766
38900 -1.85411
39000 -1.696
39100 -1.72862
39200 -1.73727
39300 -1.79904
39400 -1.81799
39500 -1.95826
39600 -1.75216
39700 -1.71241
39800 -1.77745
39900 -1.85967
40000 -1.90475
40100 -1.79553
40200 -1.91724
40300 -1.76115
40400 -1.80144
40500 -1.78916
40600 -1.77067
40700 -1.79275
40800 -1.68594
40900 -1.82564
41000 -1.87539
41100 -1.85318
41200 -1.90109
41300 -1.74249
41400 -1.80117
41500 -1.77029
41600 -1.81671
41700 -1.88615
41800 -1.96622
41900 -1.79726
42000 -1.86657
42100 -1.77744
42200 -1.97202
42300 -1.90803
42400 -1.73513
42500 -1.81458
42600 -1.87982
42700 -1.78895
42800 -1.89884
42900 -1.85554
43000 -1.77327
43100 -1.83626
43200 -1.88045
43300 -1.82287
43400 -1.86447
43500 -1.7828
43600 -1.66829
43700 -1.84767
43800 -1.86612
43900 -1.81276
44000 -1.73689
44100 -1.8272
44200 -1.78039
44300 -1.86058
44400 -1.76037
44500 -1.72
44600 -1.86506
44700 -1.71302
44800 -1.80623
44900 -1.79793
45000 -1.85898
45100 -1.83419
45200 -1.75407
45300 -1.74804
45400 -1.79527
45500 -1.90774
45600 -1.94918
45700 -1.87736
45800 -1.85199
45900 -1.86677
46000 -1.86147
46100 -1.82729
46200 -1.90797
46300 -2.00137
46400 -1.91286
46500 -1.88859
46600 -1.95398
46700 -2.02106
46800 -1.98488
46900 -1.86558
47000 -1.97036
47100 -1.90119
47200 -1.74089
47300 -1.83846
47400 -1.87025
47500 -1.78876
47600 -1.8457
47700 -1.79654
47800 -1.82874
47900 -1.71002
48000 -1.74472
48100 -1.91548
48200 -1.84606
48300 -1.82648
48400 -1.77583
48500 -1.80175
48600 -1.89206
48700 -1.87486
48800 -1.89752
48900 -1.88087
49000 -1.9076
49100 -1.9678
49200 -1.8159
49300 -1.9309
49400 -1.873
49500 -1.81149
49600 -1.79564
49700 -1.76983
49800 -1.91361
49900 -1.73355
50000 -1.91118
50100 -1.80691
50200 -1.80881
50300 -1.84589
50400 -1.85378
50500 -1.78109
50600 -1.84869
50700 -1.96487
50800 -1.77906
50900 -1.80242
51000 -1.77252
51100 -1.7535
51200 -1.80358
51300 -1.8526
51400 -1.7446
51500 -1.83802
51600 -1.82801
51700 -1.8654
51800 -1.82137
51900 -1.85667
52000 -1.821
52100 -1.82778
52200 -1.73814
52300 -1.84402
52400 -1.87143
52500 -1.83372
52600 -1.79025
52700 -1.92318
52800 -1.82769
52900 -1.89384
53000 -1.77621
53100 -1.91547
53200 -1.8936
53300 -1.81753
53400 -1.88746
53500 -1.77395
53600 -1.8583
53700 -1.86184
53800 -1.83502
53900 -1.75832
54000 -1.82782
54100 -1.75528
54200 -1.73281
54300 -1.81336
54400 -1.82469
54500 -1.73137
54600 -1.88663
54700 -1.91155
54800 -1.79588
54900 -1.88609
55000 -1.76378
55100 -1.90805
55200 -1.87293
55300 -1.78064
55400 -1.7148
55500 -1.85727
55600 -1.79264
55700 -1.89026
55800 -1.88374
55900 -1.8094
56000 -1.80795
56100 -1.81297
56200 -1.92584
56300 -2.02649
56400 -1.93642
56500 -1.88163
56600 -1.88397
56700 -1.8526
56800 -1.80482
56900 -1.84811
57000 -1.76799
57100 -1.79445
57200 -1.90535
57300 -1.81509
57400 -1.89007
57500 -1.84357
57600 -1.83588
57700 -1.91476
57800 -1.76327
57900 -1.7954
58000 -1.74009
58100 -1.7127
58200 -1.82327
58300 -1.83147
58400 -1.6465
58500 -1.88203
58600 -1.92713
58700 -1.86045
58800 -1.78657
58900 -1.72163
59000 -1.75499
59100 -1.77337
59200 -1.83667
59300 -1.79455
59400 -1.66516
59500 -1.874
59600 -1.79378
59700 -1.84788
59800 -1.76687
59900 -1.85407
60000 -1.88572
60100 -1.75947
60200 -1.75772
60300 -1.79924
60400 -1.83251
60500 -1.82656
60600 -1.77386
60700 -1.76424
60800 -1.71162
60900 -1.83812
61000 -1.77884
61100 -1.87414
61200 -1.82575
61300 -1.8733
61400 -1.91765
61500 -1.84606
61600 -1.82746
61700 -1.78182
61800 -1.81484
61900 -1.90579
62000 -1.86808
62100 -1.87778
62200 -1.86265
62300 -1.83255
62400 -1.81229
62500 -1.81586
62600 -1.7054
62700 -1.84508
62800 -1.91029
62900 -1.84347
63000 -1.77309
63100 -1.73542
63200 -1.82605
63300 -1.71517
63400 -1.76484
63500 -1.73518
63600 -1.83349
63700 -1.87197
63800 -1.74531
63900 -1.84292
64000 -1.85505
64100 -1.77637
64200 -1.72043
64300 -1.79589
64400 -1.9157
64500 -1.87394
64600 -1.78779
64700 -1.76585
64800 -1.87061
64900 -1.96634
65000 -1.70933
65100 -1.85485
65200 -1.90195
65300 -1.79331
65400 -1.84639
65500 -1.79764
65600 -1.79353
65700 -1.85762
65800 -1.81627
65900 -1.78996
66000 -1.75864
66100 -1.78711
66200 -1.72057
66300 -1.7962
66400 -1.83635
66500 -1.81189
66600 -1.83892
66700 -1.83691
66800 -1.79325
66900 -1.97239
67000 -1.96491
67100 -1.93571
67200 -1.89762
67300 -1.88519
67400 -1.82693
67500 -1.91485
67600 -1.75581
67700 -1.68909
67800 -1.77508
67900 -1.71074
68000 -1.88227
68100 -1.81539
68200 -1.83864
68300 -1.83966
68400 -1.81012
68500 -1.82015
68600 -1.8838
68700 -1.9215
68800 -1.85228
68900 -1.784
69000 -1.81627
69100 -1.73824
69200 -1.70953
69300 -1.8191
69400 -1.83778
69500 -1.86648
69600 -1.78519
69700 -1.77176
69800 -1.79158
69900 -1.87794
70000 -1.76096
70100 -1.77725
70200 -1.87794
70300 -1.77687
70400 -1.86103
70500 -1.88604
70600 -1.78768
70700 -1.86961
70800 -1.84553
70900 -1.82033
71000 -1.94576
71100 -2.02293
71200 -1.90484
71300 -1.83586
71400 -1.75777
71500 -1.78788
71600 -1.68596
71700 -1.81798
71800 -1.78433
71900 -1.80757
72000 -1.84608
72100 -1.89061
72200 -1.90352
72300 -1.97047
72400 -1.81687
72500 -1.70204
72600 -1.91491
72700 -1.75103
72800 -1.78185
72900 -1.83309
73000 -1.73925
73100 -1.8044
73200 -1.71387
73300 -1.78775
73400 -1.81764
73500 -1.90596
73600 -1.95606
73700 -1.83193
73800 -1.94426
73900 -1.88557
74000 -1.88753
74100 -1.91968
74200 -1.86183
74300 -1.8722
74400 -1.72503
74500 -1.77228
74600 -1.80656
74700 -1.7288
74800 -1.82405
74900 -1.80204
75000 -1.8273
75100 -1.80795
75200 -1.91575
75300 -1.76401
75400 -1.79722
75500 -1.79136
75600 -1.73366
75700 -1.77796
75800 -1.82127
75900 -1.80215
76000 -1.85334
76100 -1.73346
76200 -1.78774
76300 -1.91891
76400 -1.81701
76500 -1.7916
76600 -1.84946
76700 -1.89926
76800 -1.87386
76900 -1.89906
77000 -1.90508
77100 -1.92951
77200 -1.89961
77300 -1.87542
77400 -1.88115
77500 -1.85506
77600 -1.79562
77700 -1.85999
77800 -1.85146
77900 -1.82152
78000 -1.79646
78100 -1.72771
78200 -1.95376
78300 -1.74525
78400 -1.8641
78500 -1.89774
78600 -1.85143
78700 -1.76363
78800 -1.84235
78900 -1.89331
79000 -1.87343
79100 -1.81788
79200 -1.78236
79300 -1.84785
79400 -1.93498
79500 -1.8267
79600 -1.88896
79700 -1.89439
79800 -1.77979
79900 -1.7758
80000 -1.8074
80100 -1.79413
80200 -1.80964
80300 -1.89202
80400 -1.87032
80500 -1.91154
80600 -1.83656
80700 -1.84672
80800 -1.76798
80900 -1.76754
81000 -1.77901
81100 -1.78857
81200 -1.83952
81300 -1.8934
81400 -1.74954
81500 -1.7683
81600 -1.87465
81700 -1.88468
81800 -1.93502
81900 -1.67438
82000 -1.84625
82100 -1.86007
82200 -1.81959
82300 -1.95747
82400 -1.78777
82500 -1.85157
82600 -1.79677
82700 -1.86782
82800 -1.83033
82900 -1.90296
83000 -1.91882
83100 -1.98175
83200 -1.79993
83300 -1.87871
83400 -1.83316
83500 -1.86913
83600 -1.75966
83700 -1.73396
83800 -1.80235
83900 -1.84769
84000 -1.9376
84100 -1.92004
84200 -1.83315
84300 -1.8246
84400 -1.83153
84500 -1.84802
84600 -1.86224
84700 -1.78451
84800 -1.8169
84900 -1.89962
85000 -1.86226
85100 -1.74616
85200 -1.83231
85300 -1.81635
85400 -1.78208
85500 -1.79223
85600 -1.75498
85700 -1.78735
85800 -1.77435
85900 -1.7681
86000 -1.76263
86100 -1.80187
86200 -1.86748
86300 -1.88618
86400 -1.85101
86500 -1.77373
86600 -1.90913
86700 -1.88038
86800 -1.88498
86900 -1.88275
87000 -1.82786
87100 -1.86494
87200 -1.8452
87300 -1.7775
87400 -1.84435
87500 -1.71572
87600 -1.81626
87700 -1.81399
87800 -1.70187
87900 -1.72566
88000 -1.82116
88100 -1.827
88200 -1.95386
88300 -1.91768
88400 -1.82596
88500 -1.82692
88600 -1.90171
88700 -1.86525
88800 -1.90908
88900 -1.7962
89000 -1.79478
89100 -1.91054
89200 -1.88044
89300 -1.77342
89400 -1.81883
89500 -1.89908
89600 -1.7658
89700 -1.88784
89800 -1.86969
89900 -1.89018
90000 -1.78625
90100 -1.78016
90200 -1.85015
90300 -1.79864
90400 -1.8016
90500 -1.76101
90600 -1.78094
90700 -1.78975
90800 -1.78678
90900 -1.77807
91000 -1.83534
91100 -1.89015
91200 -1.76319
91300 -1.80448
91400 -1.81128
91500 -1.84492
91600 -1.8597
91700 -1.81158
91800 -1.75148
91900 -1.83413
92000 -1.83671
92100 -1.71664
92200 -1.84168
92300 -1.77998
92400 -1.75531
92500 -1.79287
92600 -1.77627
92700 -1.79088
92800 -1.82833
92900 -1.79372
93000 -1.78632
93100 -1.82581
93200 -1.69569
93300 -1.68137
93400 -1.72782
93500 -1.67929
93600 -1.82546
93700 -1.73109
93800 -1.79473
93900 -1.84897
94000 -1.79768
94100 -1.7959
94200 -1.84087
94300 -1.84331
94400 -1.80882
94500 -1.89665
94600 -1.78523
94700 -1.76335
94800 -1.84162
94900 -1.84598
95000 -1.81705
95100 -1.77697
95200 -1.82884
95300 -1.79436
95400 -1.8633
95500 -1.80148
95600 -1.82015
95700 -1.85158
95800 -1.71889
95900 -1.77672
96000 -1.84933
96100 -1.77724
96200 -1.77652
96300 -1.7604
96400 -1.78624
96500 -1.8346
96600 -1.81879
96700 -1.87806
96800 -1.87248
96900 -1.85497
97000 -1.80359
97100 -1.84924
97200 -1.92074
97300 -1.9219
97400 -1.99822
97500 -1.86928
97600 -1.8599
97700 -1.86816
97800 -1.88591
97900 -1.75932
98000 -1.81063
98100 -1.79191
98200 -1.88234
98300 -1.7794
98400 -1.74491
98500 -1.88645
98600 -1.84354
98700 -1.79979
98800 -1.74341
98900 -1.78928
99000 -1.75426
99100 -1.71886
99200 -1.83382
99300 -1.84148
99400 -1.80464
99500 -1.75663
99600 -1.79709
99700 -1.83539
99800 -1.82039
99900 -1.80939
