0 -0.92832
100 -1.12676
200 -1.05827
300 -1.05316
400 -1.09544
500 -1.11137
600 -1.11461
700 -1.10783
800 -1.13669
900 -1.19287
1000 -1.08454
1100 -1.1873
1200 -1.16751
1300 -1.01871
1400 -1.04678
1500 -1.14074
1600 -1.09986
1700 -1.09024
1800 -1.19059
1900 -1.04764
2000 -1.0931
2100 -1.2223
2200 -1.15923
2300 -1.26294
2400 -0.987845
2500 -1.05984
2600 -1.18969
2700 -1.0278
2800 -1.13678
2900 -1.15882
3000 -0.99877
3100 -1.06916
3200 -1.02384
3300 -1.06348
3400 -0.98836
3500 -1.03888
3600 -1.1706
3700 -1.19805
3800 -1.35121
3900 -1.13064
4000 -0.973709
4100 -1.1588
4200 -1.08501
4300 -1.09582
4400 -1.20872
4500 -1.11039
4600 -1.02759
4700 -0.987628
4800 -1.12962
4900 -1.04146
5000 -1.12666
5100 -1.09974
5200 -1.09668
5300 -1.14843
5400 -1.06124
5500 -1.01361
5600 -1.00598
5700 -1.22023
5800 -1.13881
5900 -1.15366
6000 -1.10831
6100 -0.949096
6200 -1.19712
6300 -1.2813
6400 -1.06795
6500 -0.931114
6600 -1.0622
6700 -1.05202
6800 -1.19118
6900 -1.01194
7000 -1.17888
7100 -1.14838
7200 -0.984876
7300 -1.00035
7400 -1.02421
7500 -1.15829
7600 -1.15811
7700 -0.99849
7800 -1.07151
7900 -1.01251
8000 -1.08347
8100 -0.98974
8200 -1.01898
8300 -0.950397
8400 -1.03112
8500 -1.01852
8600 -1.13628
8700 -1.16066
8800 -1.0856
8900 -1.17599
9000 -1.12956
9100 -1.06093
9200 -0.976543
9300 -1.12436
9400 -1.05126
9500 -1.05031
9600 -1.11986
9700 -1.00499
9800 -1.05228
9900 -1.08794
10000 -1.00332
10100 -1.07637
10200 -1.07391
10300 -1.21976
10400 -1.03698
10500 -1.04586
10600 -1.14918
10700 -1.16708
10800 -1.12775
10900 -0.94488
11000 -0.931264
11100 -0.978319
11200 -1.13276
11300 -1.13965
11400 -0.960478
11500 -1.14817
11600 -1.10384
11700 -1.11831
11800 -1.22566
11900 -1.05142
12000 -1.13809
12100 -1.13646
12200 -1.22349
12300 -1.1909
12400 -1.15577
12500 -0.940982
12600 -1.04482
12700 -1.04114
12800 -1.09395
12900 -1.24257
13000 -1.1478
13100 -1.07563
13200 -1.01572
13300 -1.15034
13400 -1.04181
13500 -1.07725
13600 -1.02083
13700 -1.15648
13800 -1.16218
13900 -0.969163
14000 -1.05249
14100 -1.17385
14200 -1.04057
14300 -0.993313
14400 -1.19636
14500 -1.18751
14600 -1.16697
14700 -1.06977
14800 -0.968806
14900 -1.05312
15000 -1.10298
15100 -1.14271
15200 -1.04513
15300 -1.10474
15400 -1.11479
15500 -1.14571
15600 -1.03549
15700 -1.17624
15800 -1.05147
15900 -1.21655
16000 -1.0706
16100 -0.935294
16200 -0.957442
16300 -1.04901
16400 -1.07151
16500 -1.12841
16600 -1.05444
16700 -1.04592
16800 -1.03084
16900 -0.98123
17000 -1.06023
17100 -1.04866
17200 -0.899119
17300 -1.06177
17400 -1.08263
17500 -0.989383
17600 -1.09248
17700 -1.1455
17800 -1.00725
17900 -1.1082
18000 -1.11057
18100 -1.17152
18200 -1.08036
18300 -1.10064
18400 -1.13828
18500 -1.12678
18600 -0.992189
18700 -1.05655
18800 -1.14347
18900 -1.12105
19000 -1.00757
19100 -1.04614
19200 -1.21429
19300 -1.06728
19400 -1.08483
19500 -1.02799
19600 -0.919942
19700 -1.17393
19800 -1.09724
19900 -1.04566
20000 -1.15938
20100 -1.10274
20200 -1.08313
20300 -1.05234
20400 -1.02864
20500 -1.09908
20600 -1.12076
20700 -1.04611
20800 -1.09285
20900 -1.19527
21000 -1.1936
21100 -1.20165
21200 -1.03986
21300 -1.08359
21400 -1.01653
21500 -1.05785
21600 -1.13187
21700 -1.18907
21800 -1.0768
21900 -1.28689
22000 -1.12351
22100 -1.01976
22200 -1.04373
22300 -1.20162
22400 -1.10712
22500 -1.15271
22600 -1.12657
22700 -1.13443
22800 -0.946096
22900 -0.994853
23000 -1.08489
23100 -1.08584
23200 -1.01305
23300 -1.27537
23400 -1.24755
23500 -1.20212
23600 -1.082
23700 -1.06189
23800 -1.0364
23900 -1.11631
24000 -1.17136
24100 -1.08715
24200 -1.09129
24300 -1.06861
24400 -1.09851
24500 -0.949437
24600 -1.07241
24700 -1.0266
24800 -1.06983
24900 -1.10511
25000 -1.08691
25100 -1.03945
25200 -0.961478
25300 -0.982166
25400 -1.08586
25500 -1.1681
25600 -1.04424
25700 -1.14195
25800 -1.18092
25900 -1.05907
26000 -1.15476
26100 -0.98112
26200 -1.11839
26300 -1.02358
26400 -1.06377
26500 -1.06218
26600 -1.17613
26700 -1.01168
26800 -1.15888
26900 -1.08934
27000 -1.02824
27100 -1.08832
27200 -1.1775
27300 -1.22968
27400 -1.06386
27500 -1.05825
27600 -1.1112
27700 -1.08754
27800 -1.05162
27900 -0.986202
28000 -1.02377
28100 -1.04117
28200 -1.09214
28300 -1.12826
28400 -1.18139
28500 -1.02122
28600 -1.14125
28700 -1.09148
28800 -1.12186
28900 -1.10034
29000 -1.13201
29100 -1.06399
29200 -1.03906
29300 -1.24238
29400 -1.01536
29500 -1.12006
29600 -0.977353
29700 -1.08325
29800 -1.07531
29900 -1.20817
30000 -1.01272
30100 -0.991822
30200 -1.07045
30300 -1.04509
30400 -0.99617
30500 -1.10474
30600 -1.06482
30700 -1.01147
30800 -1.0585
30900 -1.15043
31000 -1.07268
31100 -1.03655
31200 -1.03593
31300 -1.09682
31400 -1.03316
31500 -1.16174
31600 -0.970791
31700 -1.0587
31800 -1.03514
31900 -0.983736
32000 -1.02398
32100 -1.0493
32200 -1.15562
32300 -1.12119
32400 -1.06304
32500 -1.11649
32600 -1.08884
32700 -0.961994
32800 -1.17915
32900 -1.31214
33000 -1.15428
33100 -1.04521
33200 -1.14824
33300 -1.10737
33400 -1.07342
33500 -1.1918
33600 -1.16011
33700 -1.14517
33800 -1.08159
33900 -1.17389
34000 -1.12928
34100 -1.15653
34200 -1.07617
34300 -0.984774
34400 -1.07326
34500 -1.01289
34600 -1.1069
34700 -1.05917
34800 -1.06288
34900 -1.00821
35000 -1.07534
35100 -0.976008
35200 -1.03632
35300 -1.07844
35400 -1.00394
35500 -1.06555
35600 -1.07315
35700 -1.06368
35800 -1.14632
35900 -0.977158
36000 -1.1044
36100 -1.10987
36200 -1.21203
36300 -1.06644
36400 -1.20162
36500 -0.963272
36600 -1.16062
36700 -1.04599
36800 -0.983545
36900 -1.10706
37000 -1.03783
37100 -0.866536
37200 -0.955624
37300 -1.06085
37400 -1.18448
37500 -1.05592
37600 -1.0796
37700 -1.1589
37800 -1.09098
37900 -1.08879
38000 -1.10443
38100 -1.09316
38200 -1.15892
38300 -1.15662
38400 -1.05747
38500 -0.950813
38600 -1.09505
38700 -0.975804
38800 -1.11852
38900 -1.06722
39000 -1.09798
39100 -1.09793
39200 -0.97457
39300 -1.04636
39400 -1.05236
39500 -1.15646
39600 -1.2596
39700 -1.31824
39800 -1.17526
39900 -1.06528
40000 -1.04713
40100 -1.06741
40200 -0.820321
40300 -1.08442
40400 -1.15821
40500 -1.03531
40600 -1.04808
40700 -1.14226
40800 -1.15166
40900 -1.03173
41000 -1.15714
41100 -1.0932
41200 -1.07754
41300 -1.13309
41400 -0.936314
41500 -1.02973
41600 -1.21724
41700 -1.25531
41800 -1.0441
41900 -1.15213
42000 -1.06975
42100 -1.1421
42200 -1.13301
42300 -1.05384
42400 -1.00248
42500 -1.10883
42600 -1.00648
42700 -1.04163
42800 -1.1302
42900 -1.16028
43000 -1.17618
43100 -1.14456
43200 -1.0097
43300 -1.06389
43400 -1.04179
43500 -1.10053
43600 -0.945608
43700 -1.03471
43800 -1.00291
43900 -1.13971
44000 -1.08671
44100 -0.984627
44200 -1.09639
44300 -1.14034
44400 -1.12357
44500 -1.0946
44600 -1.08834
44700 -1.16045
44800 -1.10738
44900 -1.15572
45000 -1.05131
45100 -1.02193
45200 -1.14912
45300 -1.1178
45400 -1.05835
45500 -1.1724
45600 -1.12078
45700 -1.0474
45800 -1.10332
45900 -1.20508
46000 -1.09296
46100 -1.11635
46200 -1.06516
46300 -1.20106
46400 -1.14346
46500 -1.00828
46600 -1.06635
46700 -1.04198
46800 -1.07014
46900 -1.01237
47000 -1.14846
47100 -0.979963
47200 -1.04769
47300 -0.997375
47400 -0.96205
47500 -1.07046
47600 -1.13973
47700 -1.1274
47800 -1.1471
47900 -1.17737
48000 -1.06425
48100 -1.17993
48200 -1.06155
48300 -1.09028
48400 -0.936552
48500 -1.13057
48600 -1.00898
48700 -1.02151
48800 -1.00167
48900 -1.07482
49000 -1.15304
49100 -1.01319
49200 -1.09594
49300 -1.09628
49400 -0.925937
49500 -1.10518
49600 -1.24287
49700 -1.08901
49800 -0.963467
49900 -1.11113
50000 -1.06748
50100 -0.996974
50200 -1.09146
50300 -1.08132
50400 -1.19699
50500 -1.07264
50600 -1.03907
50700 -1.06572
50800 -1.21741
50900 -1.19185
51000 -1.09747
51100 -1.06727
51200 -1.0654
51300 -1.034
51400 -1.01185
51500 -1.02584
51600 -1.02038
51700 -1.06205
51800 -1.07587
51900 -1.052
52000 -1.11438
52100 -1.10897
52200 -1.01872
52300 -0.991732
52400 -1.15895
52500 -1.15998
52600 -1.17141
52700 -1.12396
52800 -1.19534
52900 -1.0929
53000 -1.1647
53100 -1.32653
53200 -1.22151
53300 -1.14728
53400 -1.20295
53500 -1.12449
53600 -1.01489
53700 -1.10116
53800 -1.06298
53900 -1.17574
54000 -1.10821
54100 -1.05434
54200 -0.992739
54300 -1.09912
54400 -0.933697
54500 -1.08296
54600 -0.964226
54700 -1.12994
54800 -0.989013
54900 -1.02642
55000 -1.00573
55100 -1.01901
55200 -0.959481
55300 -0.984137
55400 -1.16057
55500 -1.0798
55600 -1.19985
55700 -1.12968
55800 -1.14645
55900 -1.04763
56000 -1.11904
56100 -1.10665
56200 -1.06376
56300 -1.17222
56400 -1.04126
56500 -1.11163
56600 -1.19784
56700 -0.981113
56800 -1.05195
56900 -0.945817
57000 -0.931701
57100 -0.998169
57200 -1.13566
57300 -1.07484
57400 -1.17215
57500 -1.12185
57600 -1.02156
57700 -0.999386
57800 -1.14324
57900 -1.02639
58000 -1.06211
58100 -1.01578
58200 -1.11841
58300 -1.26426
58400 -1.00436
58500 -1.15182
58600 -1.01111
58700 -0.935816
58800 -1.2334
58900 -1.03041
59000 -1.17514
59100 -1.06554
59200 -0.99169
59300 -1.06103
59400 -1.15457
59500 -1.06157
59600 -1.04187
59700 -1.11857
59800 -1.0447
59900 -1.03202
60000 -1.17153
60100 -1.1954
60200 -1.1311
60300 -1.12362
60400 -1.12278
60500 -1.05013
60600 -1.12116
60700 -0.958708
60800 -1.16752
60900 -1.16392
61000 -1.09206
61100 -1.119
61200 -1.18406
61300 -0.974446
61400 -1.0449
61500 -1.0421
61600 -0.969137
61700 -1.09157
61800 -1.10307
61900 -1.14379
62000 -1.03342
62100 -0.951051
62200 -1.06009
62300 -1.19023
62400 -1.0914
62500 -1.11857
62600 -1.00882
62700 -0.998621
62800 -1.04978
62900 -1.17456
63000 -1.2156
63100 -1.16698
63200 -0.929122
63300 -0.974735
63400 -1.02797
63500 -0.967728
63600 -1.07131
63700 -0.978256
63800 -1.0616
63900 -1.07543
64000 -1.1184
64100 -1.24347
64200 -1.06332
64300 -1.06822
64400 -1.16149
64500 -0.998751
64600 -0.94637
64700 -1.08444
64800 -0.984086
64900 -1.04583
65000 -1.05056
65100 -1.13779
65200 -1.22499
65300 -1.09142
65400 -1.14195
65500 -1.17277
65600 -1.17418
65700 -0.993726
65800 -1.15524
65900 -1.13114
66000 -1.0205
66100 -1.07157
66200 -1.0987
66300 -1.04485
66400 -1.07104
66500 -1.02569
66600 -1.25018
66700 -1.12835
66800 -1.0451
66900 -1.08474
67000 -1.21982
67100 -1.03054
67200 -1.08164
67300 -1.14733
67400 -1.07172
67500 -1.0888
67600 -1.10011
67700 -0.915209
67800 -1.0987
67900 -1.17093
68000 -1.18921
68100 -1.11938
68200 -1.11407
68300 -1.14893
68400 -1.15908
68500 -1.06258
68600 -1.08068
68700 -0.991661
68800 -1.09821
68900 -1.12986
69000 -1.07651
69100 -1.11602
69200 -1.00781
69300 -1.12214
69400 -1.14135
69500 -0.939822
69600 -1.22601
69700 -1.03263
69800 -1.18994
69900 -1.05988
70000 -1.13151
70100 -1.13057
70200 -1.12754
70300 -1.09171
70400 -0.996928
70500 -1.1212
70600 -1.07534
70700 -1.13166
70800 -1.09459
70900 -1.03801
71000 -1.09162
71100 -1.09189
71200 -1.12444
71300 -1.19303
71400 -0.935589
71500 -1.06546
71600 -1.10737
71700 -1.20632
71800 -1.12001
71900 -1.23077
72000 -1.16027
72100 -1.09885
72200 -1.01484
72300 -1.08978
72400 -1.14812
72500 -1.09177
72600 -1.03308
72700 -1.09315
72800 -0.901515
72900 -1.04773
73000 -1.19954
73100 -1.04248
73200 -0.948441
73300 -1.10022
73400 -1.01318
73500 -1.0832
73600 -1.20962
73700 -1.01794
73800 -1.22297
73900 -1.09501
74000 -1.14593
74100 -0.978752
74200 -1.1235
74300 -1.16733
74400 -1.14659
74500 -1.01399
74600 -0.946389
74700 -1.13402
74800 -1.24567
74900 -0.984676
75000 -1.072
75100 -0.948213
75200 -1.18523
75300 -1.07306
75400 -0.999062
75500 -1.04638
75600 -0.997753
75700 -1.13535
75800 -1.18214
75900 -1.18891
76000 -0.970733
76100 -1.1907
76200 -1.06923
76300 -1.00003
76400 -0.955668
76500 -1.17046
76600 -1.05572
76700 -1.09676
76800 -0.974628
76900 -1.11969
77000 -1.22985
77100 -1.16379
77200 -1.03249
77300 -1.12579
77400 -0.998721
77500 -1.03746
77600 -1.10715
77700 -1.04664
77800 -0.988952
77900 -1.18643
78000 -1.07455
78100 -1.12922
78200 -1.23186
78300 -1.03052
78400 -1.08698
78500 -1.04059
78600 -1.17693
78700 -1.13004
78800 -1.06482
78900 -1.18959
79000 -1.02095
79100 -0.99221
79200 -1.08168
79300 -1.03968
79400 -0.90858
79500 -1.07004
79600 -1.11226
79700 -1.07332
79800 -1.01345
79900 -1.12551
80000 -1.1347
80100 -1.03741
80200 -1.10916
80300 -1.07507
80400 -0.97745
80500 -0.989134
80600 -1.06549
80700 -1.19968
80800 -1.14559
80900 -1.04457
81000 -1.05595
81100 -1.06017
81200 -1.17649
81300 -1.13159
81400 -1.11281
81500 -1.03577
81600 -1.14606
81700 -1.01037
81800 -1.05632
81900 -1.06853
82000 -1.10014
82100 -1.05374
82200 -1.11296
82300 -1.1159
82400 -1.14139
82500 -1.02157
82600 -1.03285
82700 -1.13863
82800 -0.958531
82900 -1.06415
83000 -1.17125
83100 -1.17074
83200 -1.12274
83300 -1.07507
83400 -1.07408
83500 -1.12308
83600 -1.07898
83700 -1.01184
83800 -1.22706
83900 -1.03125
84000 -1.01547
84100 -1.0632
84200 -1.22082
84300 -1.1079
84400 -1.0712
84500 -1.04854
84600 -1.0644
84700 -1.07439
84800 -1.13087
84900 -1.09992
85000 -1.06168
85100 -1.16964
85200 -1.25219
85300 -0.878474
85400 -1.06192
85500 -1.21015
85600 -1.24016
85700 -1.09868
85800 -1.12082
85900 -1.19998
86000 -1.18206
86100 -1.06589
86200 -1.11838
86300 -1.08156
86400 -1.08187
86500 -1.11784
86600 -1.10174
86700 -1.15487
86800 -1.11818
86900 -1.11299
87000 -1.09714
87100 -0.924323
87200 -1.18312
87300 -1.03871
87400 -1.07805
87500 -1.07355
87600 -1.05331
87700 -1.11649
87800 -1.09796
87900 -1.10387
88000 -1.1267
88100 -1.00488
88200 -1.15309
88300 -1.10837
88400 -1.15569
88500 -1.14584
88600 -1.19614
88700 -1.05933
88800 -1.1127
88900 -1.16703
89000 -1.19802
89100 -1.12518
89200 -1.05167
89300 -1.17635
89400 -1.0079
89500 -1.21114
89600 -1.14431
89700 -1.19176
89800 -1.09173
89900 -1.12251
90000 -1.18506
90100 -1.0068
90200 -1.19445
90300 -1.11775
90400 -1.07196
90500 -1.09543
90600 -1.0907
90700 -0.981498
90800 -1.03483
90900 -0.932075
91000 -1.04934
91100 -1.0399
91200 -1.05826
91300 -1.1883
91400 -1.22867
91500 -1.00908
91600 -0.940016
91700 -1.03589
91800 -1.00162
91900 -1.12011
92000 -1.2321
92100 -1.10565
92200 -1.0612
92300 -1.09399
92400 -1.1254
92500 -1.01102
92600 -1.00119
92700 -1.03202
92800 -1.08707
92900 -1.04464
93000 -1.13067
93100 -1.09511
93200 -1.00601
93300 -1.06901
93400 -1.10064
93500 -1.01755
93600 -1.11701
93700 -1.09237
93800 -1.17747
93900 -1.04789
94000 -1.17985
94100 -1.11041
94200 -1.17192
94300 -1.14649
94400 -1.04275
94500 -1.14237
94600 -1.12042
94700 -1.00129
94800 -1.02157
94900 -1.06847
95000 -1.08157
95100 -0.980476
95200 -1.00214
95300 -1.11254
95400 -1.09173
95500 -1.17874
95600 -1.21668
95700 -1.15228
95800 -1.12797
95900 -1.00559
96000 -1.04128
96100 -1.10262
96200 -1.19371
96300 -1.02965
96400 -1.11822
96500 -1.10395
96600 -1.11654
96700 -1.10325
96800 -1.02876
96900 -1.08773
97000 -1.05808
97100 -1.15742
97200 -1.08374
97300 -1.05277
97400 -1.11168
97500 -1.01323
97600 -1.22361
97700 -1.03135
97800 -0.963364
97900 -1.07414
98000 -1.17899
98100 -1.12628
98200 -1.11947
98300 -1.0752
98400 -0.933503
98500 -1.10518
98600 -1.07302
98700 -1.12364
98800 -1.03225
98900 -1.06546
99000 -1.30095
99100 -1.22706
99200 -1.05767
99300 -1.09847
99400 -1.10791
99500 -1.16413
99600 -1.07048
99700 -1.08479
99800 -1.15527
99900 -1.02218
