0 -1.69906
100 -1.70567
200 -1.6585
300 -1.70107
400 -1.74445
500 -1.73722
600 -1.73724
700 -1.71679
800 -1.72802
900 -1.66559
1000 -1.76721
1100 -1.63613
1200 -1.75118
1300 -1.70669
1400 -1.71633
1500 -1.65422
1600 -1.72067
1700 -1.73674
1800 -1.72883
1900 -1.68072
2000 -1.70493
2100 -1.73407
2200 -1.71528
2300 -1.66279
2400 -1.62583
2500 -1.69261
2600 -1.84333
2700 -1.81706
2800 -1.81078
2900 -1.77419
3000 -1.68276
3100 -1.74428
3200 -1.7869
3300 -1.72073
3400 -1.83332
3500 -1.79264
3600 -1.78372
3700 -1.68087
3800 -1.71801
3900 -1.7115
4000 -1.80336
4100 -1.77976
4200 -1.79837
4300 -1.77231
4400 -1.70658
4500 -1.67559
4600 -1.73898
4700 -1.73829
4800 -1.63938
4900 -1.67421
5000 -1.74453
5100 -1.78214
5200 -1.8318
5300 -1.64984
5400 -1.63414
5500 -1.70891
5600 -1.804
5700 -1.63224
5800 -1.6847
5900 -1.75938
6000 -1.75243
6100 -1.76735
6200 -1.88768
6300 -1.73438
6400 -1.75074
6500 -1.72197
6600 -1.69544
6700 -1.79595
6800 -1.77156
6900 -1.77419
7000 -1.7378
7100 -1.75743
7200 -1.70422
7300 -1.70726
7400 -1.77627
7500 -1.74612
7600 -1.72731
7700 -1.78128
7800 -1.73609
7900 -1.80719
8000 -1.68317
8100 -1.8337
8200 -1.71645
8300 -1.66247
8400 -1.74956
8500 -1.68521
8600 -1.73975
8700 -1.7039
8800 -1.85292
8900 -1.75517
9000 -1.83616
9100 -1.73052
9200 -1.74309
9300 -1.80472
9400 -1.70832
9500 -1.74812
9600 -1.72735
9700 -1.64199
9800 -1.61913
9900 -1.71764
10000 -1.69137
10100 -1.81885
10200 -1.73047
10300 -1.70984
10400 -1.67215
10500 -1.65487
10600 -1.64741
10700 -1.6949
10800 -1.84429
10900 -1.77272
11000 -1.71732
11100 -1.69809
11200 -1.78822
11300 -1.59882
11400 -1.77192
11500 -1.78383
11600 -1.68583
11700 -1.81863
11800 -1.78319
11900 -1.7365
12000 -1.72892
12100 -1.72891
12200 -1.70679
12300 -1.76029
12400 -1.87986
12500 -1.88847
12600 -1.79769
12700 -1.79256
12800 -1.69848
12900 -1.68024
13000 -1.72424
13100 -1.74803
13200 -1.76552
13300 -1.67154
13400 -1.71137
13500 -1.71077
13600 -1.70933
13700 -1.66837
13800 -1.71776
13900 -1.79248
14000 -1.84617
14100 -1.75558
14200 -1.7073
14300 -1.69115
14400 -1.75456
14500 -1.75494
14600 -1.76744
14700 -1.79655
14800 -1.76622
14900 -1.70808
15000 -1.68242
15100 -1.7177
15200 -1.76106
15300 -1.77011
15400 -1.71588
15500 -1.79493
15600 -1.68377
15700 -1.76172
15800 -1.72279
15900 -1.67051
16000 -1.6727
16100 -1.80227
16200 -1.68497
16300 -1.73248
16400 -1.73881
16500 -1.78081
16600 -1.66228
16700 -1.74741
16800 -1.73964
16900 -1.72516
17000 -1.70415
17100 -1.81867
17200 -1.73697
17300 -1.71467
17400 -1.76728
17500 -1.68897
17600 -1.83382
17700 -1.7055
17800 -1.6774
17900 -1.684
18000 -1.72879
18100 -1.62513
18200 -1.64829
18300 -1.76072
18400 -1.72459
18500 -1.76661
18600 -1.75837
18700 -1.62224
18800 -1.62976
18900 -1.74942
19000 -1.74047
19100 -1.81838
19200 -1.72993
19300 -1.85588
19400 -1.76521
19500 -1.71282
19600 -1.73877
19700 -1.68955
19800 -1.70724
19900 -1.69036
20000 -1.82634
20100 -1.62401
20200 -1.77153
20300 -1.73869
20400 -1.63761
20500 -1.74943
20600 -1.7803
20700 -1.72724
20800 -1.66222
20900 -1.73126
21000 -1.68391
21100 -1.72375
21200 -1.72465
21300 -1.64721
21400 -1.73125
21500 -1.77827
21600 -1.74436
21700 -1.70234
21800 -1.77857
21900 -1.73475
22000 -1.76662
22100 -1.71699
22200 -1.76301
22300 -1.70248
22400 -1.71382
22500 -1.81908
22600 -1.72028
22700 -1.66887
22800 -1.74515
22900 -1.71284
23000 -1.75888
23100 -1.68395
23200 -1.74077
23300 -1.71062
23400 -1.72611
23500 -1.65226
23600 -1.67359
23700 -1.7928
23800 -1.77971
23900 -1.61711
24000 -1.66498
24100 -1.68669
24200 -1.69547
24300 -1.68261
24400 -1.68553
24500 -1.70443
24600 -1.84922
24700 -1.76575
24800 -1.75808
24900 -1.77177
25000 -1.73063
25100 -1.77856
25200 -1.65736
25300 -1.71322
25400 -1.81809
25500 -1.81507
25600 -1.77286
25700 -1.82228
25800 -1.70915
25900 -1.74609
26000 -1.65917
26100 -1.64795
26200 -1.70771
26300 -1.93391
26400 -1.71041
26500 -1.67338
26600 -1.71089
26700 -1.6526
26800 -1.85099
26900 -1.76858
27000 -1.63765
27100 -1.74719
27200 -1.75225
27300 -1.73531
27400 -1.78825
27500 -1.83218
27600 -1.67493
27700 -1.75029
27800 -1.79619
27900 -1.76191
28000 -1.67789
28100 -1.75189
28200 -1.79961
28300 -1.75382
28400 -1.8001
28500 -1.70943
28600 -1.69298
28700 -1.69881
28800 -1.78373
28900 -1.76556
29000 -1.75504
29100 -1.73586
29200 -1.72593
29300 -1.7052
29400 -1.67123
29500 -1.66507
29600 -1.68303
29700 -1.75237
29800 -1.71958
29900 -1.74309
30000 -1.76638
30100 -1.77835
30200 -1.70531
30300 -1.67834
30400 -1.70048
30500 -1.74899
30600 -1.67437
30700 -1.67272
30800 -1.76793
30900 -1.7486
31000 -1.67196
31100 -1.78272
31200 -1.69272
31300 -1.76643
31400 -1.70998
31500 -1.74876
31600 -1.74876
31700 -1.80201
31800 -1.7164
31900 -1.69907
32000 -1.68069
32100 -1.7826
32200 -1.78203
32300 -1.70827
32400 -1.71423
32500 -1.71279
32600 -1.82098
32700 -1.84119
32800 -1.75626
32900 -1.78743
33000 -1.80458
33100 -1.7353
33200 -1.79181
33300 -1.62555
33400 -1.66014
33500 -1.79785
33600 -1.69335
33700 -1.61857
33800 -1.8033
33900 -1.73587
34000 -1.81951
34100 -1.6863
34200 -1.71539
34300 -1.75989
34400 -1.78197
34500 -1.69576
34600 -1.69158
34700 -1.74712
34800 -1.65719
34900 -1.71537
35000 -1.63369
35100 -1.74016
35200 -1.70981
35300 -1.66412
35400 -1.82058
35500 -1.75727
35600 -1.83631
35700 -1.81706
35800 -1.68591
35900 -1.70784
36000 -1.63453
36100 -1.84558
36200 -1.71859
36300 -1.69924
36400 -1.64856
36500 -1.70873
36600 -1.69743
36700 -1.84468
36800 -1.70204
36900 -1.67311
37000 -1.71705
37100 -1.73891
37200 -1.72755
37300 -1.63053
37400 -1.68759
37500 -1.73291
37600 -1.8601
37700 -1.73725
37800 -1.78656
37900 -1.76988
38000 -1.69632
38100 -1.75963
38200 -1.72853
38300 -1.83255
38400 -1.73567
38500 -1.83877
38600 -1.70231
38700 -1.7914
38800 -1.7098
38900 -1.72397
39000 -1.69114
39100 -1.75905
39200 -1.76118
39300 -1.68427
39400 -1.77612
39500 -1.80289
39600 -1.68215
39700 -1.70201
39800 -1.75694
39900 -1.77491
40000 -1.67491
40100 -1.69186
40200 -1.70845
40300 -1.73078
40400 -1.70676
40500 -1.76731
40600 -1.73269
40700 -1.72593
40800 -1.73687
40900 -1.77361
41000 -1.71794
41100 -1.76692
41200 -1.7777
41300 -1.75647
41400 -1.84213
41500 -1.74879
41600 -1.74577
41700 -1.72049
41800 -1.60967
41900 -1.74282
42000 -1.73047
42100 -1.87802
42200 -1.81073
42300 -1.84811
42400 -1.77119
42500 -1.74875
42600 -1.76508
42700 -1.70201
42800 -1.67661
42900 -1.7445
43000 -1.67634
43100 -1.71386
43200 -1.79943
43300 -1.70039
43400 -1.72258
43500 -1.65855
43600 -1.76747
43700 -1.73613
43800 -1.69642
43900 -1.75516
44000 -1.60831
44100 -1.72978
44200 -1.68194
44300 -1.69442
44400 -1.69769
44500 -1.77742
44600 -1.74313
44700 -1.66468
44800 -1.70187
44900 -1.66381
45000 -1.72668
45100 -1.72248
45200 -1.55061
45300 -1.65964
45400 -1.65019
45500 -1.65791
45600 -1.7313
45700 -1.75462
45800 -1.66962
45900 -1.78961
46000 -1.69197
46100 -1.70025
46200 -1.75026
46300 -1.71156
46400 -1.61713
46500 -1.78795
46600 -1.78442
46700 -1.8328
46800 -1.85635
46900 -1.72881
47000 -1.75259
47100 -1.90481
47200 -1.84608
47300 -1.76587
47400 -1.71348
47500 -1.72842
47600 -1.75935
47700 -1.7542
47800 -1.76457
47900 -1.65885
48000 -1.73203
48100 -1.72837
48200 -1.78089
48300 -1.65479
48400 -1.69538
48500 -1.75319
48600 -1.78931
48700 -1.77767
48800 -1.68653
48900 -1.733
49000 -1.73522
49100 -1.79556
49200 -1.69123
49300 -1.84851
49400 -1.75785
49500 -1.76035
49600 -1.68268
49700 -1.84208
49800 -1.82486
49900 -1.80547
50000 -1.75966
50100 -1.78194
50200 -1.7046
50300 -1.69197
50400 -1.70481
50500 -1.73406
50600 -1.69195
50700 -1.67113
50800 -1.71781
50900 -1.7086
51000 -1.65474
51100 -1.74638
51200 -1.66376
51300 -1.82372
51400 -1.71639
51500 -1.76433
51600 -1.74575
51700 -1.72744
51800 -1.80401
51900 -1.6763
52000 -1.71898
52100 -1.74158
52200 -1.66483
52300 -1.83284
52400 -1.76274
52500 -1.83404
52600 -1.81764
52700 -1.76826
52800 -1.76776
52900 -1.77068
53000 -1.70485
53100 -1.65666
53200 -1.75732
53300 -1.79718
53400 -1.71566
53500 -1.74368
53600 -1.76727
53700 -1.78809
53800 -1.77622
53900 -1.75012
54000 -1.80667
54100 -1.78637
54200 -1.7279
54300 -1.83862
54400 -1.7547
54500 -1.8157
54600 -1.75611
54700 -1.66213
54800 -1.81123
54900 -1.761
55000 -1.78853
55100 -1.65914
55200 -1.74851
55300 -1.70572
55400 -1.74089
55500 -1.64542
55600 -1.70962
55700 -1.84177
55800 -1.8077
55900 -1.85155
56000 -1.85377
56100 -1.77765
56200 -1.77163
56300 -1.76995
56400 -1.70826
56500 -1.72177
56600 -1.72041
56700 -1.7865
56800 -1.78946
56900 -1.71144
57000 -1.75142
57100 -1.70952
57200 -1.80576
57300 -1.73084
57400 -1.74692
57500 -1.76691
57600 -1.68033
57700 -1.74946
57800 -1.82247
57900 -1.85283
58000 -1.6746
58100 -1.73359
58200 -1.72113
58300 -1.77775
58400 -1.68818
58500 -1.78705
58600 -1.79145
58700 -1.80038
58800 -1.63667
58900 -1.85786
59000 -1.69732
59100 -1.76819
59200 -1.79934
59300 -1.64475
59400 -1.78201
59500 -1.75285
59600 -1.75247
59700 -1.7112
59800 -1.73563
59900 -1.60319
60000 -1.72704
60100 -1.71254
60200 -1.73671
60300 -1.76899
60400 -1.65776
60500 -1.81177
60600 -1.70672
60700 -1.67532
60800 -1.7716
60900 -1.65739
61000 -1.64819
61100 -1.68829
61200 -1.749
61300 -1.75853
61400 -1.81137
61500 -1.76492
61600 -1.71531
61700 -1.66818
61800 -1.79815
61900 -1.91406
62000 -1.68468
62100 -1.64606
62200 -1.81799
62300 -1.73076
62400 -1.81802
62500 -1.84638
62600 -1.76436
62700 -1.71568
62800 -1.76325
62900 -1.6647
63000 -1.72713
63100 -1.73105
63200 -1.73938
63300 -1.68311
63400 -1.74915
63500 -1.7001
63600 -1.77038
63700 -1.67199
63800 -1.72424
63900 -1.72224
64000 -1.66356
64100 -1.73877
64200 -1.65907
64300 -1.7459
64400 -1.67696
64500 -1.68633
64600 -1.70673
64700 -1.693
64800 -1.72637
64900 -1.73586
65000 -1.79638
65100 -1.71434
65200 -1.87015
65300 -1.66595
65400 -1.67274
65500 -1.67634
65600 -1.72514
65700 -1.80282
65800 -1.72567
65900 -1.7977
66000 -1.74253
66100 -1.82819
66200 -1.84418
66300 -1.75676
66400 -1.8213
66500 -1.8403
66600 -1.76212
66700 -1.76795
66800 -1.68507
66900 -1.68417
67000 -1.63327
67100 -1.67207
67200 -1.71667
67300 -1.73497
67400 -1.76927
67500 -1.75652
67600 -1.66248
67700 -1.67839
67800 -1.71653
67900 -1.71708
68000 -1.72181
68100 -1.73151
68200 -1.69545
68300 -1.71081
68400 -1.67903
68500 -1.6676
68600 -1.68408
68700 -1.70292
68800 -1.7157
68900 -1.66687
69000 -1.72155
69100 -1.81366
69200 -1.77758
69300 -1.67821
69400 -1.81862
69500 -1.84371
69600 -1.81139
69700 -1.76858
69800 -1.67763
69900 -1.7408
70000 -1.69873
70100 -1.74265
70200 -1.73229
70300 -1.71082
70400 -1.80021
70500 -1.75371
70600 -1.73193
70700 -1.73489
70800 -1.65402
70900 -1.67273
71000 -1.74374
71100 -1.80689
71200 -1.77677
71300 -1.73456
71400 -1.7666
71500 -1.77064
71600 -1.66834
71700 -1.68667
71800 -1.78543
71900 -1.86062
72000 -1.71163
72100 -1.75046
72200 -1.75109
72300 -1.70623
72400 -1.70683
72500 -1.72466
72600 -1.66449
72700 -1.75921
72800 -1.80162
72900 -1.78568
73000 -1.74873
73100 -1.72959
73200 -1.63741
73300 -1.72978
73400 -1.76017
73500 -1.76201
73600 -1.6831
73700 -1.78138
73800 -1.59195
73900 -1.68899
74000 -1.71215
74100 -1.74613
74200 -1.70323
74300 -1.64291
74400 -1.76672
74500 -1.65106
74600 -1.74448
74700 -1.71019
74800 -1.76624
74900 -1.75803
75000 -1.76386
75100 -1.87243
75200 -1.79611
75300 -1.72776
75400 -1.76622
75500 -1.71547
75600 -1.68773
75700 -1.81565
75800 -1.71237
75900 -1.7046
76000 -1.82576
76100 -1.70721
76200 -1.78628
76300 -1.74259
76400 -1.73361
76500 -1.74378
76600 -1.76023
76700 -1.72057
76800 -1.71523
76900 -1.69889
77000 -1.74245
77100 -1.75367
77200 -1.61785
77300 -1.75622
77400 -1.71947
77500 -1.67057
77600 -1.77738
77700 -1.77548
77800 -1.79371
77900 -1.69632
78000 -1.63915
78100 -1.75427
78200 -1.75438
78300 -1.66389
78400 -1.67345
78500 -1.70694
78600 -1.65467
78700 -1.66974
78800 -1.71371
78900 -1.67876
79000 -1.63123
79100 -1.73569
79200 -1.64204
79300 -1.67196
79400 -1.78001
79500 -1.74888
79600 -1.66505
79700 -1.74972
79800 -1.76803
79900 -1.70605
80000 -1.74069
80100 -1.74376
80200 -1.77743
80300 -1.69198
80400 -1.70355
80500 -1.65365
80600 -1.8034
80700 -1.73931
80800 -1.844
80900 -1.76853
81000 -1.71203
81100 -1.70829
81200 -1.85112
81300 -1.84524
81400 -1.80618
81500 -1.72278
81600 -1.66478
81700 -1.77545
81800 -1.80485
81900 -1.80767
82000 -1.79958
82100 -1.69623
82200 -1.67226
82300 -1.73552
82400 -1.59955
82500 -1.79914
82600 -1.72058
82700 -1.70779
82800 -1.71575
82900 -1.65769
83000 -1.68048
83100 -1.78186
83200 -1.72154
83300 -1.72406
83400 -1.63999
83500 -1.69682
83600 -1.87049
83700 -1.78474
83800 -1.82072
83900 -1.76602
84000 -1.75185
84100 -1.76409
84200 -1.75352
84300 -1.77749
84400 -1.67251
84500 -1.81516
84600 -1.75561
84700 -1.61789
84800 -1.84494
84900 -1.71634
85000 -1.68041
85100 -1.68138
85200 -1.67815
85300 -1.69181
85400 -1.7281
85500 -1.69636
85600 -1.65117
85700 -1.77445
85800 -1.74376
85900 -1.72918
86000 -1.72455
86100 -1.88024
86200 -1.83437
86300 -1.79367
86400 -1.73448
86500 -1.81334
86600 -1.74237
86700 -1.72454
86800 -1.62077
86900 -1.73917
87000 -1.64286
87100 -1.64743
87200 -1.73435
87300 -1.74744
87400 -1.75754
87500 -1.88172
87600 -1.70968
87700 -1.72103
87800 -1.67248
87900 -1.75805
88000 -1.70962
88100 -1.65576
88200 -1.68892
88300 -1.77937
88400 -1.7017
88500 -1.80772
88600 -1.73442
88700 -1.78096
88800 -1.71872
88900 -1.72611
89000 -1.83876
89100 -1.90197
89200 -1.86662
89300 -1.81642
89400 -1.75601
89500 -1.56581
89600 -1.72031
89700 -1.82557
89800 -1.77757
89900 -1.70873
90000 -1.80258
90100 -1.757
90200 -1.72142
90300 -1.72431
90400 -1.7939
90500 -1.67305
90600 -1.65453
90700 -1.81968
90800 -1.85818
90900 -1.8326
91000 -1.77106
91100 -1.77188
91200 -1.69976
91300 -1.92079
91400 -1.67313
91500 -1.70047
91600 -1.71587
91700 -1.64289
91800 -1.70955
91900 -1.72275
92000 -1.69855
92100 -1.68269
92200 -1.71148
92300 -1.70553
92400 -1.69573
92500 -1.72705
92600 -1.7354
92700 -1.68101
92800 -1.78541
92900 -1.60604
93000 -1.58391
93100 -1.79038
93200 -1.67458
93300 -1.78236
93400 -1.69948
93500 -1.76514
93600 -1.74778
93700 -1.79348
93800 -1.65985
93900 -1.77121
94000 -1.71765
94100 -1.75315
94200 -1.78652
94300 -1.67259
94400 -1.64515
94500 -1.85407
94600 -1.6267
94700 -1.73691
94800 -1.65632
94900 -1.67385
95000 -1.68773
95100 -1.72111
95200 -1.67583
95300 -1.74863
95400 -1.76523
95500 -1.74335
95600 -1.7019
95700 -1.72196
95800 -1.78377
95900 -1.56958
96000 -1.75359
96100 -1.71756
96200 -1.72719
96300 -1.72871
96400 -1.68464
96500 -1.66768
96600 -1.75506
96700 -1.73606
96800 -1.71895
96900 -1.60644
97000 -1.69521
97100 -1.71241
97200 -1.816
97300 -1.84502
97400 -1.80564
97500 -1.68715
97600 -1.79381
97700 -1.80301
97800 -1.71297
97900 -1.76996
98000 -1.72096
98100 -1.76321
98200 -1.70126
98300 -1.82291
98400 -1.73588
98500 -1.74553
98600 -1.73787
98700 -1.7243
98800 -1.7618
98900 -1.64139
99000 -1.67691
99100 -1.6435
99200 -1.77565
99300 -1.83115
99400 -1.75919
99500 -1.82073
99600 -1.80488
99700 -1.79419
99800 -1.71915
99900 -1.73572
