0 -1.88778
100 -1.92741
200 -1.92912
300 -1.92426
400 -2.02921
500 -1.72438
600 -1.96444
700 -1.76062
800 -1.92459
900 -1.87933
1000 -1.84016
1100 -1.89396
1200 -1.88438
1300 -1.98297
1400 -1.86834
1500 -1.99848
1600 -1.95617
1700 -1.98666
1800 -1.93646
1900 -1.91611
2000 -2.01321
2100 -1.98934
2200 -1.91701
2300 -1.92489
2400 -1.84253
2500 -1.87332
2600 -1.98929
2700 -1.88927
2800 -1.87274
2900 -1.86467
3000 -1.89931
3100 -1.86857
3200 -1.98605
3300 -1.95707
3400 -1.92952
3500 -1.98725
3600 -1.96247
3700 -2.07789
3800 -1.94154
3900 -1.91379
4000 -1.88671
4100 -1.93121
4200 -1.90431
4300 -1.8747
4400 -1.84077
4500 -1.89488
4600 -1.98086
4700 -1.9331
4800 -1.87268
4900 -1.95461
5000 -1.93216
5100 -1.76252
5200 -2.01902
5300 -1.97345
5400 -1.95651
5500 -1.99372
5600 -1.88897
5700 -1.9429
5800 -1.8028
5900 -1.92535
6000 -2.00229
6100 -2.00342
6200 -1.91789
6300 -1.83309
6400 -1.91383
6500 -2.06013
6600 -1.93884
6700 -1.8897
6800 -1.95148
6900 -1.93786
7000 -1.99531
7100 -1.98146
7200 -1.83993
7300 -2.02993
7400 -2.04794
7500 -1.98296
7600 -1.88798
7700 -1.86727
7800 -1.88776
7900 -1.9205
8000 -1.99406
8100 -1.95636
8200 -1.94951
8300 -1.85368
8400 -1.89946
8500 -1.88629
8600 -1.96587
8700 -1.95541
8800 -1.89058
8900 -1.93835
9000 -1.81114
9100 -1.97884
9200 -1.95684
9300 -2.04358
9400 -1.82659
9500 -1.87956
9600 -1.80082
9700 -1.9118
9800 -1.95847
9900 -1.9044
10000 -1.9109
10100 -1.85988
10200 -1.79699
10300 -1.83675
10400 -1.77417
10500 -1.86307
10600 -1.77274
10700 -1.79762
10800 -2.04881
10900 -1.88579
11000 -2.01424
11100 -1.95919
11200 -1.89954
11300 -1.91573
11400 -1.9707
11500 -1.93457
11600 -1.97246
11700 -1.94424
11800 -1.92773
11900 -1.98705
12000 -1.82057
12100 -1.96443
12200 -1.88725
12300 -1.93822
12400 -1.9147
12500 -1.86205
12600 -1.94255
12700 -1.92515
12800 -1.99753
12900 -1.97098
13000 -1.90982
13100 -1.8717
13200 -1.8654
13300 -1.84571
13400 -1.92627
13500 -2.00927
13600 -1.94708
13700 -1.88917
13800 -1.84718
13900 -1.88766
14000 -1.93049
14100 -2.04564
14200 -2.03658
14300 -1.97967
14400 -1.95638
14500 -1.90199
14600 -1.99968
14700 -1.8863
14800 -1.92236
14900 -1.89175
15000 -2.03981
15100 -2.02011
15200 -1.98669
15300 -1.86971
15400 -1.98066
15500 -1.87919
15600 -1.96921
15700 -1.84961
15800 -1.87888
15900 -1.93512
16000 -1.80121
16100 -1.92902
16200 -1.92154
16300 -1.88982
16400 -2.04249
16500 -1.93643
16600 -2.05875
16700 -2.01659
16800 -1.93327
16900 -1.92143
17000 -1.89102
17100 -1.8476
17200 -1.97561
17300 -1.94386
17400 -1.90903
17500 -1.86999
17600 -1.87688
17700 -1.98112
17800 -1.99722
17900 -1.94999
18000 -1.95561
18100 -1.93986
18200 -1.88957
18300 -1.90945
18400 -1.87611
18500 -2.00067
18600 -1.96514
18700 -1.9599
18800 -1.89733
18900 -1.83222
19000 -2.01007
19100 -1.90965
19200 -1.84004
19300 -1.9569
19400 -1.91051
19500 -1.86405
19600 -1.98095
19700 -1.83308
19800 -1.99177
19900 -1.9988
20000 -1.9638
20100 -1.89829
20200 -1.90378
20300 -1.88757
20400 -1.86076
20500 -1.95941
20600 -1.82242
20700 -1.93035
20800 -1.80432
20900 -1.96938
21000 -1.89684
21100 -1.9218
21200 -1.93856
21300 -1.84126
21400 -1.9076
21500 -1.85287
21600 -1.91924
21700 -1.80017
21800 -1.88284
21900 -1.90252
22000 -1.9435
22100 -1.90329
22200 -2.01831
22300 -1.85177
22400 -2.0495
22500 -2.00385
22600 -1.90369
22700 -1.90179
22800 -1.98391
22900 -1.83359
23000 -1.98125
23100 -2.01879
23200 -1.94526
23300 -1.93441
23400 -1.97083
23500 -1.97126
23600 -1.8802
23700 -1.90909
23800 -1.93549
23900 -1.76713
24000 -1.88178
24100 -1.90872
24200 -1.77645
24300 -2.03983
24400 -1.87843
24500 -1.86911
24600 -1.93132
24700 -1.99331
24800 -1.74123
24900 -1.91536
25000 -1.99787
25100 -1.93148
25200 -1.9422
25300 -1.88449
25400 -1.90097
25500 -2.01233
25600 -1.88649
25700 -1.82559
25800 -1.96337
25900 -1.90782
26000 -1.99483
26100 -1.98001
26200 -1.78665
26300 -1.92721
26400 -1.90002
26500 -1.87648
26600 -1.92867
26700 -1.88068
26800 -1.87948
26900 -2.03174
27000 -1.98917
27100 -1.8367
27200 -1.9317
27300 -1.93152
27400 -1.79166
27500 -1.99713
27600 -1.84108
27700 -1.99766
27800 -1.98897
27900 -1.92942
28000 -1.92445
28100 -1.94077
28200 -1.97708
28300 -1.9518
28400 -1.88744
28500 -1.9858
28600 -1.9304
28700 -1.9688
28800 -1.91081
28900 -2.00667
29000 -1.93894
29100 -1.95806
29200 -1.93246
29300 -1.88646
29400 -1.93928
29500 -1.88506
29600 -1.91038
29700 -2.02868
29800 -1.88401
29900 -1.99051
30000 -1.97067
30100 -1.91023
30200 -1.89229
30300 -1.96226
30400 -1.90793
30500 -1.91432
30600 -1.86008
30700 -1.92152
30800 -1.88143
30900 -1.98144
31000 -1.86182
31100 -1.8795
31200 -1.94161
31300 -1.85665
31400 -1.9578
31500 -1.97235
31600 -1.87862
31700 -1.81294
31800 -1.94619
31900 -1.89073
32000 -1.83517
32100 -2.01165
32200 -1.91848
32300 -2.04138
32400 -1.92908
32500 -1.96271
32600 -1.97757
32700 -2.07007
32800 -1.91124
32900 -1.9819
33000 -1.86924
33100 -1.99969
33200 -1.92173
33300 -2.01195
33400 -1.99627
33500 -1.85211
33600 -1.98313
33700 -1.87384
33800 -1.99588
33900 -1.83305
34000 -1.96189
34100 -1.93789
34200 -1.87583
34300 -1.97125
34400 -1.92872
34500 -2.06672
34600 -1.95061
34700 -1.9937
34800 -1.94793
34900 -1.84916
35000 -1.92318
35100 -1.92393
35200 -1.99441
35300 -1.94528
35400 -2.04936
35500 -1.89524
35600 -2.04141
35700 -1.92249
35800 -1.89443
35900 -1.88927
36000 -1.93782
36100 -1.91807
36200 -1.92636
36300 -1.87121
36400 -1.99235
36500 -1.96413
36600 -1.84375
36700 -1.97569
36800 -1.98036
36900 -1.82354
37000 -1.95743
37100 -2.03891
37200 -1.95797
37300 -1.80891
37400 -2.01127
37500 -1.99423
37600 -2.01271
37700 -1.92236
37800 -1.86309
37900 -1.84129
38000 -1.86913
38100 -1.91546
38200 -2.02035
38300 -1.93024
38400 -1.94684
38500 -1.80021
38600 -1.85496
38700 -1.80815
38800 -1.89588
38900 -1.91419
39000 -1.82284
39100 -1.93325
39200 -2.00524
39300 -1.90652
39400 -1.80315
39500 -2.01501
39600 -1.90047
39700 -1.93523
39800 -1.91349
39900 -2.0059
40000 -1.93118
40100 -1.98293
40200 -1.89811
40300 -2.01065
40400 -1.89292
40500 -1.98376
40600 -1.78802
40700 -2.08633
40800 -1.95591
40900 -1.96812
41000 -1.94593
41100 -1.97426
41200 -1.93081
41300 -2.05951
41400 -2.04356
41500 -1.92859
41600 -2.00847
41700 -1.88536
41800 -1.94362
41900 -1.93033
42000 -1.87375
42100 -1.88628
42200 -1.90844
42300 -1.86842
42400 -1.97771
42500 -1.90166
42600 -1.88573
42700 -1.83214
42800 -2.00785
42900 -1.91425
43000 -1.92725
43100 -1.93308
43200 -1.77582
43300 -1.99257
43400 -1.97234
43500 -2.03981
43600 -1.90731
43700 -2.03584
43800 -1.85183
43900 -1.91217
44000 -1.87992
44100 -1.96304
44200 -1.92226
44300 -1.90088
44400 -1.93099
44500 -1.82761
44600 -1.79151
44700 -1.93787
44800 -2.00519
44900 -2.02522
45000 -2.04871
45100 -1.93492
45200 -2.00884
45300 -2.03569
45400 -1.78284
45500 -1.93544
45600 -2.03034
45700 -1.92382
45800 -1.93669
45900 -1.74077
46000 -1.90393
46100 -1.95539
46200 -1.93581
46300 -1.75891
46400 -1.80448
46500 -1.93501
46600 -1.90725
46700 -1.95569
46800 -1.89675
46900 -1.80552
47000 -1.95319
47100 -1.89625
47200 -1.85365
47300 -1.92316
47400 -1.9064
47500 -1.91688
47600 -1.99363
47700 -1.89473
47800 -1.96971
47900 -1.95116
48000 -1.85832
48100 -1.87143
48200 -2.00807
48300 -2.08121
48400 -1.90704
48500 -2.08012
48600 -1.98183
48700 -1.72487
48800 -1.91521
48900 -1.86771
49000 -1.95962
49100 -1.8791
49200 -2.00322
49300 -1.89469
49400 -1.89557
49500 -1.96493
49600 -1.93233
49700 -1.7655
49800 -1.88606
49900 -1.87003
50000 -1.96187
50100 -2.01714
50200 -1.95197
50300 -1.9869
50400 -1.92498
50500 -1.90187
50600 -1.95087
50700 -1.93599
50800 -1.78153
50900 -1.88563
51000 -1.88243
51100 -1.91228
51200 -1.89356
51300 -1.93678
51400 -1.89884
51500 -1.93005
51600 -1.94491
51700 -2.00493
51800 -1.92727
51900 -1.91782
52000 -1.8699
52100 -1.93683
52200 -1.9362
52300 -1.81714
52400 -1.9303
52500 -2.01747
52600 -2.02151
52700 -1.82612
52800 -1.86358
52900 -1.88254
53000 -1.81318
53100 -1.91439
53200 -1.8273
53300 -1.90707
53400 -1.95078
53500 -2.03529
53600 -1.9459
53700 -1.87427
53800 -1.90242
53900 -1.94861
54000 -1.98103
54100 -1.95942
54200 -1.88725
54300 -1.94014
54400 -1.93004
54500 -1.84087
54600 -1.97196
54700 -1.84543
54800 -1.96283
54900 -1.92035
55000 -1.98846
55100 -1.80079
55200 -1.89771
55300 -1.95141
55400 -1.8992
55500 -1.91747
55600 -1.86531
55700 -2.02805
55800 -1.76412
55900 -1.94265
56000 -1.99069
56100 -1.96099
56200 -1.80269
56300 -1.92862
56400 -1.95827
56500 -1.91439
56600 -1.91455
56700 -1.97529
56800 -1.8778
56900 -1.95268
57000 -1.95462
57100 -1.89729
57200 -1.98551
57300 -1.92039
57400 -1.8995
57500 -1.98398
57600 -1.91827
57700 -1.94042
57800 -1.94707
57900 -1.94462
58000 -1.95668
58100 -1.97321
58200 -2.04375
58300 -1.88634
58400 -1.84213
58500 -1.91003
58600 -1.88435
58700 -1.94886
58800 -1.91859
58900 -1.86642
59000 -1.95648
59100 -1.99888
59200 -1.97276
59300 -2.02492
59400 -1.88096
59500 -1.98404
59600 -1.86199
59700 -1.98152
59800 -1.98537
59900 -1.92295
60000 -1.86924
60100 -1.88468
60200 -1.93184
60300 -1.95781
60400 -1.86878
60500 -1.95348
60600 -1.81277
60700 -1.97372
60800 -1.91259
60900 -1.96989
61000 -1.98255
61100 -1.98791
61200 -2.03602
61300 -1.95791
61400 -1.9525
61500 -1.99483
61600 -1.95807
61700 -1.94729
61800 -1.98557
61900 -2.04723
62000 -2.00456
62100 -1.87682
62200 -1.96341
62300 -1.88253
62400 -2.00891
62500 -1.89221
62600 -1.84764
62700 -1.83248
62800 -1.95667
62900 -1.95523
63000 -1.9381
63100 -1.94135
63200 -1.93161
63300 -1.92859
63400 -1.89636
63500 -1.93808
63600 -1.89945
63700 -1.96669
63800 -2.04696
63900 -1.93833
64000 -1.90561
64100 -1.96272
64200 -1.96482
64300 -1.85203
64400 -1.93035
64500 -1.9515
64600 -1.95826
64700 -1.97724
64800 -1.8766
64900 -1.91971
65000 -1.9377
65100 -1.86749
65200 -1.8219
65300 -1.98283
65400 -1.94027
65500 -1.9651
65600 -1.88258
65700 -1.89783
65800 -1.84497
65900 -1.9736
66000 -1.92041
66100 -1.9465
66200 -1.8638
66300 -1.88804
66400 -1.83535
66500 -1.95229
66600 -1.82455
66700 -2.06747
66800 -1.95528
66900 -1.92854
67000 -1.99199
67100 -1.96098
67200 -1.91602
67300 -1.87709
67400 -1.85624
67500 -1.93348
67600 -1.93787
67700 -1.89123
67800 -1.94065
67900 -1.96895
68000 -1.84184
68100 -1.96858
68200 -1.90518
68300 -1.87342
68400 -1.98798
68500 -1.96458
68600 -1.97485
68700 -1.87142
68800 -2.01452
68900 -1.95139
69000 -1.90705
69100 -1.89136
69200 -1.95442
69300 -1.96857
69400 -1.9635
69500 -1.84493
69600 -1.97645
69700 -1.88651
69800 -2.00756
69900 -1.9396
70000 -1.89297
70100 -1.92464
70200 -1.96624
70300 -1.87733
70400 -1.89287
70500 -1.96426
70600 -1.89387
70700 -1.99983
70800 -1.90356
70900 -2.02229
71000 -1.92997
71100 -1.962
71200 -1.93685
71300 -1.96913
71400 -1.84314
71500 -1.85565
71600 -1.86449
71700 -1.96541
71800 -1.95442
71900 -1.78358
72000 -1.90299
72100 -1.84462
72200 -1.65452
72300 -1.93986
72400 -1.95037
72500 -1.94089
72600 -1.91633
72700 -1.96455
72800 -2.02386
72900 -1.95303
73000 -1.93505
73100 -1.87557
73200 -1.95658
73300 -1.98004
73400 -1.9553
73500 -1.92064
73600 -1.93403
73700 -1.93255
73800 -1.87276
73900 -1.81105
74000 -1.83004
74100 -2.01324
74200 -2.03514
74300 -1.92002
74400 -1.77392
74500 -1.78834
74600 -1.88671
74700 -1.91661
74800 -1.94132
74900 -2.02003
75000 -1.92914
75100 -1.93767
75200 -1.8945
75300 -1.92708
75400 -1.92644
75500 -1.9432
75600 -1.90587
75700 -1.79488
75800 -1.88196
75900 -1.90308
76000 -1.89275
76100 -2.03608
76200 -1.99685
76300 -1.9307
76400 -1.91142
76500 -1.98392
76600 -1.89527
76700 -1.87938
76800 -1.90295
76900 -1.90927
77000 -1.97767
77100 -1.89231
77200 -1.99237
77300 -1.98241
77400 -2.01949
77500 -1.88319
77600 -1.87802
77700 -1.94926
77800 -2.0382
77900 -1.9601
78000 -1.97327
78100 -1.84765
78200 -1.85492
78300 -1.97551
78400 -1.93904
78500 -1.95876
78600 -1.9791
78700 -1.90565
78800 -1.92507
78900 -1.91433
79000 -1.9597
79100 -1.97025
79200 -2.02269
79300 -1.88208
79400 -1.81173
79500 -1.96938
79600 -2.0314
79700 -1.89545
79800 -1.88903
79900 -1.9517
80000 -1.9364
80100 -1.91766
80200 -1.88646
80300 -2.07347
80400 -1.92685
80500 -1.93331
80600 -1.89278
80700 -1.88408
80800 -1.93488
80900 -1.87214
81000 -1.87853
81100 -1.9187
81200 -1.90426
81300 -1.88558
81400 -1.95553
81500 -1.9733
81600 -1.93294
81700 -1.93542
81800 -2.03655
81900 -1.91695
82000 -1.93608
82100 -2.12713
82200 -2.0841
82300 -1.83945
82400 -1.97971
82500 -2.06153
82600 -1.92908
82700 -1.85793
82800 -1.92394
82900 -1.80475
83000 -2.01935
83100 -2.04356
83200 -1.93452
83300 -1.93108
83400 -1.87501
83500 -1.85301
83600 -1.81665
83700 -1.84189
83800 -1.95147
83900 -1.9001
84000 -1.93573
84100 -1.9386
84200 -1.87733
84300 -2.02272
84400 -1.95824
84500 -1.95356
84600 -1.96036
84700 -1.91631
84800 -1.95074
84900 -1.91301
85000 -1.94912
85100 -1.85605
85200 -1.99948
85300 -1.90904
85400 -2.00972
85500 -1.90823
85600 -1.91403
85700 -1.79468
85800 -1.94871
85900 -1.97701
86000 -1.94231
86100 -2.04715
86200 -1.883
86300 -1.90318
86400 -1.76053
86500 -1.98632
86600 -1.98304
86700 -1.98592
86800 -1.83107
86900 -1.9251
87000 -1.93102
87100 -2.01878
87200 -2.01403
87300 -1.84921
87400 -1.97566
87500 -2.00029
87600 -1.96387
87700 -1.90633
87800 -1.98665
87900 -2.00931
88000 -1.88971
88100 -1.99391
88200 -1.91123
88300 -1.914
88400 -1.9137
88500 -1.95781
88600 -1.8506
88700 -1.9632
88800 -1.91804
88900 -1.85384
89000 -2.01377
89100 -1.82674
89200 -1.85389
89300 -1.91627
89400 -1.8426
89500 -1.98474
89600 -1.92676
89700 -1.98975
89800 -1.90748
89900 -1.86637
90000 -1.82002
90100 -1.90768
90200 -1.88211
90300 -1.8123
90400 -1.96847
90500 -1.96556
90600 -1.88336
90700 -1.98745
90800 -1.9805
90900 -1.9711
91000 -1.97276
91100 -1.91375
91200 -2.02674
91300 -1.84742
91400 -1.84045
91500 -1.818
91600 -2.00605
91700 -1.95232
91800 -1.95923
91900 -1.87339
92000 -1.859
92100 -1.98202
92200 -1.87602
92300 -1.94158
92400 -1.87444
92500 -1.92095
92600 -1.99563
92700 -1.9314
92800 -1.97696
92900 -1.90867
93000 -1.92214
93100 -1.8563
93200 -1.79641
93300 -1.915
93400 -2.01723
93500 -1.88312
93600 -1.93233
93700 -2.03615
93800 -1.93417
93900 -1.87608
94000 -2.01493
94100 -1.91027
94200 -1.84505
94300 -1.9663
94400 -1.97115
94500 -1.97424
94600 -1.89291
94700 -1.8132
94800 -1.85534
94900 -1.98584
95000 -1.90954
95100 -1.8474
95200 -1.94885
95300 -2.02629
95400 -1.89669
95500 -1.90902
95600 -1.81947
95700 -1.97515
95800 -1.85037
95900 -1.9363
96000 -1.90451
96100 -1.94767
96200 -1.9144
96300 -2.0236
96400 -1.92986
96500 -1.89981
96600 -1.96329
96700 -1.87271
96800 -1.97167
96900 -2.02256
97000 -1.9391
97100 -1.92278
97200 -1.88949
97300 -1.96329
97400 -1.93644
97500 -1.93664
97600 -1.90632
97700 -1.92543
97800 -1.91239
97900 -1.91257
98000 -1.98111
98100 -1.93284
98200 -1.92753
98300 -1.79925
98400 -1.95649
98500 -1.96065
98600 -1.89364
98700 -1.89061
98800 -1.96286
98900 -1.89169
99000 -1.95767
99100 -1.86168
99200 -1.923
99300 -2.01787
99400 -1.83354
99500 -1.95326
99600 -1.91372
99700 -1.89247
99800 -1.85242
99900 -1.89046
