0 -1.7106
100 -1.69703
200 -1.60287
300 -1.67282
400 -1.78516
500 -1.66746
600 -1.66166
700 -1.6803
800 -1.68415
900 -1.57858
1000 -1.59901
1100 -1.60897
1200 -1.71427
1300 -1.7706
1400 -1.69703
1500 -1.61279
1600 -1.64837
1700 -1.74438
1800 -1.57914
1900 -1.60992
2000 -1.61106
2100 -1.81583
2200 -1.77966
2300 -1.73088
2400 -1.61546
2500 -1.52291
2600 -1.47946
2700 -1.67611
2800 -1.71473
2900 -1.55422
3000 -1.6958
3100 -1.64779
3200 -1.67533
3300 -1.69769
3400 -1.62515
3500 -1.67231
3600 -1.59453
3700 -1.74912
3800 -1.56744
3900 -1.61989
4000 -1.6237
4100 -1.60272
4200 -1.78487
4300 -1.70585
4400 -1.68794
4500 -1.65243
4600 -1.58952
4700 -1.66716
4800 -1.55834
4900 -1.61148
5000 -1.64903
5100 -1.70321
5200 -1.64493
5300 -1.76861
5400 -1.73365
5500 -1.69355
5600 -1.69759
5700 -1.67579
5800 -1.6107
5900 -1.46619
6000 -1.59021
6100 -1.51467
6200 -1.61345
6300 -1.57578
6400 -1.56615
6500 -1.49724
6600 -1.51063
6700 -1.4732
6800 -1.58044
6900 -1.57151
7000 -1.69414
7100 -1.57957
7200 -1.64515
7300 -1.5875
7400 -1.66989
7500 -1.61285
7600 -1.60765
7700 -1.69255
7800 -1.74627
7900 -1.65907
8000 -1.77905
8100 -1.57888
8200 -1.57191
8300 -1.57189
8400 -1.60873
8500 -1.53075
8600 -1.55349
8700 -1.56822
8800 -1.58746
8900 -1.70041
9000 -1.46632
9100 -1.54275
9200 -1.60765
9300 -1.5866
9400 -1.66887
9500 -1.7398
9600 -1.54611
9700 -1.61127
9800 -1.63687
9900 -1.57376
10000 -1.63626
10100 -1.71307
10200 -1.71851
10300 -1.78911
10400 -1.72076
10500 -1.7706
10600 -1.6518
10700 -1.75368
10800 -1.74697
10900 -1.756
11000 -1.61268
11100 -1.62693
11200 -1.62814
11300 -1.75124
11400 -1.70209
11500 -1.81453
11600 -1.75364
11700 -1.89507
11800 -1.8502
11900 -1.61653
12000 -1.62672
12100 -1.76446
12200 -1.75446
12300 -1.73016
12400 -1.66684
12500 -1.57827
12600 -1.6424
12700 -1.54777
12800 -1.53475
12900 -1.60062
13000 -1.57438
13100 -1.53191
13200 -1.77214
13300 -1.65038
13400 -1.77936
13500 -1.56106
13600 -1.62837
13700 -1.56136
13800 -1.59666
13900 -1.51994
14000 -1.83176
14100 -1.76115
14200 -1.85803
14300 -1.77415
14400 -1.67942
14500 -1.73852
14600 -1.60519
14700 -1.5625
14800 -1.55267
14900 -1.82552
15000 -1.71998
15100 -1.71782
15200 -1.80389
15300 -1.82616
15400 -1.77785
15500 -1.85006
15600 -1.74189
15700 -1.79468
15800 -1.61591
15900 -1.66814
16000 -1.56325
16100 -1.77339
16200 -1.68634
16300 -1.65147
16400 -1.60699
16500 -1.50495
16600 -1.52815
16700 -1.56559
16800 -1.80679
16900 -1.76608
17000 -1.7868
17100 -1.72457
17200 -1.83715
17300 -1.6357
17400 -1.6893
17500 -1.68995
17600 -1.54516
17700 -1.59048
17800 -1.68129
17900 -1.67509
18000 -1.72691
18100 -1.68825
18200 -1.79541
18300 -1.58604
18400 -1.5491
18500 -1.5738
18600 -1.63058
18700 -1.61112
18800 -1.47434
18900 -1.57809
19000 -1.61164
19100 -1.49729
19200 -1.61535
19300 -1.69223
19400 -1.66374
19500 -1.64906
19600 -1.74489
19700 -1.64136
19800 -1.56659
19900 -1.63146
20000 -1.69692
20100 -1.62564
20200 -1.67767
20300 -1.60328
20400 -1.71438
20500 -1.61304
20600 -1.5915
20700 -1.50143
20800 -1.50345
20900 -1.68327
21000 -1.67813
21100 -1.59512
21200 -1.68646
21300 -1.70234
21400 -1.74563
21500 -1.84726
21600 -1.90065
21700 -1.76955
21800 -1.74188
21900 -1.75541
22000 -1.88577
22100 -1.80272
22200 -1.68086
22300 -1.6327
22400 -1.72629
22500 -1.49554
22600 -1.7162
22700 -1.64654
22800 -1.59865
22900 -1.83423
23000 -1.64665
23100 -1.65036
23200 -1.61474
23300 -1.77126
23400 -1.57983
23500 -1.61854
23600 -1.67046
23700 -1.55864
23800 -1.55257
23900 -1.79961
24000 -1.71179
24100 -1.75894
24200 -1.73904
24300 -1.87173
24400 -1.75214
24500 -1.72703
24600 -1.71986
24700 -1.69571
24800 -1.66408
24900 -1.52083
25000 -1.61205
25100 -1.60755
25200 -1.65225
25300 -1.67839
25400 -1.68718
25500 -1.62622
25600 -1.72018
25700 -1.67705
25800 -1.67101
25900 -1.62995
26000 -1.65422
26100 -1.83745
26200 -1.62076
26300 -1.82202
26400 -1.8038
26500 -1.74175
26600 -1.64659
26700 -1.5931
26800 -1.7734
26900 -1.80589
27000 -1.76636
27100 -1.80757
27200 -1.63853
27300 -1.65168
27400 -1.63582
27500 -1.61154
27600 -1.53381
27700 -1.67971
27800 -1.66647
27900 -1.70566
28000 -1.90487
28100 -1.65607
28200 -1.71072
28300 -1.96323
28400 -1.79945
28500 -1.62132
28600 -1.77866
28700 -1.67989
28800 -1.72648
28900 -1.66592
29000 -1.69745
29100 -1.74197
29200 -1.6051
29300 -1.59234
29400 -1.50552
29500 -1.42903
29600 -1.43447
29700 -1.53643
29800 -1.52822
29900 -1.70452
30000 -1.59549
30100 -1.67215
30200 -1.56622
30300 -1.62984
30400 -1.55305
30500 -1.5997
30600 -1.73978
30700 -1.57695
30800 -1.56201
30900 -1.63383
31000 -1.79107
31100 -1.74927
31200 -1.63892
31300 -1.70558
31400 -1.61659
31500 -1.72093
31600 -1.71617
31700 -1.65662
31800 -1.6187
31900 -1.65273
32000 -1.58532
32100 -1.56916
32200 -1.59704
32300 -1.60154
32400 -1.6763
32500 -1.67918
32600 -1.62839
32700 -1.76157
32800 -1.714
32900 -1.7051
33000 -1.74305
33100 -1.66155
33200 -1.58688
33300 -1.61489
33400 -1.67926
33500 -1.75949
33600 -1.70142
33700 -1.8145
33800 -1.78239
33900 -1.72645
34000 -1.75052
34100 -1.66515
34200 -1.60971
34300 -1.75351
34400 -1.61796
34500 -1.65586
34600 -1.6526
34700 -1.6772
34800 -1.56778
34900 -1.70829
35000 -1.53096
35100 -1.56335
35200 -1.5314
35300 -1.55206
35400 -1.77193
35500 -1.60354
35600 -1.66938
35700 -1.67716
35800 -1.58201
35900 -1.69858
36000 -1.63676
36100 -1.85056
36200 -1.51137
36300 -1.7245
36400 -1.52743
36500 -1.61915
36600 -1.65303
36700 -1.61588
36800 -1.58075
36900 -1.70044
37000 -1.71733
37100 -1.63424
37200 -1.66626
37300 -1.54503
37400 -1.55353
37500 -1.60888
37600 -1.53861
37700 -1.56741
37800 -1.54004
37900 -1.50255
38000 -1.43742
38100 -1.64404
38200 -1.55901
38300 -1.59
38400 -1.59098
38500 -1.68483
38600 -1.69773
38700 -1.63136
38800 -1.67281
38900 -1.78169
39000 -1.72799
39100 -1.70317
39200 -1.74791
39300 -1.89628
39400 -1.73303
39500 -1.76167
39600 -1.63969
39700 -1.68343
39800 -1.61498
39900 -1.48619
40000 -1.58912
40100 -1.63443
40200 -1.61892
40300 -1.53239
40400 -1.56169
40500 -1.56927
40600 -1.74339
40700 -1.58412
40800 -1.64379
40900 -1.63482
41000 -1.66912
41100 -1.60764
41200 -1.63869
41300 -1.66682
41400 -1.58779
41500 -1.63382
41600 -1.69842
41700 -1.61552
41800 -1.68026
41900 -1.62258
42000 -1.61597
42100 -1.65392
42200 -1.67658
42300 -1.64876
42400 -1.66065
42500 -1.65406
42600 -1.68664
42700 -1.62606
42800 -1.7297
42900 -1.68204
43000 -1.50176
43100 -1.57183
43200 -1.65699
43300 -1.62314
43400 -1.5771
43500 -1.5856
43600 -1.707
43700 -1.66552
43800 -1.56516
43900 -1.68942
44000 -1.76579
44100 -1.60506
44200 -1.71186
44300 -1.62889
44400 -1.64079
44500 -1.72009
44600 -1.66243
44700 -1.71865
44800 -1.60765
44900 -1.61854
45000 -1.62135
45100 -1.75675
45200 -1.57791
45300 -1.62389
45400 -1.5787
45500 -1.60512
45600 -1.73079
45700 -1.63674
45800 -1.71384
45900 -1.60533
46000 -1.7059
46100 -1.79387
46200 -1.70751
46300 -1.60669
46400 -1.70165
46500 -1.74578
46600 -1.6736
46700 -1.73726
46800 -1.56234
46900 -1.64322
47000 -1.5732
47100 -1.49303
47200 -1.55398
47300 -1.84395
47400 -1.68651
47500 -1.61239
47600 -1.51533
47700 -1.38439
47800 -1.5276
47900 -1.66769
48000 -1.65264
48100 -1.52126
48200 -1.56844
48300 -1.57685
48400 -1.63014
48500 -1.74583
48600 -1.79703
48700 -1.79717
48800 -1.79569
48900 -1.90599
49000 -1.78149
49100 -1.77434
49200 -1.68955
49300 -1.63159
49400 -1.84043
49500 -1.71599
49600 -1.65558
49700 -1.52525
49800 -1.55392
49900 -1.71405
50000 -1.78014
50100 -1.79688
50200 -1.72189
50300 -1.66545
50400 -1.76751
50500 -1.66732
50600 -1.59923
50700 -1.91839
50800 -1.73877
50900 -1.76812
51000 -1.72801
51100 -1.76904
51200 -1.76103
51300 -1.80104
51400 -1.74743
51500 -1.5349
51600 -1.68717
51700 -1.62462
51800 -1.67629
51900 -1.66704
52000 -1.71991
52100 -1.61619
52200 -1.59934
52300 -1.60608
52400 -1.53421
52500 -1.52274
52600 -1.6669
52700 -1.57623
52800 -1.59342
52900 -1.68471
53000 -1.67199
53100 -1.72632
53200 -1.66373
53300 -1.62445
53400 -1.59011
53500 -1.43299
53600 -1.66724
53700 -1.63155
53800 -1.56905
53900 -1.71514
54000 -1.55936
54100 -1.63756
54200 -1.67544
54300 -1.60985
54400 -1.51493
54500 -1.53964
54600 -1.55819
54700 -1.59426
54800 -1.51094
54900 -1.49645
55000 -1.41485
55100 -1.63039
55200 -1.68706
55300 -1.70683
55400 -1.79156
55500 -1.65428
55600 -1.70287
55700 -1.69308
55800 -1.73308
55900 -1.55032
56000 -1.51526
56100 -1.54473
56200 -1.55986
56300 -1.47997
56400 -1.57704
56500 -1.6344
56600 -1.68996
56700 -1.73401
56800 -1.7162
56900 -1.73586
57000 -1.54655
57100 -1.53683
57200 -1.65685
57300 -1.61567
57400 -1.66951
57500 -1.57752
57600 -1.75409
57700 -1.74567
57800 -1.74171
57900 -1.80418
58000 -1.84324
58100 -1.61717
58200 -1.73683
58300 -1.66636
58400 -1.6285
58500 -1.75128
58600 -1.68675
58700 -1.69309
58800 -1.65194
58900 -1.5589
59000 -1.64043
59100 -1.5319
59200 -1.64646
59300 -1.65277
59400 -1.69941
59500 -1.63678
59600 -1.55075
59700 -1.71809
59800 -1.6571
59900 -1.68529
60000 -1.58714
60100 -1.60303
60200 -1.78413
60300 -1.58625
60400 -1.63954
60500 -1.74129
60600 -1.7069
60700 -1.62832
60800 -1.54902
60900 -1.45766
61000 -1.60222
61100 -1.625
61200 -1.67629
61300 -1.56519
61400 -1.51134
61500 -1.53897
61600 -1.61289
61700 -1.63467
61800 -1.61957
61900 -1.66401
62000 -1.50338
62100 -1.56386
62200 -1.60379
62300 -1.58428
62400 -1.65386
62500 -1.68376
62600 -1.73411
62700 -1.5856
62800 -1.66682
62900 -1.74507
63000 -1.63616
63100 -1.72092
63200 -1.69794
63300 -1.6665
63400 -1.72976
63500 -1.63336
63600 -1.63542
63700 -1.60039
63800 -1.74997
63900 -1.52321
64000 -1.61528
64100 -1.66611
64200 -1.58413
64300 -1.47157
64400 -1.66917
64500 -1.67285
64600 -1.59037
64700 -1.51506
64800 -1.52265
64900 -1.57996
65000 -1.4281
65100 -1.51504
65200 -1.48871
65300 -1.60601
65400 -1.6485
65500 -1.82029
65600 -1.66694
65700 -1.52886
65800 -1.50418
65900 -1.55984
66000 -1.52798
66100 -1.50997
66200 -1.78501
66300 -1.765
66400 -1.8057
66500 -1.59728
66600 -1.62337
66700 -1.69528
66800 -1.6555
66900 -1.70766
67000 -1.72785
67100 -1.79358
67200 -1.75415
67300 -1.66818
67400 -1.63714
67500 -1.61669
67600 -1.64062
67700 -1.60068
67800 -1.65045
67900 -1.62407
68000 -1.51941
68100 -1.59778
68200 -1.7325
68300 -1.66546
68400 -1.64939
68500 -1.67495
68600 -1.70105
68700 -1.76178
68800 -1.63423
68900 -1.7395
69000 -1.69275
69100 -1.62115
69200 -1.76794
69300 -1.62749
69400 -1.6652
69500 -1.58074
69600 -1.62908
69700 -1.57758
69800 -1.58631
69900 -1.5112
70000 -1.56399
70100 -1.65022
70200 -1.66249
70300 -1.74172
70400 -1.8775
70500 -1.60661
70600 -1.65429
70700 -1.79567
70800 -1.79165
70900 -1.68853
71000 -1.67802
71100 -1.57974
71200 -1.6796
71300 -1.72471
71400 -1.66527
71500 -1.68833
71600 -1.66746
71700 -1.67542
71800 -1.71171
71900 -1.65487
72000 -1.6364
72100 -1.79705
72200 -1.7178
72300 -1.75098
72400 -1.75043
72500 -1.56982
72600 -1.61038
72700 -1.61465
72800 -1.78141
72900 -1.70703
73000 -1.77804
73100 -1.80924
73200 -1.70661
73300 -1.62645
73400 -1.6513
73500 -1.59431
73600 -1.62312
73700 -1.59323
73800 -1.58615
73900 -1.69895
74000 -1.54804
74100 -1.61416
74200 -1.57414
74300 -1.68884
74400 -1.69798
74500 -1.59075
74600 -1.72441
74700 -1.65115
74800 -1.64918
74900 -1.69669
75000 -1.66108
75100 -1.6145
75200 -1.59836
75300 -1.58471
75400 -1.47778
75500 -1.50678
75600 -1.52207
75700 -1.62378
75800 -1.57614
75900 -1.54102
76000 -1.51804
76100 -1.59704
76200 -1.52203
76300 -1.60515
76400 -1.64834
76500 -1.55496
76600 -1.75735
76700 -1.82291
76800 -1.68252
76900 -1.6403
77000 -1.67894
77100 -1.63139
77200 -1.61246
77300 -1.72417
77400 -1.64077
77500 -1.75782
77600 -1.57379
77700 -1.61286
77800 -1.89457
77900 -1.67669
78000 -1.78253
78100 -1.71503
78200 -1.81436
78300 -1.62913
78400 -1.68032
78500 -1.5166
78600 -1.59342
78700 -1.6959
78800 -1.70372
78900 -1.73052
79000 -1.70601
79100 -1.66137
79200 -1.77254
79300 -1.76262
79400 -1.69896
79500 -1.63269
79600 -1.63778
79700 -1.61201
79800 -1.67285
79900 -1.64914
80000 -1.66281
80100 -1.64786
80200 -1.74049
80300 -1.65867
80400 -1.71258
80500 -1.80252
80600 -1.77108
80700 -1.73079
80800 -1.62604
80900 -1.62878
81000 -1.68473
81100 -1.78394
81200 -1.65216
81300 -1.78932
81400 -1.80315
81500 -1.69873
81600 -1.6863
81700 -1.7927
81800 -1.64274
81900 -1.70555
82000 -1.82858
82100 -1.71612
82200 -1.7676
82300 -1.88151
82400 -1.87616
82500 -1.74406
82600 -1.74016
82700 -1.82564
82800 -1.74287
82900 -1.66385
83000 -1.71355
83100 -1.63411
83200 -1.62746
83300 -1.56318
83400 -1.79826
83500 -1.65275
83600 -1.68046
83700 -1.59005
83800 -1.67361
83900 -1.72166
84000 -1.72615
84100 -1.64673
84200 -1.68641
84300 -1.60419
84400 -1.72157
84500 -1.62609
84600 -1.66128
84700 -1.75023
84800 -1.83203
84900 -1.80757
85000 -1.70811
85100 -1.76319
85200 -1.76402
85300 -1.71236
85400 -1.73818
85500 -1.7555
85600 -1.63786
85700 -1.7127
85800 -1.56509
85900 -1.6925
86000 -1.55761
86100 -1.57565
86200 -1.64379
86300 -1.65447
86400 -1.55766
86500 -1.55904
86600 -1.53795
86700 -1.58852
86800 -1.56058
86900 -1.75458
87000 -1.73358
87100 -1.65822
87200 -1.53375
87300 -1.74475
87400 -1.69866
87500 -1.54341
87600 -1.53294
87700 -1.58837
87800 -1.48529
87900 -1.42498
88000 -1.62269
88100 -1.61942
88200 -1.52417
88300 -1.63395
88400 -1.5925
88500 -1.71605
88600 -1.6543
88700 -1.71427
88800 -1.84057
88900 -1.86029
89000 -1.74832
89100 -1.67965
89200 -1.67925
89300 -1.64408
89400 -1.48907
89500 -1.50589
89600 -1.67122
89700 -1.52994
89800 -1.66088
89900 -1.55644
90000 -1.62941
90100 -1.59062
90200 -1.52691
90300 -1.70325
90400 -1.61843
90500 -1.67928
90600 -1.69487
90700 -1.67808
90800 -1.72621
90900 -1.716
91000 -1.5836
91100 -1.49146
91200 -1.664
91300 -1.58551
91400 -1.59804
91500 -1.6057
91600 -1.65106
91700 -1.73754
91800 -1.68264
91900 -1.56744
92000 -1.61492
92100 -1.63737
92200 -1.75243
92300 -1.68963
92400 -1.63947
92500 -1.68829
92600 -1.71642
92700 -1.76674
92800 -1.61853
92900 -1.62341
93000 -1.68697
93100 -1.73409
93200 -1.62273
93300 -1.70019
93400 -1.66498
93500 -1.69501
93600 -1.64181
93700 -1.68279
93800 -1.66436
93900 -1.77484
94000 -1.77176
94100 -1.66943
94200 -1.7289
94300 -1.647
94400 -1.7084
94500 -1.48763
94600 -1.59752
94700 -1.69347
94800 -1.55172
94900 -1.72151
95000 -1.54848
95100 -1.64648
95200 -1.69512
95300 -1.68333
95400 -1.65016
95500 -1.63374
95600 -1.7549
95700 -1.62045
95800 -1.80131
95900 -1.81588
96000 -1.72831
96100 -1.88184
96200 -1.72023
96300 -1.67426
96400 -1.77864
96500 -1.49596
96600 -1.68802
96700 -1.56532
96800 -1.60194
96900 -1.57219
97000 -1.54508
97100 -1.62144
97200 -1.44092
97300 -1.48856
97400 -1.55135
97500 -1.6391
97600 -1.59415
97700 -1.61702
97800 -1.50899
97900 -1.62633
98000 -1.75894
98100 -1.72722
98200 -1.67206
98300 -1.58491
98400 -1.52569
98500 -1.50173
98600 -1.57305
98700 -1.51597
98800 -1.54347
98900 -1.71089
99000 -1.58207
99100 -1.51085
99200 -1.6521
99300 -1.58971
99400 -1.54384
99500 -1.56939
99600 -1.65402
99700 -1.56509
99800 -1.6134
99900 -1.63201
