0 -0.39983
100 -0.386579
200 -0.483989
300 -0.343249
400 -0.437611
500 -0.362864
600 -0.374765
700 -0.59741
800 -0.421974
900 -0.372936
1000 -0.407079
1100 -0.424842
1200 -0.421094
1300 -0.435323
1400 -0.509084
1500 -0.522016
1600 -0.480011
1700 -0.427715
1800 -0.443327
1900 -0.420689
2000 -0.405209
2100 -0.361507
2200 -0.46682
2300 -0.479387
2400 -0.390461
2500 -0.436693
2600 -0.537309
2700 -0.592313
2800 -0.459279
2900 -0.428601
3000 -0.415276
3100 -0.348273
3200 -0.33692
3300 -0.468327
3400 -0.433193
3500 -0.481941
3600 -0.375001
3700 -0.469479
3800 -0.490565
3900 -0.518283
4000 -0.467874
4100 -0.424074
4200 -0.34774
4300 -0.44829
4400 -0.595564
4500 -0.561728
4600 -0.422531
4700 -0.511925
4800 -0.505212
4900 -0.45304
5000 -0.436556
5100 -0.3439
5200 -0.458672
5300 -0.52017
5400 -0.435554
5500 -0.519584
5600 -0.378187
5700 -0.498298
5800 -0.467303
5900 -0.558064
6000 -0.486082
6100 -0.409942
6200 -0.399103
6300 -0.488403
6400 -0.483876
6500 -0.403144
6600 -0.396852
6700 -0.481135
6800 -0.395934
6900 -0.396746
7000 -0.410381
7100 -0.449792
7200 -0.413181
7300 -0.33647
7400 -0.415547
7500 -0.471928
7600 -0.310078
7700 -0.490377
7800 -0.394814
7900 -0.36186
8000 -0.46166
8100 -0.385626
8200 -0.359727
8300 -0.411946
8400 -0.505951
8500 -0.411919
8600 -0.362145
8700 -0.413504
8800 -0.380461
8900 -0.315761
9000 -0.347262
9100 -0.494303
9200 -0.390228
9300 -0.481972
9400 -0.45008
9500 -0.380187
9600 -0.35669
9700 -0.467609
9800 -0.440724
9900 -0.488794
10000 -0.510579
10100 -0.411725
10200 -0.49139
10300 -0.462007
10400 -0.447388
10500 -0.486815
10600 -0.440388
10700 -0.371747
10800 -0.409551
10900 -0.418731
11000 -0.524996
11100 -0.44837
11200 -0.500031
11300 -0.43844
11400 -0.516981
11500 -0.463311
11600 -0.375697
11700 -0.402682
11800 -0.440715
11900 -0.355383
12000 -0.543833
12100 -0.453798
12200 -0.392803
12300 -0.42668
12400 -0.350321
12500 -0.413693
12600 -0.470645
12700 -0.515081
12800 -0.402332
12900 -0.518177
13000 -0.434613
13100 -0.435125
13200 -0.397745
13300 -0.330629
13400 -0.352272
13500 -0.37869
13600 -0.344686
13700 -0.422619
13800 -0.506524
13900 -0.489132
14000 -0.3603
14100 -0.477406
14200 -0.320181
14300 -0.473937
14400 -0.372945
14500 -0.386777
14600 -0.386625
14700 -0.466961
14800 -0.394795
14900 -0.424023
15000 -0.310952
15100 -0.430413
15200 -0.481348
15300 -0.520644
15400 -0.390848
15500 -0.437248
15600 -0.623199
15700 -0.315942
15800 -0.462266
15900 -0.379189
16000 -0.463928
16100 -0.548417
16200 -0.538424
16300 -0.439701
16400 -0.479387
16500 -0.427181
16600 -0.394319
16700 -0.396248
16800 -0.467446
16900 -0.441553
17000 -0.464036
17100 -0.437482
17200 -0.394613
17300 -0.331436
17400 -0.397425
17500 -0.348942
17600 -0.547084
17700 -0.372924
17800 -0.29086
17900 -0.385472
18000 -0.550821
18100 -0.324065
18200 -0.376059
18300 -0.539276
18400 -0.420659
18500 -0.41634
18600 -0.397074
18700 -0.383091
18800 -0.449748
18900 -0.416134
19000 -0.37419
19100 -0.393872
19200 -0.386214
19300 -0.446806
19400 -0.473489
19500 -0.457776
19600 -0.455081
19700 -0.442298
19800 -0.511775
19900 -0.308117
20000 -0.497584
20100 -0.36912
20200 -0.418452
20300 -0.41187
20400 -0.460666
20500 -0.47349
20600 -0.492456
20700 -0.425913
20800 -0.444798
20900 -0.395705
21000 -0.417558
21100 -0.442794
21200 -0.268756
21300 -0.372435
21400 -0.437493
21500 -0.417513
21600 -0.455626
21700 -0.436509
21800 -0.438169
21900 -0.488184
22000 -0.425961
22100 -0.431336
22200 -0.413117
22300 -0.526226
22400 -0.478586
22500 -0.33868
22600 -0.394245
22700 -0.427343
22800 -0.443835
22900 -0.470603
23000 -0.536956
23100 -0.466303
23200 -0.530787
23300 -0.487097
23400 -0.362657
23500 -0.44602
23600 -0.369428
23700 -0.369714
23800 -0.365294
23900 -0.462165
24000 -0.372709
24100 -0.418098
24200 -0.474667
24300 -0.470738
24400 -0.358913
24500 -0.47873
24600 -0.433802
24700 -0.454651
24800 -0.424744
24900 -0.536605
25000 -0.546367
25100 -0.34379
25200 -0.484277
25300 -0.312428
25400 -0.419816
25500 -0.422876
25600 -0.449533
25700 -0.459882
25800 -0.442072
25900 -0.440698
26000 -0.411613
26100 -0.400664
26200 -0.444623
26300 -0.359563
26400 -0.471262
26500 -0.325041
26600 -0.354095
26700 -0.471034
26800 -0.556666
26900 -0.386928
27000 -0.467135
27100 -0.594314
27200 -0.43731
27300 -0.533486
27400 -0.489542
27500 -0.411606
27600 -0.456386
27700 -0.3946
27800 -0.412161
27900 -0.497007
28000 -0.430501
28100 -0.463174
28200 -0.34971
28300 -0.581424
28400 -0.522903
28500 -0.464951
28600 -0.455263
28700 -0.418081
28800 -0.440762
28900 -0.511756
29000 -0.329728
29100 -0.384311
29200 -0.411407
29300 -0.540882
29400 -0.405944
29500 -0.481226
29600 -0.476028
29700 -0.475177
29800 -0.506175
29900 -0.492388
30000 -0.526924
30100 -0.513841
30200 -0.572787
30300 -0.46736
30400 -0.400706
30500 -0.484475
30600 -0.447184
30700 -0.456545
30800 -0.409704
30900 -0.608825
31000 -0.378107
31100 -0.357211
31200 -0.489047
31300 -0.506549
31400 -0.435294
31500 -0.566998
31600 -0.451389
31700 -0.426002
31800 -0.483003
31900 -0.459721
32000 -0.370035
32100 -0.466907
32200 -0.452388
32300 -0.437343
32400 -0.451282
32500 -0.442148
32600 -0.378139
32700 -0.464401
32800 -0.384198
32900 -0.394526
33000 -0.411286
33100 -0.517409
33200 -0.381569
33300 -0.494299
33400 -0.464663
33500 -0.564914
33600 -0.352412
33700 -0.535677
33800 -0.493461
33900 -0.429273
34000 -0.447249
34100 -0.440681
34200 -0.386912
34300 -0.358637
34400 -0.386676
34500 -0.404672
34600 -0.400316
34700 -0.449096
34800 -0.436373
34900 -0.396274
35000 -0.359234
35100 -0.450099
35200 -0.338293
35300 -0.437718
35400 -0.409454
35500 -0.449964
35600 -0.417243
35700 -0.477867
35800 -0.430829
35900 -0.398941
36000 -0.41117
36100 -0.413516
36200 -0.444245
36300 -0.507119
36400 -0.495575
36500 -0.414021
36600 -0.36885
36700 -0.516833
36800 -0.419309
36900 -0.386356
37000 -0.483358
37100 -0.549143
37200 -0.53339
37300 -0.428673
37400 -0.477071
37500 -0.42064
37600 -0.453742
37700 -0.42958
37800 -0.487178
37900 -0.484656
38000 -0.39459
38100 -0.47921
38200 -0.451268
38300 -0.484507
38400 -0.490156
38500 -0.541951
38600 -0.393894
38700 -0.417915
38800 -0.485303
38900 -0.447253
39000 -0.388518
39100 -0.447283
39200 -0.450193
39300 -0.345573
39400 -0.414833
39500 -0.3213
39600 -0.43326
39700 -0.388139
39800 -0.496287
39900 -0.506006
40000 -0.425431
40100 -0.45054
40200 -0.513301
40300 -0.5057
40400 -0.541106
40500 -0.464364
40600 -0.448078
40700 -0.505096
40800 -0.400639
40900 -0.468271
41000 -0.432911
41100 -0.510318
41200 -0.494474
41300 -0.316311
41400 -0.379614
41500 -0.516704
41600 -0.500895
41700 -0.400944
41800 -0.453134
41900 -0.495801
42000 -0.403536
42100 -0.443056
42200 -0.481228
42300 -0.450614
42400 -0.43644
42500 -0.349861
42600 -0.554356
42700 -0.355732
42800 -0.572398
42900 -0.61727
43000 -0.468958
43100 -0.362538
43200 -0.40499
43300 -0.530386
43400 -0.473097
43500 -0.426008
43600 -0.390315
43700 -0.468968
43800 -0.48415
43900 -0.43821
44000 -0.402939
44100 -0.366674
44200 -0.482314
44300 -0.449986
44400 -0.377844
44500 -0.42387
44600 -0.617254
44700 -0.639655
44800 -0.488684
44900 -0.48584
45000 -0.489312
45100 -0.380686
45200 -0.497202
45300 -0.467108
45400 -0.432551
45500 -0.457452
45600 -0.433858
45700 -0.384299
45800 -0.442788
45900 -0.355023
46000 -0.420045
46100 -0.354709
46200 -0.431612
46300 -0.48169
46400 -0.441705
46500 -0.267802
46600 -0.372099
46700 -0.325073
46800 -0.381665
46900 -0.39623
47000 -0.388824
47100 -0.495323
47200 -0.392399
47300 -0.542507
47400 -0.407375
47500 -0.424587
47600 -0.403876
47700 -0.508265
47800 -0.387335
47900 -0.467024
48000 -0.470502
48100 -0.444783
48200 -0.346876
48300 -0.536742
48400 -0.435524
48500 -0.513189
48600 -0.550388
48700 -0.375964
48800 -0.369286
48900 -0.455434
49000 -0.405543
49100 -0.421398
49200 -0.420784
49300 -0.450867
49400 -0.446377
49500 -0.383899
49600 -0.32134
49700 -0.389446
49800 -0.395398
49900 -0.456267
50000 -0.448968
50100 -0.434647
50200 -0.397871
50300 -0.541145
50400 -0.544846
50500 -0.462777
50600 -0.558691
50700 -0.379315
50800 -0.425949
50900 -0.342685
51000 -0.43658
51100 -0.49708
51200 -0.379023
51300 -0.429049
51400 -0.341788
51500 -0.414763
51600 -0.409969
51700 -0.372979
51800 -0.366856
51900 -0.387476
52000 -0.529573
52100 -0.484734
52200 -0.520701
52300 -0.476947
52400 -0.469815
52500 -0.587813
52600 -0.57791
52700 -0.495419
52800 -0.545601
52900 -0.393772
53000 -0.466738
53100 -0.481371
53200 -0.389202
53300 -0.456632
53400 -0.521927
53500 -0.566453
53600 -0.492195
53700 -0.477309
53800 -0.548387
53900 -0.621448
54000 -0.426483
54100 -0.415695
54200 -0.427098
54300 -0.464408
54400 -0.412724
54500 -0.333148
54600 -0.491655
54700 -0.337953
54800 -0.361993
54900 -0.431407
55000 -0.511303
55100 -0.434597
55200 -0.49419
55300 -0.438985
55400 -0.379037
55500 -0.351902
55600 -0.50055
55700 -0.436205
55800 -0.446448
55900 -0.456732
56000 -0.431741
56100 -0.402932
56200 -0.416423
56300 -0.389647
56400 -0.381105
56500 -0.385198
56600 -0.426582
56700 -0.501263
56800 -0.463362
56900 -0.489178
57000 -0.392311
57100 -0.319295
57200 -0.432295
57300 -0.35331
57400 -0.467342
57500 -0.333081
57600 -0.465114
57700 -0.428094
57800 -0.322494
57900 -0.420969
58000 -0.387139
58100 -0.423372
58200 -0.311806
58300 -0.486914
58400 -0.376374
58500 -0.456189
58600 -0.449252
58700 -0.484902
58800 -0.456215
58900 -0.420776
59000 -0.561964
59100 -0.444901
59200 -0.380737
59300 -0.396452
59400 -0.437899
59500 -0.430026
59600 -0.430425
59700 -0.451454
59800 -0.387416
59900 -0.428006
60000 -0.60939
60100 -0.385783
60200 -0.571026
60300 -0.41309
60400 -0.50641
60500 -0.522153
60600 -0.437001
60700 -0.33554
60800 -0.395448
60900 -0.485537
61000 -0.392671
61100 -0.389086
61200 -0.432171
61300 -0.497973
61400 -0.36503
61500 -0.322461
61600 -0.468188
61700 -0.524868
61800 -0.341169
61900 -0.476191
62000 -0.42464
62100 -0.379945
62200 -0.521871
62300 -0.439609
62400 -0.358688
62500 -0.41044
62600 -0.401303
62700 -0.441903
62800 -0.434656
62900 -0.360537
63000 -0.397542
63100 -0.429746
63200 -0.577061
63300 -0.418649
63400 -0.495099
63500 -0.489959
63600 -0.4359
63700 -0.53609
63800 -0.529354
63900 -0.380984
64000 -0.527934
64100 -0.404726
64200 -0.44586
64300 -0.408373
64400 -0.360215
64500 -0.429541
64600 -0.491715
64700 -0.398458
64800 -0.497541
64900 -0.388292
65000 -0.332788
65100 -0.516018
65200 -0.423201
65300 -0.610588
65400 -0.47792
65500 -0.402315
65600 -0.436945
65700 -0.340304
65800 -0.504068
65900 -0.506424
66000 -0.459641
66100 -0.394447
66200 -0.505266
66300 -0.423796
66400 -0.380862
66500 -0.465201
66600 -0.418278
66700 -0.382144
66800 -0.433387
66900 -0.427205
67000 -0.40463
67100 -0.459435
67200 -0.400593
67300 -0.482602
67400 -0.413187
67500 -0.408981
67600 -0.49112
67700 -0.442369
67800 -0.403496
67900 -0.416042
68000 -0.51583
68100 -0.409755
68200 -0.547836
68300 -0.457828
68400 -0.524935
68500 -0.354669
68600 -0.454675
68700 -0.39903
68800 -0.390555
68900 -0.51902
69000 -0.454158
69100 -0.368917
69200 -0.449674
69300 -0.459342
69400 -0.553292
69500 -0.441048
69600 -0.381447
69700 -0.434012
69800 -0.307626
69900 -0.450128
70000 -0.551532
70100 -0.497042
70200 -0.451869
70300 -0.518293
70400 -0.471541
70500 -0.53035
70600 -0.414267
70700 -0.377857
70800 -0.467214
70900 -0.339946
71000 -0.429274
71100 -0.500852
71200 -0.417808
71300 -0.313504
71400 -0.42284
71500 -0.404375
71600 -0.516657
71700 -0.525231
71800 -0.395157
71900 -0.365892
72000 -0.472988
72100 -0.32351
72200 -0.406546
72300 -0.41794
72400 -0.338198
72500 -0.559108
72600 -0.45446
72700 -0.469191
72800 -0.425833
72900 -0.497023
73000 -0.321501
73100 -0.470386
73200 -0.486608
73300 -0.393691
73400 -0.446028
73500 -0.421634
73600 -0.42174
73700 -0.364343
73800 -0.570166
73900 -0.511962
74000 -0.451973
74100 -0.373685
74200 -0.472818
74300 -0.50172
74400 -0.550603
74500 -0.471231
74600 -0.395655
74700 -0.440194
74800 -0.455447
74900 -0.412656
75000 -0.358838
75100 -0.407808
75200 -0.610964
75300 -0.39577
75400 -0.42946
75500 -0.423582
75600 -0.442796
75700 -0.571415
75800 -0.444596
75900 -0.508624
76000 -0.55603
76100 -0.526318
76200 -0.450483
76300 -0.486018
76400 -0.420558
76500 -0.450911
76600 -0.504436
76700 -0.351295
76800 -0.389367
76900 -0.403461
77000 -0.344922
77100 -0.328693
77200 -0.347021
77300 -0.387182
77400 -0.377083
77500 -0.389114
77600 -0.382319
77700 -0.410433
77800 -0.351759
77900 -0.433093
78000 -0.434306
78100 -0.476708
78200 -0.445955
78300 -0.396193
78400 -0.415423
78500 -0.358413
78600 -0.575633
78700 -0.445998
78800 -0.417692
78900 -0.401231
79000 -0.350439
79100 -0.418919
79200 -0.507605
79300 -0.44466
79400 -0.349797
79500 -0.417886
79600 -0.45099
79700 -0.50885
79800 -0.480544
79900 -0.448066
80000 -0.43832
80100 -0.466459
80200 -0.502472
80300 -0.638819
80400 -0.432983
80500 -0.360597
80600 -0.544005
80700 -0.458025
80800 -0.526024
80900 -0.354101
81000 -0.356919
81100 -0.443611
81200 -0.431982
81300 -0.511201
81400 -0.492908
81500 -0.462979
81600 -0.346415
81700 -0.360954
81800 -0.446028
81900 -0.37444
82000 -0.531916
82100 -0.493456
82200 -0.378704
82300 -0.465162
82400 -0.357525
82500 -0.484293
82600 -0.370434
82700 -0.496977
82800 -0.513648
82900 -0.400058
83000 -0.445786
83100 -0.465285
83200 -0.47012
83300 -0.359612
83400 -0.357413
83500 -0.393912
83600 -0.435116
83700 -0.414273
83800 -0.403238
83900 -0.533925
84000 -0.436934
84100 -0.450777
84200 -0.447872
84300 -0.400034
84400 -0.365802
84500 -0.406948
84600 -0.448769
84700 -0.433673
84800 -0.362451
84900 -0.546134
85000 -0.409609
85100 -0.324698
85200 -0.384736
85300 -0.43244
85400 -0.432239
85500 -0.409992
85600 -0.307491
85700 -0.439731
85800 -0.44294
85900 -0.452942
86000 -0.387664
86100 -0.462859
86200 -0.345856
86300 -0.469472
86400 -0.420347
86500 -0.349081
86600 -0.41492
86700 -0.441903
86800 -0.394018
86900 -0.509416
87000 -0.371786
87100 -0.467853
87200 -0.497635
87300 -0.432294
87400 -0.460314
87500 -0.448695
87600 -0.496517
87700 -0.469445
87800 -0.339526
87900 -0.454662
88000 -0.503881
88100 -0.588317
88200 -0.547496
88300 -0.445143
88400 -0.511773
88500 -0.518787
88600 -0.464485
88700 -0.457155
88800 -0.423463
88900 -0.461006
89000 -0.345964
89100 -0.368923
89200 -0.301342
89300 -0.431569
89400 -0.451068
89500 -0.480154
89600 -0.445895
89700 -0.425707
89800 -0.404648
89900 -0.444666
90000 -0.402295
90100 -0.48481
90200 -0.433863
90300 -0.510056
90400 -0.450096
90500 -0.480174
90600 -0.450008
90700 -0.324875
90800 -0.431723
90900 -0.5744
91000 -0.3618
91100 -0.521284
91200 -0.365262
91300 -0.464485
91400 -0.616259
91500 -0.402387
91600 -0.379858
91700 -0.480618
91800 -0.506257
91900 -0.538935
92000 -0.54617
92100 -0.558986
92200 -0.446016
92300 -0.42424
92400 -0.510551
92500 -0.380478
92600 -0.464634
92700 -0.435478
92800 -0.441934
92900 -0.492413
93000 -0.450289
93100 -0.44947
93200 -0.342146
93300 -0.416524
93400 -0.378539
93500 -0.446627
93600 -0.445337
93700 -0.389788
93800 -0.457552
93900 -0.401366
94000 -0.426942
94100 -0.514299
94200 -0.342315
94300 -0.442297
94400 -0.347936
94500 -0.386562
94600 -0.444805
94700 -0.429538
94800 -0.439979
94900 -0.43858
95000 -0.343353
95100 -0.504265
95200 -0.408306
95300 -0.405971
95400 -0.508181
95500 -0.437927
95600 -0.391268
95700 -0.491344
95800 -0.375487
95900 -0.472681
96000 -0.354541
96100 -0.386514
96200 -0.571787
96300 -0.417447
96400 -0.341203
96500 -0.419672
96600 -0.450262
96700 -0.445602
96800 -0.379304
96900 -0.356777
97000 -0.444963
97100 -0.385187
97200 -0.377603
97300 -0.547715
97400 -0.431412
97500 -0.434114
97600 -0.400494
97700 -0.509231
97800 -0.567799
97900 -0.467316
98000 -0.402743
98100 -0.430311
98200 -0.530395
98300 -0.438328
98400 -0.326635
98500 -0.386043
98600 -0.408887
98700 -0.379184
98800 -0.444954
98900 -0.360231
99000 -0.487185
99100 -0.487644
99200 -0.514315
99300 -0.464512
99400 -0.432684
99500 -0.453492
99600 -0.475002
99700 -0.400863
99800 -0.515883
99900 -0.526189
