0 -0.904991
100 -0.80938
200 -0.933727
300 -1.03104
400 -0.876336
500 -0.831926
600 -0.756121
700 -0.750971
800 -0.692902
900 -0.754072
1000 -0.761154
1100 -0.802704
1200 -0.790407
1300 -0.767236
1400 -0.735864
1500 -0.787761
1600 -0.702367
1700 -0.765813
1800 -0.799537
1900 -0.721835
2000 -0.789473
2100 -0.899473
2200 -0.705644
2300 -0.735683
2400 -0.824669
2500 -0.795089
2600 -0.756888
2700 -0.679582
2800 -0.779941
2900 -0.833107
3000 -0.829057
3100 -0.7663
3200 -0.75721
3300 -0.805692
3400 -0.791858
3500 -0.729424
3600 -0.643447
3700 -0.742234
3800 -0.682834
3900 -0.657785
4000 -0.758026
4100 -0.846604
4200 -0.716935
4300 -0.664066
4400 -0.583847
4500 -0.786592
4600 -0.83683
4700 -0.743117
4800 -0.793293
4900 -0.748601
5000 -0.831604
5100 -0.82066
5200 -0.777058
5300 -0.936699
5400 -0.831789
5500 -0.7344
5600 -0.803584
5700 -0.715712
5800 -0.639042
5900 -0.762383
6000 -0.892517
6100 -0.814122
6200 -0.72048
6300 -0.742221
6400 -0.64432
6500 -0.786392
6600 -0.74191
6700 -0.762604
6800 -0.786985
6900 -0.997608
7000 -0.932369
7100 -0.722827
7200 -0.731961
7300 -0.907797
7400 -0.810436
7500 -0.819373
7600 -0.802232
7700 -0.677782
7800 -0.697171
7900 -0.783314
8000 -0.806687
8100 -0.996118
8200 -0.885298
8300 -0.848317
8400 -0.678368
8500 -0.674381
8600 -0.784646
8700 -0.727528
8800 -0.695277
8900 -0.797372
9000 -0.800129
9100 -0.869563
9200 -0.95305
9300 -0.877864
9400 -0.829593
9500 -0.764886
9600 -0.838275
9700 -0.680999
9800 -0.791652
9900 -0.796789
10000 -0.803564
10100 -0.83166
10200 -0.654257
10300 -0.693241
10400 -0.761503
10500 -0.744541
10600 -0.837781
10700 -0.724744
10800 -0.711861
10900 -0.972805
11000 -0.678311
11100 -0.700003
11200 -0.74541
11300 -0.854235
11400 -0.750616
11500 -0.716084
11600 -0.755271
11700 -0.885237
11800 -0.756561
11900 -0.919534
12000 -0.842182
12100 -0.694702
12200 -0.722476
12300 -0.809573
12400 -0.774636
12500 -0.674731
12600 -0.748365
12700 -0.682393
12800 -0.851907
12900 -0.642359
13000 -0.783852
13100 -0.732651
13200 -0.76291
13300 -0.794854
13400 -0.710425
13500 -0.794454
13600 -0.696322
13700 -0.833766
13800 -0.865215
13900 -0.654252
14000 -0.795449
14100 -0.680885
14200 -0.886648
14300 -0.895423
14400 -0.799892
14500 -0.722584
14600 -0.714965
14700 -0.711391
14800 -0.864138
14900 -0.77336
15000 -0.815399
15100 -0.786185
15200 -0.780148
15300 -0.814454
15400 -0.72424
15500 -0.822853
15600 -0.784886
15700 -0.707373
15800 -0.680702
15900 -0.849207
16000 -0.727371
16100 -0.811035
16200 -0.831981
16300 -0.924686
16400 -0.648826
16500 -0.776602
16600 -0.663767
16700 -0.686647
16800 -0.792294
16900 -0.560354
17000 -0.755832
17100 -0.807489
17200 -0.74808
17300 -0.897712
17400 -0.640509
17500 -0.76474
17600 -0.981079
17700 -0.791732
17800 -0.798195
17900 -0.589115
18000 -0.853967
18100 -0.562552
18200 -0.837605
18300 -0.658294
18400 -0.804874
18500 -0.695787
18600 -0.761828
18700 -0.694338
18800 -0.783464
18900 -0.788116
19000 -0.788148
19100 -0.849865
19200 -0.747895
19300 -0.598149
19400 -0.6029
19500 -0.760211
19600 -0.714999
19700 -0.790406
19800 -0.723635
19900 -0.656604
20000 -0.770912
20100 -0.769659
20200 -0.798576
20300 -0.859397
20400 -0.733888
20500 -0.714828
20600 -0.812529
20700 -0.800584
20800 -0.753045
20900 -0.649821
21000 -0.735238
21100 -0.837972
21200 -0.780765
21300 -0.775869
21400 -0.806274
21500 -0.841444
21600 -0.86366
21700 -0.739967
21800 -0.709921
21900 -0.761098
22000 -0.698665
22100 -0.784703
22200 -0.768381
22300 -0.730259
22400 -0.8585
22500 -0.709035
22600 -0.779847
22700 -0.737876
22800 -0.7589
22900 -0.803877
23000 -0.739918
23100 -0.766393
23200 -0.844604
23300 -0.762044
23400 -0.903465
23500 -0.845953
23600 -0.867566
23700 -0.822081
23800 -0.84341
23900 -0.751471
24000 -0.729977
24100 -0.792511
24200 -0.703566
24300 -0.755459
24400 -0.717308
24500 -0.76561
24600 -0.836978
24700 -0.724748
24800 -0.82561
24900 -0.814192
25000 -0.83074
25100 -0.698447
25200 -0.701822
25300 -0.670316
25400 -0.853889
25500 -0.836502
25600 -0.825213
25700 -0.822952
25800 -1.03238
25900 -0.875168
26000 -0.810848
26100 -0.871381
26200 -0.818684
26300 -0.746391
26400 -0.766348
26500 -0.798616
26600 -0.789328
26700 -0.793738
26800 -0.721644
26900 -0.864678
27000 -0.824673
27100 -0.741638
27200 -0.743565
27300 -0.688822
27400 -0.777503
27500 -0.836883
27600 -0.673372
27700 -0.687379
27800 -0.753787
27900 -0.801337
28000 -0.880336
28100 -0.948059
28200 -0.89601
28300 -0.929218
28400 -0.815662
28500 -0.77713
28600 -0.80965
28700 -0.719277
28800 -0.649463
28900 -0.811801
29000 -0.815678
29100 -0.647476
29200 -0.733879
29300 -0.714137
29400 -0.767484
29500 -0.857583
29600 -0.733378
29700 -0.765866
29800 -0.700207
29900 -0.880295
30000 -0.799165
30100 -0.760828
30200 -0.688848
30300 -0.663611
30400 -0.805414
30500 -0.855462
30600 -0.735733
30700 -0.732071
30800 -0.636448
30900 -0.778963
31000 -0.799009
31100 -0.808311
31200 -0.809847
31300 -0.744812
31400 -0.926014
31500 -0.670375
31600 -0.791292
31700 -0.794628
31800 -0.872744
31900 -0.819345
32000 -0.797425
32100 -0.812073
32200 -0.811516
32300 -0.870862
32400 -0.976943
32500 -0.871263
32600 -0.896589
32700 -0.915875
32800 -0.70973
32900 -0.833269
33000 -0.738393
33100 -0.796083
33200 -0.732896
33300 -0.622788
33400 -0.825088
33500 -0.762194
33600 -0.885796
33700 -0.723571
33800 -0.744269
33900 -0.807513
34000 -0.804925
34100 -0.761571
34200 -0.742768
34300 -0.800931
34400 -0.77947
34500 -0.759905
34600 -0.632528
34700 -0.747877
34800 -0.627773
34900 -0.738881
35000 -0.754802
35100 -0.815785
35200 -0.878603
35300 -0.754476
35400 -0.789243
35500 -0.703774
35600 -0.733989
35700 -0.752491
35800 -0.740402
35900 -0.648475
36000 -0.712888
36100 -0.69968
36200 -0.793347
36300 -0.679791
36400 -0.764954
36500 -0.883767
36600 -0.829884
36700 -0.75895
36800 -0.706452
36900 -0.760003
37000 -0.833012
37100 -0.837587
37200 -0.821053
37300 -0.823009
37400 -0.799052
37500 -0.877103
37600 -0.822748
37700 -0.895725
37800 -0.852723
37900 -0.801397
38000 -0.827884
38100 -0.87492
38200 -0.9403
38300 -0.703571
38400 -0.656275
38500 -0.722735
38600 -0.756316
38700 -0.808403
38800 -0.867804
38900 -0.857984
39000 -0.719562
39100 -0.742594
39200 -0.807181
39300 -0.967207
39400 -0.772759
39500 -1.00201
39600 -0.9708
39700 -0.872207
39800 -0.921393
39900 -0.793587
40000 -0.833424
40100 -0.816701
40200 -0.913994
40300 -0.844868
40400 -0.81487
40500 -0.766916
40600 -0.777771
40700 -0.678111
40800 -0.752821
40900 -0.762976
41000 -0.70714
41100 -0.798729
41200 -0.836245
41300 -0.681823
41400 -0.7728
41500 -0.749973
41600 -0.722442
41700 -0.879618
41800 -0.86918
41900 -0.75749
42000 -0.833649
42100 -0.728373
42200 -0.896631
42300 -0.92582
42400 -0.70852
42500 -0.803237
42600 -0.847916
42700 -0.758877
42800 -0.737196
42900 -0.745348
43000 -0.799929
43100 -0.795367
43200 -0.86787
43300 -0.792779
43400 -0.773022
43500 -0.751639
43600 -0.753528
43700 -0.587903
43800 -0.768832
43900 -0.803129
44000 -0.773459
44100 -0.866918
44200 -0.71091
44300 -0.898224
44400 -0.765733
44500 -0.669118
44600 -0.848504
44700 -0.733092
44800 -0.834639
44900 -0.723637
45000 -0.82816
45100 -0.734739
45200 -0.71082
45300 -0.844026
45400 -0.694824
45500 -0.660338
45600 -0.880137
45700 -0.769233
45800 -0.714715
45900 -0.758831
46000 -0.774921
46100 -0.731613
46200 -0.732571
46300 -0.750293
46400 -0.899054
46500 -0.83781
46600 -0.766051
46700 -0.740655
46800 -0.735873
46900 -0.749085
47000 -0.85469
47100 -0.67377
47200 -0.721794
47300 -0.720507
47400 -0.812185
47500 -0.777946
47600 -0.627828
47700 -0.751808
47800 -0.749915
47900 -0.736496
48000 -0.922592
48100 -0.713734
48200 -0.713653
48300 -0.805519
48400 -0.796348
48500 -0.74372
48600 -0.935551
48700 -0.899588
48800 -0.8639
48900 -0.728879
49000 -0.770234
49100 -0.824433
49200 -0.952348
49300 -0.877602
49400 -0.937111
49500 -0.854185
49600 -0.76354
49700 -0.79951
49800 -0.794706
49900 -0.684335
50000 -0.782906
50100 -0.791429
50200 -0.853575
50300 -0.897755
50400 -0.788863
50500 -0.816833
50600 -0.718071
50700 -0.7211
50800 -0.710638
50900 -0.754236
51000 -0.745761
51100 -0.828962
51200 -0.860567
51300 -0.79258
51400 -0.816532
51500 -0.816807
51600 -1.0649
51700 -0.752601
51800 -0.88454
51900 -0.6624
52000 -0.861655
52100 -0.735552
52200 -0.647689
52300 -0.768161
52400 -0.707643
52500 -0.636115
52600 -0.733829
52700 -0.765124
52800 -0.703351
52900 -0.733667
53000 -0.762117
53100 -0.662522
53200 -0.758425
53300 -0.841363
53400 -0.84544
53500 -0.708349
53600 -0.617378
53700 -0.742078
53800 -0.868448
53900 -0.767062
54000 -0.647053
54100 -0.728684
54200 -0.76294
54300 -0.718987
54400 -0.762584
54500 -0.736938
54600 -0.816321
54700 -0.749244
54800 -0.741745
54900 -0.877867
55000 -0.843595
55100 -0.68785
55200 -0.711137
55300 -0.710538
55400 -0.682377
55500 -0.721147
55600 -0.82964
55700 -0.650707
55800 -0.648893
55900 -0.737421
56000 -0.771363
56100 -0.975461
56200 -0.907773
56300 -0.791873
56400 -0.758466
56500 -0.920614
56600 -0.827907
56700 -0.768228
56800 -0.738063
56900 -0.732289
57000 -0.848354
57100 -0.764117
57200 -0.65981
57300 -0.7433
57400 -0.744381
57500 -0.728766
57600 -0.849923
57700 -0.739571
57800 -0.826926
57900 -0.790759
58000 -0.795679
58100 -0.914774
58200 -0.735668
58300 -0.807291
58400 -0.799752
58500 -0.778914
58600 -0.8829
58700 -0.844315
58800 -0.835903
58900 -0.689907
59000 -0.748239
59100 -0.811029
59200 -0.934777
59300 -0.867915
59400 -0.73196
59500 -0.879874
59600 -0.905208
59700 -0.823523
59800 -0.751625
59900 -0.731245
60000 -0.689963
60100 -0.760652
60200 -0.795615
60300 -0.723938
60400 -0.721806
60500 -0.664309
60600 -0.835385
60700 -0.760976
60800 -0.739003
60900 -0.73847
61000 -0.846497
61100 -0.801595
61200 -0.820184
61300 -0.711504
61400 -0.816107
61500 -0.727716
61600 -0.739144
61700 -0.847389
61800 -0.705377
61900 -0.845465
62000 -0.753527
62100 -0.813022
62200 -0.756005
62300 -0.83926
62400 -0.84549
62500 -0.769854
62600 -0.867455
62700 -0.718137
62800 -0.7834
62900 -0.682338
63000 -0.801042
63100 -0.751086
63200 -0.877352
63300 -0.839106
63400 -0.819559
63500 -0.744294
63600 -0.794914
63700 -0.943051
63800 -0.706955
63900 -0.705667
64000 -0.715566
64100 -0.769805
64200 -0.850093
64300 -0.733519
64400 -0.702225
64500 -0.708404
64600 -0.626559
64700 -0.845287
64800 -0.753826
64900 -0.783521
65000 -0.684541
65100 -0.736472
65200 -0.776029
65300 -0.792491
65400 -0.715245
65500 -0.75297
65600 -0.671626
65700 -0.709213
65800 -0.716947
65900 -0.7621
66000 -0.801442
66100 -0.786334
66200 -0.889463
66300 -0.854025
66400 -0.822445
66500 -0.828831
66600 -0.833197
66700 -0.902751
66800 -0.748674
66900 -0.700706
67000 -0.792519
67100 -0.997339
67200 -0.774361
67300 -0.793229
67400 -0.718603
67500 -0.718993
67600 -0.749794
67700 -0.681409
67800 -0.86207
67900 -0.77159
68000 -0.881615
68100 -0.813852
68200 -0.992591
68300 -0.821846
68400 -0.832932
68500 -0.828974
68600 -0.633179
68700 -0.799144
68800 -0.729531
68900 -0.842412
69000 -0.682179
69100 -0.664427
69200 -0.745037
69300 -0.743623
69400 -0.91649
69500 -0.754613
69600 -0.776084
69700 -0.69944
69800 -0.861869
69900 -0.65352
70000 -0.696108
70100 -0.76665
70200 -0.842772
70300 -0.72141
70400 -0.710747
70500 -0.722197
70600 -0.788914
70700 -0.704483
70800 -0.878891
70900 -0.740514
71000 -0.909242
71100 -0.860754
71200 -0.749286
71300 -0.752834
71400 -0.744221
71500 -0.73295
71600 -0.782977
71700 -0.823768
71800 -0.794613
71900 -0.740281
72000 -0.576807
72100 -0.661693
72200 -0.690403
72300 -0.727365
72400 -0.865766
72500 -0.836069
72600 -0.954909
72700 -0.713685
72800 -0.80256
72900 -0.956524
73000 -0.794415
73100 -0.870245
73200 -0.756647
73300 -0.901039
73400 -0.828429
73500 -0.691024
73600 -0.7649
73700 -0.736417
73800 -0.799209
73900 -0.831735
74000 -0.826617
74100 -0.544495
74200 -0.770901
74300 -0.76646
74400 -0.769289
74500 -0.674773
74600 -0.734308
74700 -0.595846
74800 -0.642458
74900 -0.742139
75000 -0.735034
75100 -0.738335
75200 -0.720203
75300 -0.800508
75400 -0.731528
75500 -0.797347
75600 -0.752225
75700 -0.811827
75800 -0.672841
75900 -0.843269
76000 -0.942139
76100 -0.879634
76200 -0.649515
76300 -0.761015
76400 -0.672172
76500 -0.644794
76600 -0.741532
76700 -0.618705
76800 -0.795171
76900 -0.831132
77000 -0.706454
77100 -0.822238
77200 -1.03217
77300 -0.834704
77400 -0.739684
77500 -0.781564
77600 -0.67445
77700 -0.76017
77800 -0.742381
77900 -0.900952
78000 -0.769184
78100 -0.751987
78200 -0.821253
78300 -0.789238
78400 -0.798187
78500 -0.718366
78600 -0.798501
78700 -0.698936
78800 -0.943066
78900 -0.760603
79000 -0.769474
79100 -0.84149
79200 -0.745017
79300 -0.725475
79400 -0.809946
79500 -0.672523
79600 -0.815535
79700 -0.713327
79800 -0.856263
79900 -0.833273
80000 -0.784553
80100 -0.72291
80200 -0.664928
80300 -0.771423
80400 -0.721704
80500 -0.712905
80600 -0.670766
80700 -0.680154
80800 -0.795154
80900 -0.857712
81000 -0.814096
81100 -0.669318
81200 -0.755299
81300 -0.750335
81400 -0.888285
81500 -0.728774
81600 -0.664945
81700 -0.799336
81800 -0.659652
81900 -0.782553
82000 -0.780516
82100 -0.739036
82200 -0.942017
82300 -0.71579
82400 -0.628304
82500 -0.856317
82600 -0.825031
82700 -0.740217
82800 -0.884215
82900 -0.681725
83000 -0.802519
83100 -0.818163
83200 -0.814123
83300 -0.99245
83400 -0.917548
83500 -0.817638
83600 -0.786671
83700 -0.872637
83800 -0.819739
83900 -0.769525
84000 -0.879411
84100 -0.84505
84200 -0.895513
84300 -0.975601
84400 -0.779705
84500 -0.716468
84600 -0.819358
84700 -0.872527
84800 -0.758573
84900 -0.728241
85000 -0.767194
85100 -0.806597
85200 -0.776739
85300 -0.74085
85400 -0.816934
85500 -0.68101
85600 -0.763989
85700 -0.751812
85800 -0.67636
85900 -0.742851
86000 -0.747163
86100 -0.632696
86200 -0.632785
86300 -0.748213
86400 -0.865162
86500 -0.781746
86600 -0.861367
86700 -0.80911
86800 -0.931972
86900 -0.872429
87000 -0.87503
87100 -0.817347
87200 -0.784601
87300 -0.692413
87400 -0.807022
87500 -0.751405
87600 -0.90556
87700 -0.690697
87800 -0.715241
87900 -0.689373
88000 -0.76783
88100 -0.604654
88200 -0.744308
88300 -0.657186
88400 -0.811056
88500 -0.711665
88600 -0.762036
88700 -0.817691
88800 -0.741827
88900 -0.856446
89000 -0.850342
89100 -0.802648
89200 -0.728337
89300 -0.701302
89400 -0.728239
89500 -0.839316
89600 -0.776951
89700 -0.84676
89800 -0.893983
89900 -0.885659
90000 -0.878484
90100 -0.789722
90200 -0.768323
90300 -0.810519
90400 -0.731649
90500 -0.810382
90600 -0.863537
90700 -0.821494
90800 -0.828612
90900 -0.820297
91000 -0.742812
91100 -0.809432
91200 -0.783546
91300 -0.809322
91400 -0.867745
91500 -0.741913
91600 -0.841748
91700 -0.71218
91800 -0.82153
91900 -0.781881
92000 -0.729337
92100 -0.59058
92200 -0.758814
92300 -0.995514
92400 -0.659804
92500 -0.584095
92600 -0.820884
92700 -0.828145
92800 -0.798613
92900 -0.746919
93000 -0.718971
93100 -0.737725
93200 -0.785838
93300 -0.830493
93400 -0.925038
93500 -0.889702
93600 -0.8577
93700 -0.838307
93800 -0.699776
93900 -0.717479
94000 -0.691945
94100 -0.710084
94200 -0.682487
94300 -0.834657
94400 -0.725319
94500 -0.807817
94600 -0.804332
94700 -0.711944
94800 -0.787408
94900 -0.762155
95000 -0.705588
95100 -0.748329
95200 -0.668027
95300 -0.796951
95400 -0.691715
95500 -0.674794
95600 -0.610436
95700 -0.726696
95800 -0.835659
95900 -0.917681
96000 -0.764752
96100 -0.85129
96200 -0.87694
96300 -0.878859
96400 -0.658817
96500 -0.738686
96600 -0.75463
96700 -0.873918
96800 -0.762101
96900 -0.82865
97000 -0.7387
97100 -0.821222
97200 -0.888766
97300 -0.626592
97400 -0.782069
97500 -0.730807
97600 -0.834685
97700 -0.696582
97800 -0.783027
97900 -0.679678
98000 -0.721635
98100 -0.675971
98200 -0.830417
98300 -0.934002
98400 -0.875123
98500 -0.703986
98600 -0.736907
98700 -0.733355
98800 -0.851787
98900 -0.771522
99000 -0.88557
99100 -0.811745
99200 -0.705667
99300 -0.664287
99400 -0.650291
99500 -0.65043
99600 -0.621792
99700 -0.639936
99800 -0.796612
99900 -0.809762
