0 -1.38356
100 -1.25711
200 -1.25771
300 -1.27695
400 -1.26944
500 -1.35449
600 -1.34703
700 -1.38564
800 -1.26702
900 -1.2082
1000 -1.24175
1100 -1.27945
1200 -1.18254
1300 -1.32074
1400 -1.33622
1500 -1.37151
1600 -1.32298
1700 -1.34793
1800 -1.37951
1900 -1.34759
2000 -1.19386
2100 -1.31972
2200 -1.31455
2300 -1.30636
2400 -1.39516
2500 -1.35123
2600 -1.20048
2700 -1.28089
2800 -1.33548
2900 -1.29364
3000 -1.27993
3100 -1.33077
3200 -1.37527
3300 -1.38631
3400 -1.28094
3500 -1.24533
3600 -1.35587
3700 -1.29577
3800 -1.2896
3900 -1.23528
4000 -1.37135
4100 -1.23805
4200 -1.18843
4300 -1.14876
4400 -1.26594
4500 -1.33791
4600 -1.08268
4700 -1.47406
4800 -1.39411
4900 -1.36543
5000 -1.18184
5100 -1.29429
5200 -1.40795
5300 -1.28724
5400 -1.33583
5500 -1.28043
5600 -1.33155
5700 -1.35359
5800 -1.40121
5900 -1.29616
6000 -1.23425
6100 -1.21798
6200 -1.29196
6300 -1.3517
6400 -1.26575
6500 -1.33034
6600 -1.29957
6700 -1.30978
6800 -1.40593
6900 -1.37591
7000 -1.27732
7100 -1.19778
7200 -1.34766
7300 -1.44818
7400 -1.30666
7500 -1.24023
7600 -1.30005
7700 -1.39368
7800 -1.33408
7900 -1.36542
8000 -1.3368
8100 -1.39793
8200 -1.24009
8300 -1.23268
8400 -1.36499
8500 -1.24033
8600 -1.36464
8700 -1.26738
8800 -1.32072
8900 -1.27597
9000 -1.24539
9100 -1.15425
9200 -1.31051
9300 -1.31629
9400 -1.26244
9500 -1.1807
9600 -1.33314
9700 -1.34857
9800 -1.20085
9900 -1.27504
10000 -1.43999
10100 -1.26267
10200 -1.30637
10300 -1.20187
10400 -1.28596
10500 -1.21641
10600 -1.34009
10700 -1.34096
10800 -1.22181
10900 -1.41495
11000 -1.28027
11100 -1.25663
11200 -1.44201
11300 -1.444
11400 -1.41638
11500 -1.37791
11600 -1.37165
11700 -1.22811
11800 -1.40163
11900 -1.19517
12000 -1.36804
12100 -1.2862
12200 -1.2941
12300 -1.23851
12400 -1.41973
12500 -1.40276
12600 -1.2274
12700 -1.43072
12800 -1.20276
12900 -1.30411
13000 -1.27963
13100 -1.35771
13200 -1.3422
13300 -1.37426
13400 -1.32763
13500 -1.37966
13600 -1.31953
13700 -1.37835
13800 -1.32694
13900 -1.38578
14000 -1.52774
14100 -1.28871
14200 -1.34556
14300 -1.28915
14400 -1.2503
14500 -1.10501
14600 -1.22414
14700 -1.34472
14800 -1.21839
14900 -1.33938
15000 -1.28227
15100 -1.23185
15200 -1.37737
15300 -1.29644
15400 -1.35478
15500 -1.27542
15600 -1.3497
15700 -1.20405
15800 -1.34757
15900 -1.38554
16000 -1.37127
16100 -1.34113
16200 -1.23024
16300 -1.28621
16400 -1.43061
16500 -1.35615
16600 -1.3017
16700 -1.2762
16800 -1.24996
16900 -1.2851
17000 -1.26825
17100 -1.25919
17200 -1.36921
17300 -1.2035
17400 -1.29929
17500 -1.34373
17600 -1.32274
17700 -1.34767
17800 -1.26999
17900 -1.16271
18000 -1.34659
18100 -1.27358
18200 -1.3776
18300 -1.29387
18400 -1.39898
18500 -1.34239
18600 -1.30245
18700 -1.25148
18800 -1.21229
18900 -1.21831
19000 -1.29554
19100 -1.34033
19200 -1.32643
19300 -1.25892
19400 -1.34639
19500 -1.31989
19600 -1.29426
19700 -1.27965
19800 -1.36242
19900 -1.3113
20000 -1.27206
20100 -1.38849
20200 -1.38089
20300 -1.38741
20400 -1.39231
20500 -1.38744
20600 -1.23864
20700 -1.22573
20800 -1.2554
20900 -1.24942
21000 -1.26824
21100 -1.22373
21200 -1.26704
21300 -1.13198
21400 -1.25881
21500 -1.25957
21600 -1.29473
21700 -1.26761
21800 -1.20717
21900 -1.3081
22000 -1.22438
22100 -1.29753
22200 -1.36802
22300 -1.23462
22400 -1.3256
22500 -1.30994
22600 -1.41848
22700 -1.37205
22800 -1.35565
22900 -1.35664
23000 -1.38129
23100 -1.33143
23200 -1.25216
23300 -1.28504
23400 -1.21311
23500 -1.22778
23600 -1.32783
23700 -1.23634
23800 -1.23441
23900 -1.25523
24000 -1.39495
24100 -1.33347
24200 -1.20865
24300 -1.22316
24400 -1.36276
24500 -1.33703
24600 -1.32047
24700 -1.33152
24800 -1.24868
24900 -1.34301
25000 -1.32104
25100 -1.28464
25200 -1.17591
25300 -1.31568
25400 -1.29395
25500 -1.40818
25600 -1.29081
25700 -1.31152
25800 -1.24976
25900 -1.30881
26000 -1.21095
26100 -1.24313
26200 -1.29225
26300 -1.22547
26400 -1.38407
26500 -1.26068
26600 -1.21201
26700 -1.34074
26800 -1.28259
26900 -1.2345
27000 -1.2885
27100 -1.30723
27200 -1.25549
27300 -1.34201
27400 -1.2441
27500 -1.35958
27600 -1.39688
27700 -1.31269
27800 -1.33311
27900 -1.25275
28000 -1.22825
28100 -1.2528
28200 -1.32377
28300 -1.38462
28400 -1.23072
28500 -1.32316
28600 -1.32773
28700 -1.36261
28800 -1.27877
28900 -1.28372
29000 -1.36315
29100 -1.18143
29200 -1.34628
29300 -1.25229
29400 -1.38849
29500 -1.31898
29600 -1.33574
29700 -1.23812
29800 -1.32119
29900 -1.22821
30000 -1.32039
30100 -1.36331
30200 -1.13241
30300 -1.3558
30400 -1.29973
30500 -1.3253
30600 -1.26701
30700 -1.34474
30800 -1.3549
30900 -1.25094
31000 -1.28538
31100 -1.2323
31200 -1.34753
31300 -1.29247
31400 -1.33828
31500 -1.38906
31600 -1.42164
31700 -1.24693
31800 -1.39048
31900 -1.35605
32000 -1.34973
32100 -1.34412
32200 -1.20744
32300 -1.47199
32400 -1.21522
32500 -1.29231
32600 -1.36169
32700 -1.25962
32800 -1.37033
32900 -1.3046
33000 -1.19472
33100 -1.31489
33200 -1.26423
33300 -1.34189
33400 -1.37321
33500 -1.43086
33600 -1.33822
33700 -1.29211
33800 -1.37496
33900 -1.24167
34000 -1.23438
34100 -1.32101
34200 -1.1742
34300 -1.3153
34400 -1.35847
34500 -1.25438
34600 -1.31455
34700 -1.24284
34800 -1.24431
34900 -1.16982
35000 -1.28275
35100 -1.25697
35200 -1.32366
35300 -1.30096
35400 -1.35173
35500 -1.34709
35600 -1.31035
35700 -1.27728
35800 -1.20136
35900 -1.30393
36000 -1.20772
36100 -1.33704
36200 -1.41638
36300 -1.29653
36400 -1.31492
36500 -1.18047
36600 -1.22313
36700 -1.37216
36800 -1.29339
36900 -1.29261
37000 -1.2268
37100 -1.34564
37200 -1.22614
37300 -1.32967
37400 -1.25821
37500 -1.2348
37600 -1.35263
37700 -1.35071
37800 -1.33784
37900 -1.28509
38000 -1.30177
38100 -1.29178
38200 -1.23013
38300 -1.30784
38400 -1.2586
38500 -1.26124
38600 -1.3175
38700 -1.29864
38800 -1.31706
38900 -1.39188
39000 -1.32019
39100 -1.30493
39200 -1.20273
39300 -1.25969
39400 -1.14015
39500 -1.39857
39600 -1.2957
39700 -1.38272
39800 -1.34053
39900 -1.25616
40000 -1.14697
40100 -1.26536
40200 -1.28355
40300 -1.22005
40400 -1.21382
40500 -1.25675
40600 -1.22021
40700 -1.16033
40800 -1.221
40900 -1.42312
41000 -1.31772
41100 -1.25206
41200 -1.2572
41300 -1.25612
41400 -1.30829
41500 -1.43365
41600 -1.28636
41700 -1.30271
41800 -1.31737
41900 -1.26607
42000 -1.27027
42100 -1.24991
42200 -1.3017
42300 -1.36674
42400 -1.27758
42500 -1.1983
42600 -1.35425
42700 -1.25657
42800 -1.23929
42900 -1.17895
43000 -1.25388
43100 -1.37233
43200 -1.3826
43300 -1.30898
43400 -1.32685
43500 -1.3282
43600 -1.27849
43700 -1.31039
43800 -1.384
43900 -1.33039
44000 -1.26188
44100 -1.28546
44200 -1.42607
44300 -1.24857
44400 -1.2913
44500 -1.29122
44600 -1.34642
44700 -1.12231
44800 -1.05619
44900 -1.26504
45000 -1.29595
45100 -1.4282
45200 -1.30135
45300 -1.35467
45400 -1.27459
45500 -1.21407
45600 -1.30687
45700 -1.36639
45800 -1.23974
45900 -1.15765
46000 -1.38369
46100 -1.38061
46200 -1.36715
46300 -1.27198
46400 -1.34608
46500 -1.254
46600 -1.24736
46700 -1.20455
46800 -1.32776
46900 -1.28429
47000 -1.2415
47100 -1.32921
47200 -1.33332
47300 -1.30453
47400 -1.31746
47500 -1.3078
47600 -1.46059
47700 -1.37367
47800 -1.3519
47900 -1.31114
48000 -1.36724
48100 -1.37442
48200 -1.30904
48300 -1.33317
48400 -1.33503
48500 -1.40167
48600 -1.39224
48700 -1.26994
48800 -1.20378
48900 -1.36983
49000 -1.26522
49100 -1.29803
49200 -1.24591
49300 -1.30311
49400 -1.27935
49500 -1.23694
49600 -1.28997
49700 -1.31318
49800 -1.25896
49900 -1.29216
50000 -1.23261
50100 -1.39162
50200 -1.29354
50300 -1.20758
50400 -1.34595
50500 -1.38341
50600 -1.25092
50700 -1.20341
50800 -1.34882
50900 -1.42664
51000 -1.25565
51100 -1.253
51200 -1.30153
51300 -1.29103
51400 -1.37728
51500 -1.35489
51600 -1.2704
51700 -1.06246
51800 -1.21478
51900 -1.29045
52000 -1.38256
52100 -1.42013
52200 -1.52732
52300 -1.36378
52400 -1.2887
52500 -1.41393
52600 -1.3353
52700 -1.25908
52800 -1.14156
52900 -1.32237
53000 -1.29801
53100 -1.40755
53200 -1.33556
53300 -1.33061
53400 -1.41207
53500 -1.21516
53600 -1.43034
53700 -1.33036
53800 -1.37379
53900 -1.27487
54000 -1.34193
54100 -1.33296
54200 -1.19975
54300 -1.21532
54400 -1.27319
54500 -1.35936
54600 -1.26733
54700 -1.3093
54800 -1.2356
54900 -1.38556
55000 -1.38098
55100 -1.1791
55200 -1.27967
55300 -1.28888
55400 -1.24492
55500 -1.32977
55600 -1.30819
55700 -1.3213
55800 -1.47332
55900 -1.31581
56000 -1.2082
56100 -1.27964
56200 -1.31352
56300 -1.378
56400 -1.21203
56500 -1.22804
56600 -1.37872
56700 -1.23541
56800 -1.32224
56900 -1.36872
57000 -1.2676
57100 -1.26308
57200 -1.28815
57300 -1.35689
57400 -1.28285
57500 -1.32383
57600 -1.34821
57700 -1.35001
57800 -1.26996
57900 -1.31676
58000 -1.32862
58100 -1.24395
58200 -1.13255
58300 -1.36648
58400 -1.28744
58500 -1.28301
58600 -1.33162
58700 -1.35446
58800 -1.39914
58900 -1.30194
59000 -1.35229
59100 -1.34579
59200 -1.2047
59300 -1.36476
59400 -1.31375
59500 -1.28603
59600 -1.18868
59700 -1.30713
59800 -1.34885
59900 -1.30261
60000 -1.39244
60100 -1.32382
60200 -1.40815
60300 -1.31493
60400 -1.3162
60500 -1.40256
60600 -1.2285
60700 -1.31311
60800 -1.36058
60900 -1.32114
61000 -1.32709
61100 -1.24221
61200 -1.29365
61300 -1.3208
61400 -1.28617
61500 -1.38362
61600 -1.30106
61700 -1.30451
61800 -1.31825
61900 -1.3277
62000 -1.25733
62100 -1.37594
62200 -1.34358
62300 -1.2991
62400 -1.48561
62500 -1.28585
62600 -1.39527
62700 -1.34025
62800 -1.27767
62900 -1.3063
63000 -1.24277
63100 -1.30004
63200 -1.2764
63300 -1.22626
63400 -1.2106
63500 -1.14603
63600 -1.34002
63700 -1.27678
63800 -1.32296
63900 -1.34447
64000 -1.33099
64100 -1.34458
64200 -1.2395
64300 -1.23025
64400 -1.37885
64500 -1.2834
64600 -1.31667
64700 -1.33052
64800 -1.19582
64900 -1.20649
65000 -1.36627
65100 -1.22706
65200 -1.36957
65300 -1.3412
65400 -1.33618
65500 -1.3062
65600 -1.43298
65700 -1.40909
65800 -1.25132
65900 -1.31448
66000 -1.27975
66100 -1.26565
66200 -1.24321
66300 -1.29257
66400 -1.2889
66500 -1.2871
66600 -1.46283
66700 -1.32179
66800 -1.33051
66900 -1.33925
67000 -1.34041
67100 -1.33153
67200 -1.39673
67300 -1.29172
67400 -1.24196
67500 -1.30332
67600 -1.3407
67700 -1.42146
67800 -1.2941
67900 -1.31672
68000 -1.16427
68100 -1.31202
68200 -1.29838
68300 -1.30991
68400 -1.29197
68500 -1.27991
68600 -1.25748
68700 -1.49587
68800 -1.29036
68900 -1.29989
69000 -1.26218
69100 -1.3787
69200 -1.23128
69300 -1.21121
69400 -1.29273
69500 -1.23181
69600 -1.25703
69700 -1.30551
69800 -1.30171
69900 -1.31582
70000 -1.36135
70100 -1.4022
70200 -1.2851
70300 -1.26664
70400 -1.26737
70500 -1.1868
70600 -1.35793
70700 -1.2635
70800 -1.31297
70900 -1.41334
71000 -1.37399
71100 -1.32319
71200 -1.22521
71300 -1.39996
71400 -1.30631
71500 -1.30766
71600 -1.37202
71700 -1.22425
71800 -1.408
71900 -1.26933
72000 -1.34186
72100 -1.34019
72200 -1.34176
72300 -1.37717
72400 -1.31224
72500 -1.33072
72600 -1.32344
72700 -1.40618
72800 -1.40018
72900 -1.353
73000 -1.32382
73100 -1.30469
73200 -1.28425
73300 -1.21158
73400 -1.32164
73500 -1.26585
73600 -1.24507
73700 -1.1696
73800 -1.31804
73900 -1.31409
74000 -1.38077
74100 -1.46397
74200 -1.24237
74300 -1.31728
74400 -1.38025
74500 -1.26769
74600 -1.26996
74700 -1.41079
74800 -1.12944
74900 -1.36334
75000 -1.36946
75100 -1.28146
75200 -1.16228
75300 -1.19144
75400 -1.33158
75500 -1.21967
75600 -1.26896
75700 -1.38129
75800 -1.30425
75900 -1.24446
76000 -1.33215
76100 -1.20033
76200 -1.32807
76300 -1.28117
76400 -1.33065
76500 -1.1997
76600 -1.34026
76700 -1.29419
76800 -1.27975
76900 -1.21079
77000 -1.28447
77100 -1.3178
77200 -1.44287
77300 -1.18863
77400 -1.34052
77500 -1.20743
77600 -1.20164
77700 -1.33545
77800 -1.31365
77900 -1.31977
78000 -1.33953
78100 -1.35308
78200 -1.25788
78300 -1.23162
78400 -1.43812
78500 -1.36374
78600 -1.32904
78700 -1.25445
78800 -1.41068
78900 -1.34956
79000 -1.29676
79100 -1.33383
79200 -1.26159
79300 -1.19426
79400 -1.34041
79500 -1.26398
79600 -1.34769
79700 -1.26967
79800 -1.28986
79900 -1.2006
80000 -1.22418
80100 -1.24596
80200 -1.33644
80300 -1.36221
80400 -1.28788
80500 -1.35087
80600 -1.3441
80700 -1.27088
80800 -1.32686
80900 -1.33166
81000 -1.26241
81100 -1.36874
81200 -1.27506
81300 -1.30826
81400 -1.46588
81500 -1.30123
81600 -1.22621
81700 -1.28907
81800 -1.28189
81900 -1.25297
82000 -1.38728
82100 -1.28525
82200 -1.25465
82300 -1.31315
82400 -1.33009
82500 -1.24631
82600 -1.27781
82700 -1.42386
82800 -1.38922
82900 -1.34568
83000 -1.39001
83100 -1.32304
83200 -1.23268
83300 -1.21123
83400 -1.36345
83500 -1.32667
83600 -1.39364
83700 -1.29421
83800 -1.22301
83900 -1.3487
84000 -1.34221
84100 -1.30016
84200 -1.27129
84300 -1.23062
84400 -1.28636
84500 -1.26294
84600 -1.24344
84700 -1.32176
84800 -1.28598
84900 -1.36617
85000 -1.32857
85100 -1.38231
85200 -1.31082
85300 -1.34063
85400 -1.31545
85500 -1.35142
85600 -1.29457
85700 -1.35573
85800 -1.39146
85900 -1.44121
86000 -1.43466
86100 -1.37242
86200 -1.28868
86300 -1.34641
86400 -1.42537
86500 -1.29399
86600 -1.10456
86700 -1.25563
86800 -1.35865
86900 -1.20695
87000 -1.19837
87100 -1.26392
87200 -1.30128
87300 -1.34502
87400 -1.32614
87500 -1.24094
87600 -1.12537
87700 -1.29478
87800 -1.23692
87900 -1.20725
88000 -1.31719
88100 -1.25714
88200 -1.17851
88300 -1.17659
88400 -1.29702
88500 -1.24765
88600 -1.36739
88700 -1.31649
88800 -1.42997
88900 -1.33656
89000 -1.33228
89100 -1.43817
89200 -1.36003
89300 -1.22633
89400 -1.29466
89500 -1.44056
89600 -1.36471
89700 -1.30929
89800 -1.31093
89900 -1.2053
90000 -1.351
90100 -1.3087
90200 -1.34021
90300 -1.35554
90400 -1.2789
90500 -1.32621
90600 -1.35151
90700 -1.30452
90800 -1.2495
90900 -1.29756
91000 -1.18748
91100 -1.22998
91200 -1.28628
91300 -1.41502
91400 -1.3771
91500 -1.31555
91600 -1.22747
91700 -1.40131
91800 -1.28227
91900 -1.18865
92000 -1.15916
92100 -1.28662
92200 -1.33652
92300 -1.28514
92400 -1.22382
92500 -1.19722
92600 -1.40684
92700 -1.36341
92800 -1.36564
92900 -1.32701
93000 -1.12492
93100 -1.31782
93200 -1.21942
93300 -1.39201
93400 -1.27151
93500 -1.25115
93600 -1.36116
93700 -1.26783
93800 -1.29939
93900 -1.28617
94000 -1.29836
94100 -1.34609
94200 -1.33481
94300 -1.26661
94400 -1.30647
94500 -1.3732
94600 -1.19987
94700 -1.2095
94800 -1.23023
94900 -1.25156
95000 -1.28806
95100 -1.33386
95200 -1.24996
95300 -1.24792
95400 -1.29801
95500 -1.39034
95600 -1.25778
95700 -1.39742
95800 -1.39134
95900 -1.34485
96000 -1.32021
96100 -1.27289
96200 -1.2098
96300 -1.31923
96400 -1.37114
96500 -1.22021
96600 -1.39934
96700 -1.28055
96800 -1.27533
96900 -1.1418
97000 -1.20588
97100 -1.27111
97200 -1.3304
97300 -1.22826
97400 -1.23799
97500 -1.26886
97600 -1.29684
97700 -1.36248
97800 -1.19208
97900 -1.28724
98000 -1.25884
98100 -1.31906
98200 -1.30099
98300 -1.31693
98400 -1.42729
98500 -1.26705
98600 -1.29844
98700 -1.21425
98800 -1.34732
98900 -1.22382
99000 -1.26935
99100 -1.21085
99200 -1.43562
99300 -1.2241
99400 -1.26441
99500 -1.34576
99600 -1.28143
99700 -1.41947
99800 -1.37146
99900 -1.26954
