0 -0.962882
100 -0.955032
200 -0.914596
300 -0.985555
400 -0.951709
500 -0.900982
600 -1.11347
700 -0.975016
800 -0.971024
900 -0.975129
1000 -1.11842
1100 -1.07671
1200 -1.14352
1300 -1.09982
1400 -1.196
1500 -1.12132
1600 -1.05376
1700 -0.964807
1800 -0.965197
1900 -1.12417
2000 -0.96772
2100 -1.04419
2200 -1.02339
2300 -0.924574
2400 -0.88843
2500 -0.884369
2600 -1.10459
2700 -1.11843
2800 -1.10332
2900 -1.03748
3000 -0.845267
3100 -0.868045
3200 -0.87762
3300 -0.915763
3400 -0.968069
3500 -0.94791
3600 -1.03039
3700 -0.986043
3800 -1.08582
3900 -1.30467
4000 -1.1594
4100 -1.1675
4200 -1.18262
4300 -0.995562
4400 -1.19888
4500 -1.04731
4600 -1.2445
4700 -1.33711
4800 -1.34969
4900 -1.29042
5000 -1.32991
5100 -1.12489
5200 -1.25206
5300 -1.32594
5400 -1.29817
5500 -1.26803
5600 -1.15651
5700 -1.1577
5800 -1.11913
5900 -1.26199
6000 -1.21018
6100 -1.20851
6200 -1.19684
6300 -1.13596
6400 -1.30603
6500 -1.31658
6600 -1.20778
6700 -1.14651
6800 -1.23421
6900 -1.24289
7000 -1.26067
7100 -1.04043
7200 -1.18324
7300 -1.07672
7400 -1.14726
7500 -1.13054
7600 -1.13429
7700 -1.18095
7800 -1.15494
7900 -1.18967
8000 -1.1956
8100 -1.2585
8200 -1.25703
8300 -1.28716
8400 -1.19066
8500 -1.25174
8600 -1.27321
8700 -1.30484
8800 -1.34418
8900 -1.49185
9000 -1.37902
9100 -1.36565
9200 -1.41595
9300 -1.47691
9400 -1.3306
9500 -1.30486
9600 -1.34592
9700 -1.26413
9800 -1.4533
9900 -1.33337
10000 -1.3708
10100 -1.2248
10200 -1.23591
10300 -1.25578
10400 -1.19541
10500 -1.19848
10600 -1.14467
10700 -1.18578
10800 -1.28671
10900 -1.27663
11000 -1.14531
11100 -1.10182
11200 -1.19984
11300 -1.24591
11400 -1.24407
11500 -1.19793
11600 -0.9755
11700 -0.985104
11800 -1.0397
11900 -0.925666
12000 -1.1115
12100 -1.11532
12200 -0.879534
12300 -1.0696
12400 -1.0047
12500 -1.05479
12600 -1.07338
12700 -1.08654
12800 -0.903198
12900 -0.881545
13000 -0.777391
13100 -0.874988
13200 -0.957265
13300 -1.04305
13400 -1.21638
13500 -1.13101
13600 -1.13788
13700 -0.997785
13800 -0.976108
13900 -1.04097
14000 -1.08227
14100 -1.03717
14200 -1.15648
14300 -1.17574
14400 -1.14569
14500 -1.18042
14600 -1.10087
14700 -1.2048
14800 -1.23237
14900 -1.0396
15000 -1.21133
15100 -1.23566
15200 -1.17385
15300 -1.12996
15400 -1.06122
15500 -1.21582
15600 -1.12425
15700 -1.12168
15800 -1.32297
15900 -1.29607
16000 -1.15991
16100 -1.14263
16200 -0.814067
16300 -0.987689
16400 -1.03074
16500 -1.21916
16600 -1.04503
16700 -0.989209
16800 -1.09526
16900 -1.10396
17000 -1.20162
17100 -1.22203
17200 -1.25019
17300 -1.1229
17400 -1.04771
17500 -0.893614
17600 -1.10291
17700 -1.25097
17800 -1.03205
17900 -0.891092
18000 -1.04062
18100 -1.13795
18200 -1.10947
18300 -1.06235
18400 -1.02166
18500 -1.23245
18600 -1.12102
18700 -0.99626
18800 -0.983025
18900 -1.03094
19000 -0.977547
19100 -1.01225
19200 -0.828264
19300 -0.942616
19400 -0.894548
19500 -0.902353
19600 -1.02329
19700 -1.14209
19800 -0.983732
19900 -1.11321
20000 -1.1804
20100 -1.1603
20200 -1.24812
20300 -1.28774
20400 -1.16669
20500 -1.13423
20600 -1.2009
20700 -1.33742
20800 -1.25325
20900 -1.12151
21000 -1.1489
21100 -1.10851
21200 -0.989047
21300 -0.947449
21400 -1.16094
21500 -1.06045
21600 -1.26979
21700 -1.21431
21800 -1.2561
21900 -1.16959
22000 -1.11436
22100 -1.22897
22200 -1.10598
22300 -1.07942
22400 -1.01704
22500 -0.97979
22600 -0.977629
22700 -0.941841
22800 -0.814276
22900 -0.941188
23000 -0.98956
23100 -0.863806
23200 -0.966337
23300 -1.22964
23400 -1.12954
23500 -1.17715
23600 -1.04146
23700 -0.995435
23800 -1.02021
23900 -1.14664
24000 -1.0746
24100 -0.992778
24200 -1.02787
24300 -1.16273
24400 -1.13664
24500 -1.07134
24600 -1.18395
24700 -1.20847
24800 -1.00149
24900 -1.13706
25000 -1.10523
25100 -0.980836
25200 -0.940334
25300 -0.977981
25400 -0.871276
25500 -1.06489
25600 -1.06499
25700 -0.905765
25800 -0.840434
25900 -0.954881
26000 -0.903046
26100 -1.14709
26200 -0.942449
26300 -0.984923
26400 -0.89291
26500 -0.94444
26600 -0.841459
26700 -0.882222
26800 -1.03058
26900 -1.01721
27000 -1.07616
27100 -0.873531
27200 -0.902741
27300 -1.04307
27400 -1.26914
27500 -1.1868
27600 -1.15679
27700 -1.2167
27800 -1.1938
27900 -1.06094
28000 -1.16535
28100 -1.19383
28200 -1.10612
28300 -1.035
28400 -1.18248
28500 -0.908706
28600 -1.00057
28700 -1.04878
28800 -0.95555
28900 -1.07899
29000 -1.09124
29100 -0.99818
29200 -0.893653
29300 -0.902718
29400 -0.939277
29500 -0.914983
29600 -0.988954
29700 -0.921342
29800 -0.750447
29900 -0.883075
30000 -0.958509
30100 -0.971061
30200 -0.995696
30300 -1.06916
30400 -1.13048
30500 -0.997847
30600 -1.03795
30700 -1.10604
30800 -1.07323
30900 -0.982868
31000 -1.01793
31100 -1.00221
31200 -0.91254
31300 -0.925992
31400 -1.03415
31500 -1.08674
31600 -1.11491
31700 -1.15666
31800 -1.00155
31900 -0.90889
32000 -0.918306
32100 -1.07266
32200 -1.19836
32300 -1.21809
32400 -1.3017
32500 -1.3941
32600 -1.19806
32700 -1.21142
32800 -1.05813
32900 -1.13119
33000 -1.17036
33100 -0.964419
33200 -0.989774
33300 -1.01899
33400 -1.03247
33500 -1.08393
33600 -1.06993
33700 -1.22779
33800 -1.31319
33900 -1.19718
34000 -1.30903
34100 -1.32275
34200 -1.30428
34300 -1.12434
34400 -1.1105
34500 -0.879117
34600 -0.959741
34700 -0.977046
34800 -1.02881
34900 -1.11612
35000 -1.01499
35100 -0.92461
35200 -1.02762
35300 -0.929327
35400 -0.954313
35500 -1.03179
35600 -1.19546
35700 -1.2044
35800 -1.16199
35900 -1.12316
36000 -1.14174
36100 -1.15288
36200 -1.00422
36300 -1.02169
36400 -0.9713
36500 -0.925496
36600 -1.09462
36700 -1.05892
36800 -1.14832
36900 -1.1465
37000 -1.28236
37100 -1.44237
37200 -1.32268
37300 -1.24792
37400 -1.30268
37500 -1.29263
37600 -1.2037
37700 -1.30037
37800 -1.07604
37900 -1.22038
38000 -1.13887
38100 -1.21457
38200 -1.18224
38300 -1.20385
38400 -1.19794
38500 -1.22243
38600 -1.16497
38700 -1.10916
38800 -1.13491
38900 -1.1538
39000 -1.03848
39100 -1.10516
39200 -0.895779
39300 -0.966087
39400 -1.11773
39500 -1.29939
39600 -1.01952
39700 -1.10156
39800 -0.911681
39900 -1.07034
40000 -1.02132
40100 -0.994941
40200 -1.02789
40300 -1.16359
40400 -0.94739
40500 -1.06544
40600 -1.05127
40700 -0.980537
40800 -1.04177
40900 -1.13328
41000 -1.04154
41100 -1.13036
41200 -0.996639
41300 -1.17811
41400 -1.2083
41500 -1.11371
41600 -1.13616
41700 -1.22286
41800 -1.07055
41900 -1.10988
42000 -1.12588
42100 -1.04437
42200 -0.995643
42300 -0.942403
42400 -1.10167
42500 -0.883174
42600 -0.919277
42700 -0.931955
42800 -0.891164
42900 -1.04308
43000 -1.08357
43100 -1.03592
43200 -0.961543
43300 -1.0041
43400 -0.971876
43500 -1.00991
43600 -0.809313
43700 -1.01446
43800 -0.877839
43900 -0.910916
44000 -1.02702
44100 -0.924383
44200 -0.827601
44300 -0.712955
44400 -0.825259
44500 -1.05404
44600 -1.08309
44700 -0.920131
44800 -0.854375
44900 -0.923708
45000 -0.93519
45100 -0.871449
45200 -0.884568
45300 -0.865046
45400 -0.990216
45500 -1.01518
45600 -1.06286
45700 -0.847012
45800 -0.956746
45900 -1.13174
46000 -1.13764
46100 -1.1597
46200 -1.06178
46300 -0.86881
46400 -0.95508
46500 -1.00749
46600 -1.08035
46700 -1.08416
46800 -1.02382
46900 -1.07994
47000 -1.02538
47100 -0.971726
47200 -0.854875
47300 -0.842206
47400 -0.869055
47500 -0.985949
47600 -0.905265
47700 -0.972034
47800 -1.19625
47900 -1.03838
48000 -0.969956
48100 -0.986793
48200 -1.07479
48300 -1.20153
48400 -1.11763
48500 -0.981766
48600 -1.26193
48700 -1.12483
48800 -1.29773
48900 -1.15016
49000 -1.19803
49100 -1.2428
49200 -1.26116
49300 -1.22178
49400 -1.15775
49500 -1.18627
49600 -1.22236
49700 -1.14946
49800 -1.03761
49900 -1.21415
50000 -1.2961
50100 -1.03452
50200 -1.20131
50300 -1.18729
50400 -1.24374
50500 -1.15406
50600 -1.16039
50700 -1.10688
50800 -1.02096
50900 -1.14193
51000 -1.17572
51100 -1.21528
51200 -1.17416
51300 -1.22688
51400 -1.17181
51500 -1.23833
51600 -1.1633
51700 -1.17927
51800 -1.09249
51900 -1.08254
52000 -1.1163
52100 -1.17183
52200 -1.09447
52300 -1.17976
52400 -1.03181
52500 -0.985838
52600 -1.13048
52700 -1.13289
52800 -1.21066
52900 -1.23537
53000 -1.08041
53100 -1.04869
53200 -1.10654
53300 -1.06776
53400 -0.989385
53500 -1.20345
53600 -1.14536
53700 -1.08372
53800 -1.11399
53900 -1.27298
54000 -1.14258
54100 -1.03279
54200 -1.13409
54300 -1.06949
54400 -1.18321
54500 -1.19697
54600 -1.23512
54700 -1.13733
54800 -1.13639
54900 -1.08313
55000 -1.10692
55100 -0.95954
55200 -1.01091
55300 -1.20573
55400 -1.04123
55500 -1.15356
55600 -1.10481
55700 -1.03406
55800 -1.16059
55900 -0.972816
56000 -1.11688
56100 -1.13194
56200 -1.24225
56300 -1.17429
56400 -1.20359
56500 -0.920487
56600 -1.03745
56700 -0.867578
56800 -0.870117
56900 -0.865637
57000 -0.760299
57100 -0.960358
57200 -0.907732
57300 -0.991707
57400 -1.10006
57500 -0.965986
57600 -1.03793
57700 -1.14092
57800 -1.04895
57900 -1.03551
58000 -1.10889
58100 -1.00201
58200 -0.982397
58300 -1.05459
58400 -1.1627
58500 -1.18513
58600 -1.10138
58700 -1.03272
58800 -1.05734
58900 -1.23009
59000 -0.968092
59100 -1.08332
59200 -1.00926
59300 -1.15396
59400 -1.09396
59500 -0.983692
59600 -0.919701
59700 -0.989725
59800 -1.29307
59900 -1.12067
60000 -1.07712
60100 -1.25031
60200 -1.16386
60300 -1.09198
60400 -1.02541
60500 -1.16427
60600 -1.09908
60700 -1.14024
60800 -1.18101
60900 -1.17694
61000 -1.03361
61100 -1.13423
61200 -0.856917
61300 -1.01167
61400 -1.12506
61500 -1.20805
61600 -1.09599
61700 -0.949296
61800 -1.06167
61900 -1.08878
62000 -1.19281
62100 -1.25715
62200 -1.09988
62300 -1.16142
62400 -1.13027
62500 -1.08206
62600 -1.14276
62700 -1.14074
62800 -1.12873
62900 -1.0681
63000 -0.949547
63100 -0.985603
63200 -1.02824
63300 -1.05258
63400 -1.12926
63500 -1.15219
63600 -1.00526
63700 -0.937875
63800 -1.19548
63900 -1.11188
64000 -1.0552
64100 -1.18109
64200 -1.06285
64300 -0.973728
64400 -0.884981
64500 -1.01524
64600 -1.08351
64700 -0.962345
64800 -1.04686
64900 -1.00506
65000 -1.03907
65100 -1.14197
65200 -1.10881
65300 -1.05563
65400 -0.870185
65500 -0.931008
65600 -1.18563
65700 -1.11584
65800 -1.09356
65900 -1.11756
66000 -1.19729
66100 -1.10199
66200 -1.1532
66300 -1.20621
66400 -1.12095
66500 -1.02893
66600 -1.19551
66700 -1.18109
66800 -1.07849
66900 -1.33631
67000 -1.14902
67100 -1.12403
67200 -1.11016
67300 -1.17306
67400 -1.09759
67500 -1.13724
67600 -1.2161
67700 -1.17493
67800 -1.15845
67900 -1.19662
68000 -1.25848
68100 -1.21544
68200 -1.29063
68300 -1.22966
68400 -1.17207
68500 -1.09917
68600 -1.18648
68700 -1.42687
68800 -1.18838
68900 -1.2126
69000 -1.11712
69100 -1.14228
69200 -1.05298
69300 -1.03929
69400 -0.880675
69500 -1.1412
69600 -1.03216
69700 -1.07615
69800 -1.11687
69900 -1.05691
70000 -1.06847
70100 -1.21444
70200 -1.17235
70300 -1.22342
70400 -1.00526
70500 -1.09312
70600 -1.07207
70700 -1.2315
70800 -1.11213
70900 -1.14418
71000 -1.17472
71100 -1.20094
71200 -1.26092
71300 -1.08593
71400 -1.32509
71500 -1.20688
71600 -1.15224
71700 -1.21225
71800 -1.24976
71900 -1.18233
72000 -1.16805
72100 -1.1234
72200 -1.31441
72300 -1.01474
72400 -0.980693
72500 -1.11887
72600 -1.2073
72700 -1.11902
72800 -1.20109
72900 -1.12102
73000 -1.33853
73100 -1.27755
73200 -1.17096
73300 -1.14463
73400 -1.01298
73500 -1.28783
73600 -1.13459
73700 -1.03884
73800 -0.995376
73900 -0.983922
74000 -1.10404
74100 -0.846415
74200 -1.02681
74300 -1.24967
74400 -1.14672
74500 -1.2215
74600 -1.1551
74700 -1.1739
74800 -1.20575
74900 -1.2317
75000 -1.06534
75100 -0.97935
75200 -1.10332
75300 -1.15317
75400 -1.16986
75500 -1.15656
75600 -1.2383
75700 -1.03926
75800 -1.06743
75900 -1.24822
76000 -1.2017
76100 -1.15269
76200 -1.21384
76300 -1.1143
76400 -1.0872
76500 -1.02302
76600 -1.09883
76700 -1.05839
76800 -0.950411
76900 -0.989318
77000 -0.904556
77100 -0.846753
77200 -0.884384
77300 -1.14237
77400 -1.11502
77500 -1.07652
77600 -0.990286
77700 -1.16041
77800 -1.05969
77900 -1.12001
78000 -1.0653
78100 -0.974695
78200 -0.973033
78300 -1.10444
78400 -1.11711
78500 -0.937781
78600 -1.00625
78700 -0.947448
78800 -1.04964
78900 -0.924607
79000 -0.953937
79100 -0.903674
79200 -0.980046
79300 -0.968652
79400 -1.06649
79500 -1.00068
79600 -0.963718
79700 -0.864682
79800 -0.781455
79900 -0.892573
80000 -1.21609
80100 -1.05249
80200 -1.03102
80300 -1.09544
80400 -1.04827
80500 -1.09239
80600 -1.05797
80700 -1.13467
80800 -1.05196
80900 -0.739074
81000 -1.01151
81100 -0.995605
81200 -0.988006
81300 -0.99381
81400 -1.03126
81500 -1.04014
81600 -0.955542
81700 -1.07912
81800 -1.07821
81900 -1.20957
82000 -1.08556
82100 -1.07253
82200 -0.903066
82300 -1.05888
82400 -0.881096
82500 -1.01199
82600 -0.923536
82700 -0.935762
82800 -0.814233
82900 -0.839315
83000 -1.21069
83100 -0.966841
83200 -1.15085
83300 -1.0746
83400 -1.04529
83500 -1.03227
83600 -1.00616
83700 -0.972387
83800 -1.06018
83900 -0.931924
84000 -1.03672
84100 -0.9207
84200 -1.06132
84300 -0.991546
84400 -0.853693
84500 -0.964125
84600 -1.34439
84700 -1.13956
84800 -1.23072
84900 -1.02258
85000 -1.05981
85100 -1.22582
85200 -1.20342
85300 -1.02807
85400 -0.968126
85500 -1.07922
85600 -0.988076
85700 -0.895062
85800 -1.09774
85900 -0.978947
86000 -1.07526
86100 -1.00346
86200 -0.962277
86300 -1.10019
86400 -0.997922
86500 -1.09937
86600 -1.15629
86700 -1.1691
86800 -1.12014
86900 -1.05636
87000 -1.20097
87100 -1.01697
87200 -0.91729
87300 -1.03577
87400 -0.998115
87500 -1.02826
87600 -1.14591
87700 -1.04552
87800 -1.11538
87900 -1.01455
88000 -1.03459
88100 -1.04491
88200 -1.01263
88300 -1.08869
88400 -0.896961
88500 -0.935444
88600 -1.05615
88700 -1.01914
88800 -0.986101
88900 -0.809319
89000 -0.886161
89100 -0.976208
89200 -0.988911
89300 -1.01826
89400 -0.965722
89500 -1.05381
89600 -0.95623
89700 -0.915716
89800 -1.12035
89900 -0.947342
90000 -1.01981
90100 -0.993011
90200 -0.833736
90300 -0.912234
90400 -0.992833
90500 -1.08178
90600 -1.03259
90700 -1.12842
90800 -1.15378
90900 -1.02781
91000 -0.997738
91100 -0.993217
91200 -1.11255
91300 -1.2022
91400 -1.29874
91500 -1.18854
91600 -1.28291
91700 -1.12564
91800 -1.23016
91900 -1.24869
92000 -1.08317
92100 -1.09544
92200 -1.2541
92300 -1.19603
92400 -1.20959
92500 -1.23398
92600 -1.29742
92700 -1.21773
92800 -1.17964
92900 -1.22399
93000 -1.18823
93100 -1.05774
93200 -0.955114
93300 -0.943168
93400 -0.840484
93500 -0.987332
93600 -1.11181
93700 -1.01229
93800 -0.930524
93900 -1.06976
94000 -1.04125
94100 -1.05974
94200 -0.954453
94300 -0.916769
94400 -1.09314
94500 -1.05615
94600 -1.0082
94700 -1.01738
94800 -0.930656
94900 -1.02702
95000 -1.02803
95100 -1.14103
95200 -0.94729
95300 -0.981515
95400 -0.964899
95500 -0.969341
95600 -0.921105
95700 -0.900584
95800 -0.921471
95900 -0.952491
96000 -1.0424
96100 -1.0442
96200 -0.899988
96300 -0.978281
96400 -0.968558
96500 -0.896819
96600 -0.884772
96700 -0.950893
96800 -1.08816
96900 -1.03107
97000 -1.10073
97100 -1.05482
97200 -1.04824
97300 -1.06052
97400 -1.10562
97500 -1.24655
97600 -1.17368
97700 -0.932738
97800 -1.08371
97900 -1.11225
98000 -0.88604
98100 -0.885628
98200 -0.840907
98300 -0.972038
98400 -0.919074
98500 -1.04384
98600 -1.06759
98700 -0.974217
98800 -1.00595
98900 -0.989558
99000 -1.15731
99100 -1.12571
99200 -0.930982
99300 -0.984878
99400 -0.916403
99500 -0.768381
99600 -0.806849
99700 -0.985025
99800 -0.828075
99900 -0.995502
