0 -1.89429
100 -1.83017
200 -1.74103
300 -1.9482
400 -1.9398
500 -1.8161
600 -1.86273
700 -1.68412
800 -1.89306
900 -1.88073
1000 -1.87645
1100 -1.83211
1200 -1.81756
1300 -1.90339
1400 -1.76592
1500 -1.82497
1600 -1.77106
1700 -1.85459
1800 -1.84563
1900 -1.95078
2000 -1.882
2100 -1.761
2200 -1.79367
2300 -1.86467
2400 -1.92976
2500 -1.57119
2600 -1.7294
2700 -1.88742
2800 -1.86792
2900 -1.84837
3000 -1.83511
3100 -1.90047
3200 -1.82472
3300 -1.85235
3400 -1.87467
3500 -1.95854
3600 -1.98489
3700 -1.73963
3800 -1.89167
3900 -1.74963
4000 -1.9126
4100 -1.78906
4200 -1.90594
4300 -1.85521
4400 -1.90942
4500 -1.6873
4600 -1.86116
4700 -1.8753
4800 -1.86188
4900 -1.79367
5000 -1.81859
5100 -1.72698
5200 -1.87216
5300 -1.87584
5400 -1.93717
5500 -1.86067
5600 -1.9334
5700 -1.86923
5800 -1.92104
5900 -1.91542
6000 -1.96089
6100 -1.95546
6200 -1.94768
6300 -1.82539
6400 -1.90541
6500 -1.69865
6600 -1.67719
6700 -1.7749
6800 -1.89411
6900 -1.8978
7000 -1.7786
7100 -1.86754
7200 -1.99608
7300 -1.88541
7400 -1.88585
7500 -1.94038
7600 -1.96846
7700 -1.88035
7800 -1.89691
7900 -1.92204
8000 -1.91042
8100 -1.72943
8200 -1.79681
8300 -1.78141
8400 -1.92063
8500 -1.97765
8600 -1.79982
8700 -1.94942
8800 -1.86524
8900 -1.88573
9000 -1.87789
9100 -1.8509
9200 -1.94927
9300 -1.9438
9400 -1.89384
9500 -1.83047
9600 -1.96581
9700 -1.7857
9800 -1.82212
9900 -1.72191
10000 -1.81477
10100 -1.92225
10200 -1.93349
10300 -1.76182
10400 -1.84116
10500 -1.77327
10600 -1.77657
10700 -1.92288
10800 -1.71434
10900 -1.89085
11000 -1.88605
11100 -1.82601
11200 -1.77692
11300 -1.86921
11400 -1.8047
11500 -1.86016
11600 -1.85007
11700 -1.84661
11800 -1.84063
11900 -1.90867
12000 -1.86717
12100 -1.91661
12200 -1.85143
12300 -1.88268
12400 -1.82767
12500 -1.80773
12600 -1.87215
12700 -1.8008
12800 -1.74244
12900 -1.86037
13000 -1.82093
13100 -1.86548
13200 -1.84655
13300 -1.80396
13400 -1.89763
13500 -1.64971
13600 -1.69328
13700 -1.81217
13800 -1.96562
13900 -1.78812
14000 -1.91957
14100 -1.8932
14200 -1.84829
14300 -1.81926
14400 -1.82523
14500 -1.82332
14600 -1.83263
14700 -1.86238
14800 -1.75482
14900 -1.89041
15000 -1.84894
15100 -1.94058
15200 -1.82287
15300 -1.88056
15400 -1.69669
15500 -1.79988
15600 -1.6862
15700 -1.79095
15800 -1.76416
15900 -1.99331
16000 -1.7654
16100 -1.86327
16200 -1.7815
16300 -1.95257
16400 -1.9016
16500 -1.91021
16600 -1.78989
16700 -1.90601
16800 -1.87915
16900 -1.79042
17000 -1.87639
17100 -1.84061
17200 -1.77656
17300 -1.94275
17400 -1.88921
17500 -1.83339
17600 -1.72176
17700 -1.80851
17800 -1.87074
17900 -1.8639
18000 -1.64133
18100 -1.86768
18200 -1.82973
18300 -1.87185
18400 -1.7992
18500 -1.97607
18600 -1.87643
18700 -1.88034
18800 -1.69789
18900 -1.83504
19000 -1.87822
19100 -1.78898
19200 -1.88009
19300 -1.85239
19400 -1.90202
19500 -1.75085
19600 -1.78056
19700 -1.79812
19800 -1.86341
19900 -1.90941
20000 -1.86994
20100 -1.85096
20200 -1.93459
20300 -1.90103
20400 -1.86462
20500 -1.97406
20600 -1.91559
20700 -1.76094
20800 -1.81779
20900 -1.8413
21000 -1.80115
21100 -1.93056
21200 -1.69932
21300 -1.87378
21400 -1.79773
21500 -1.77635
21600 -1.88237
21700 -1.84854
21800 -1.82423
21900 -1.70257
22000 -1.68835
22100 -1.92952
22200 -1.86317
22300 -1.95237
22400 -1.75739
22500 -1.82192
22600 -1.68852
22700 -1.81955
22800 -1.7506
22900 -1.68701
23000 -1.89165
23100 -1.89506
23200 -1.97984
23300 -1.79312
23400 -1.92947
23500 -1.93008
23600 -1.91248
23700 -1.88293
23800 -1.86101
23900 -1.89379
24000 -1.84145
24100 -1.77446
24200 -1.87406
24300 -1.90604
24400 -1.90075
24500 -1.85226
24600 -1.9183
24700 -1.79457
24800 -1.82206
24900 -1.796
25000 -1.80512
25100 -1.91317
25200 -1.71121
25300 -1.79256
25400 -1.90435
25500 -1.82665
25600 -1.88983
25700 -1.83889
25800 -1.87005
25900 -1.81927
26000 -1.8174
26100 -1.80278
26200 -1.86592
26300 -1.7481
26400 -1.89536
26500 -1.79508
26600 -1.85103
26700 -1.83875
26800 -1.7019
26900 -1.94916
27000 -1.8354
27100 -1.81963
27200 -1.90965
27300 -1.6859
27400 -1.83751
27500 -1.84831
27600 -1.87386
27700 -1.78052
27800 -1.98191
27900 -1.89563
28000 -1.80981
28100 -1.84171
28200 -1.84515
28300 -1.90793
28400 -1.89021
28500 -1.88375
28600 -1.93034
28700 -1.72614
28800 -1.91351
28900 -1.71714
29000 -1.90577
29100 -1.78855
29200 -2.02004
29300 -1.88773
29400 -1.92886
29500 -1.86706
29600 -1.69829
29700 -1.80117
29800 -1.74304
29900 -1.6273
30000 -1.89096
30100 -1.95598
30200 -1.85808
30300 -1.94884
30400 -1.79919
30500 -1.77021
30600 -1.83539
30700 -1.94445
30800 -1.80424
30900 -1.85494
31000 -1.82927
31100 -1.78771
31200 -1.86085
31300 -1.99309
31400 -1.80789
31500 -1.67652
31600 -1.84968
31700 -1.86294
31800 -1.92406
31900 -1.88132
32000 -1.95636
32100 -1.60861
32200 -1.90898
32300 -1.84559
32400 -1.80646
32500 -1.77456
32600 -1.85033
32700 -1.90216
32800 -1.85245
32900 -1.70146
33000 -1.76252
33100 -1.86482
33200 -1.89492
33300 -1.93191
33400 -1.86845
33500 -1.92646
33600 -1.78201
33700 -1.93413
33800 -1.73216
33900 -1.85144
34000 -1.79973
34100 -1.95773
34200 -1.98897
34300 -1.87634
34400 -1.82853
34500 -1.71423
34600 -1.82289
34700 -1.75175
34800 -1.7679
34900 -1.79148
35000 -1.98711
35100 -1.7996
35200 -1.83769
35300 -1.7317
35400 -1.6622
35500 -1.88093
35600 -1.81936
35700 -1.86612
35800 -1.77937
35900 -1.82359
36000 -1.80373
36100 -1.86064
36200 -1.95505
36300 -1.83791
36400 -1.87387
36500 -1.96494
36600 -1.82512
36700 -1.79015
36800 -2.02343
36900 -1.7327
37000 -1.73936
37100 -1.83621
37200 -1.94326
37300 -1.86887
37400 -1.84854
37500 -1.87194
37600 -1.89552
37700 -1.8908
37800 -1.66104
37900 -1.99861
38000 -1.87856
38100 -1.70084
38200 -1.83784
38300 -1.72867
38400 -1.918
38500 -1.84259
38600 -1.78878
38700 -1.90895
38800 -1.73731
38900 -1.78456
39000 -1.80752
39100 -1.76544
39200 -1.91399
39300 -1.93389
39400 -1.95475
39500 -1.7354
39600 -1.92599
39700 -1.96992
39800 -1.67127
39900 -1.86625
40000 -1.81032
40100 -1.95911
40200 -1.72816
40300 -1.75169
40400 -1.8561
40500 -1.75556
40600 -1.97218
40700 -1.78376
40800 -1.8148
40900 -1.80249
41000 -1.83782
41100 -1.8241
41200 -1.76952
41300 -1.88048
41400 -1.93951
41500 -1.80538
41600 -1.93287
41700 -1.82637
41800 -1.90593
41900 -1.89456
42000 -1.90476
42100 -1.80099
42200 -1.97635
42300 -1.8908
42400 -1.92678
42500 -1.92911
42600 -1.98628
42700 -1.78345
42800 -1.85082
42900 -1.7721
43000 -1.87999
43100 -1.88635
43200 -1.90086
43300 -1.82345
43400 -1.8195
43500 -1.89373
43600 -1.91978
43700 -1.67913
43800 -1.73318
43900 -1.74096
44000 -1.89887
44100 -1.93709
44200 -1.90927
44300 -1.73212
44400 -1.81369
44500 -1.94267
44600 -1.82771
44700 -1.86424
44800 -1.79532
44900 -1.94245
45000 -1.72803
45100 -1.9586
45200 -1.74194
45300 -1.68982
45400 -1.73298
45500 -1.82591
45600 -1.80567
45700 -1.70942
45800 -2.0137
45900 -1.91932
46000 -1.68668
46100 -1.80083
46200 -1.80909
46300 -1.80823
46400 -1.77435
46500 -1.92701
46600 -1.84852
46700 -1.7696
46800 -1.89076
46900 -1.72458
47000 -1.85254
47100 -1.71744
47200 -1.86156
47300 -1.73279
47400 -1.90412
47500 -1.85077
47600 -1.8331
47700 -1.81276
47800 -1.85594
47900 -1.90109
48000 -1.8949
48100 -1.89262
48200 -1.74165
48300 -1.89847
48400 -1.93553
48500 -1.69099
48600 -1.94735
48700 -1.91572
48800 -1.9334
48900 -1.91991
49000 -1.77989
49100 -1.89903
49200 -1.84976
49300 -1.80168
49400 -1.89576
49500 -1.98303
49600 -1.79507
49700 -1.90448
49800 -1.87055
49900 -1.87029
50000 -1.82764
50100 -1.93394
50200 -1.91447
50300 -1.86706
50400 -1.84511
50500 -1.9201
50600 -1.88655
50700 -1.88423
50800 -1.70336
50900 -1.91227
51000 -1.92617
51100 -1.78545
51200 -1.70739
51300 -1.74633
51400 -1.79637
51500 -1.90287
51600 -1.80706
51700 -1.80712
51800 -1.74599
51900 -1.78366
52000 -1.92388
52100 -1.90861
52200 -1.79226
52300 -1.7466
52400 -1.94003
52500 -1.86538
52600 -1.82678
52700 -1.74607
52800 -1.8439
52900 -1.87483
53000 -1.77215
53100 -1.79271
53200 -1.74464
53300 -1.92674
53400 -1.80448
53500 -1.88111
53600 -1.74774
53700 -1.88812
53800 -1.97374
53900 -1.74451
54000 -1.74344
54100 -1.83433
54200 -1.93668
54300 -1.89898
54400 -1.86225
54500 -1.8426
54600 -1.78387
54700 -1.93157
54800 -1.78696
54900 -1.81864
55000 -1.82163
55100 -1.89535
55200 -1.92394
55300 -1.90267
55400 -1.86901
55500 -1.88208
55600 -1.733
55700 -1.81543
55800 -1.89248
55900 -1.86407
56000 -1.69798
56100 -1.87753
56200 -1.85321
56300 -1.83337
56400 -1.80396
56500 -1.91993
56600 -1.86219
56700 -2.06529
56800 -1.79448
56900 -1.76333
57000 -1.87075
57100 -1.88246
57200 -1.98724
57300 -1.9216
57400 -1.94462
57500 -1.90174
57600 -1.80983
57700 -1.87762
57800 -1.89288
57900 -1.86214
58000 -1.91781
58100 -1.82874
58200 -1.94204
58300 -1.77415
58400 -1.78281
58500 -1.7893
58600 -1.91492
58700 -1.83078
58800 -1.86773
58900 -1.84416
59000 -1.77451
59100 -1.75118
59200 -1.91287
59300 -1.87348
59400 -1.90198
59500 -1.87352
59600 -1.88128
59700 -1.87221
59800 -1.89646
59900 -1.81456
60000 -1.91924
60100 -1.81909
60200 -1.90454
60300 -1.8008
60400 -1.83652
60500 -1.8771
60600 -1.76053
60700 -1.90391
60800 -1.74933
60900 -1.66634
61000 -1.91443
61100 -1.9133
61200 -1.77486
61300 -1.79784
61400 -1.96527
61500 -1.93509
61600 -1.79069
61700 -1.90965
61800 -1.89761
61900 -1.87334
62000 -1.8575
62100 -1.82191
62200 -1.88667
62300 -1.88926
62400 -1.89147
62500 -1.87171
62600 -1.92092
62700 -1.81293
62800 -1.79074
62900 -1.71844
63000 -1.88845
63100 -1.75282
63200 -1.83992
63300 -1.88813
63400 -1.79551
63500 -1.8847
63600 -1.87101
63700 -1.9595
63800 -1.72658
63900 -1.90077
64000 -1.94304
64100 -1.87466
64200 -1.77097
64300 -1.75713
64400 -1.80088
64500 -1.85663
64600 -1.80242
64700 -1.70893
64800 -1.87736
64900 -2.01464
65000 -1.77533
65100 -1.73215
65200 -1.81433
65300 -1.8861
65400 -1.90881
65500 -1.71659
65600 -1.86431
65700 -1.82087
65800 -1.77151
65900 -1.86555
66000 -1.83963
66100 -1.94864
66200 -1.75889
66300 -1.70985
66400 -1.81677
66500 -1.86528
66600 -1.82045
66700 -1.90279
66800 -1.82409
66900 -1.87594
67000 -1.83956
67100 -1.8361
67200 -1.77867
67300 -1.74395
67400 -1.80629
67500 -1.84213
67600 -1.73277
67700 -1.86905
67800 -1.88246
67900 -1.78247
68000 -1.83292
68100 -1.78109
68200 -1.89893
68300 -1.88213
68400 -2.09016
68500 -1.85588
68600 -1.70794
68700 -1.76105
68800 -1.74096
68900 -1.77621
69000 -1.87955
69100 -1.98635
69200 -1.90814
69300 -1.99256
69400 -1.72529
69500 -1.83356
69600 -1.8143
69700 -1.83902
69800 -1.78314
69900 -1.78433
70000 -1.87248
70100 -1.86502
70200 -1.91971
70300 -1.68119
70400 -1.73285
70500 -1.86391
70600 -1.74908
70700 -1.79525
70800 -1.86963
70900 -1.86595
71000 -1.88864
71100 -1.92154
71200 -2.02491
71300 -1.94913
71400 -1.83066
71500 -1.9482
71600 -1.84733
71700 -1.752
71800 -1.8853
71900 -1.97339
72000 -1.80655
72100 -1.89671
72200 -1.73357
72300 -1.74465
72400 -1.78267
72500 -1.86886
72600 -1.96985
72700 -1.94304
72800 -1.89791
72900 -1.93783
73000 -1.87192
73100 -1.75321
73200 -1.79781
73300 -1.67053
73400 -1.94115
73500 -1.9496
73600 -1.70372
73700 -1.86405
73800 -1.72319
73900 -1.88017
74000 -1.87989
74100 -1.99468
74200 -1.79357
74300 -1.84556
74400 -1.83997
74500 -1.8353
74600 -1.71821
74700 -1.97616
74800 -1.86767
74900 -1.79016
75000 -1.91404
75100 -1.85104
75200 -1.89742
75300 -1.66442
75400 -1.97864
75500 -1.8505
75600 -1.94458
75700 -1.85341
75800 -1.87335
75900 -1.82781
76000 -2.01918
76100 -1.7793
76200 -1.89259
76300 -1.96601
76400 -1.77887
76500 -1.71962
76600 -1.9021
76700 -1.89877
76800 -1.80406
76900 -1.79369
77000 -1.77771
77100 -1.84812
77200 -1.90235
77300 -1.79398
77400 -1.84902
77500 -1.96417
77600 -1.77296
77700 -1.91067
77800 -1.78401
77900 -1.79005
78000 -1.78551
78100 -1.94866
78200 -1.83706
78300 -1.73604
78400 -1.83963
78500 -1.87539
78600 -1.82393
78700 -1.83397
78800 -1.81314
78900 -1.93823
79000 -1.91506
79100 -1.88117
79200 -1.97602
79300 -1.79875
79400 -1.77943
79500 -1.91303
79600 -1.78855
79700 -1.7351
79800 -1.84936
79900 -1.96837
80000 -1.82764
80100 -1.90824
80200 -1.7627
80300 -1.90723
80400 -1.68609
80500 -1.77469
80600 -1.77605
80700 -1.72289
80800 -1.82848
80900 -1.86282
81000 -1.8471
81100 -1.76159
81200 -1.78853
81300 -1.69571
81400 -1.92033
81500 -1.86092
81600 -1.9148
81700 -1.87456
81800 -1.77473
81900 -1.91262
82000 -1.78762
82100 -1.9279
82200 -1.92306
82300 -1.71042
82400 -1.78688
82500 -1.80997
82600 -1.82077
82700 -1.8122
82800 -1.86532
82900 -1.92996
83000 -1.85701
83100 -1.83377
83200 -1.65192
83300 -1.80664
83400 -1.94742
83500 -1.91076
83600 -1.76594
83700 -1.78168
83800 -1.81895
83900 -1.87194
84000 -1.61261
84100 -1.87054
84200 -1.82085
84300 -1.74143
84400 -1.90829
84500 -1.86303
84600 -1.8646
84700 -1.69832
84800 -1.99186
84900 -1.77793
85000 -1.80135
85100 -1.73205
85200 -1.88499
85300 -1.87055
85400 -1.7743
85500 -1.81729
85600 -1.94175
85700 -1.94499
85800 -1.88905
85900 -1.76053
86000 -1.62091
86100 -1.86515
86200 -1.86869
86300 -1.88938
86400 -1.87506
86500 -1.82089
86600 -1.82632
86700 -1.81331
86800 -1.81908
86900 -1.90487
87000 -1.75578
87100 -1.85294
87200 -1.87213
87300 -1.83195
87400 -1.77841
87500 -1.80082
87600 -1.69984
87700 -1.7442
87800 -1.84792
87900 -1.77337
88000 -2.01917
88100 -1.94181
88200 -1.95927
88300 -1.98874
88400 -1.73773
88500 -1.71743
88600 -1.83072
88700 -1.88708
88800 -1.86778
88900 -1.93268
89000 -1.84969
89100 -1.84074
89200 -1.87634
89300 -1.93055
89400 -1.81296
89500 -1.80136
89600 -1.78627
89700 -1.88518
89800 -1.88489
89900 -1.80233
90000 -1.69586
90100 -1.79629
90200 -1.81336
90300 -1.86197
90400 -1.86957
90500 -1.86258
90600 -1.76975
90700 -1.84569
90800 -1.77787
90900 -1.79673
91000 -1.78865
91100 -1.92051
91200 -1.87008
91300 -1.89382
91400 -1.80627
91500 -1.84744
91600 -1.85239
91700 -1.92354
91800 -1.89699
91900 -1.90474
92000 -1.80767
92100 -1.86627
92200 -1.83979
92300 -1.84682
92400 -1.77189
92500 -1.87478
92600 -1.78681
92700 -1.85721
92800 -1.87847
92900 -1.88433
93000 -1.68765
93100 -1.82212
93200 -1.88874
93300 -1.63153
93400 -1.72409
93500 -1.89074
93600 -1.85102
93700 -1.83881
93800 -1.90477
93900 -1.73722
94000 -1.93618
94100 -1.76187
94200 -1.94841
94300 -1.88981
94400 -1.7858
94500 -1.62341
94600 -1.96208
94700 -1.89358
94800 -1.87698
94900 -1.86639
95000 -1.85207
95100 -1.88574
95200 -1.78367
95300 -1.96743
95400 -1.85498
95500 -1.82023
95600 -1.79231
95700 -1.79207
95800 -1.8694
95900 -1.86731
96000 -1.94227
96100 -1.87698
96200 -1.75304
96300 -1.8672
96400 -1.87946
96500 -1.87576
96600 -1.85072
96700 -1.92792
96800 -1.73788
96900 -1.87136
97000 -1.88604
97100 -1.97777
97200 -1.87482
97300 -1.86963
97400 -1.92916
97500 -1.70892
97600 -1.93285
97700 -1.81178
97800 -1.80188
97900 -2.03737
98000 -1.7666
98100 -1.87004
98200 -1.83985
98300 -1.86312
98400 -1.88307
98500 -1.8864
98600 -1.80355
98700 -1.82609
98800 -1.84194
98900 -1.86037
99000 -1.83937
99100 -1.81468
99200 -1.84107
99300 -1.95975
99400 -1.72425
99500 -1.89109
99600 -1.79294
99700 -1.86645
99800 -1.85075
99900 -1.90254
