0 -0.655556
100 -0.64902
200 -0.743004
300 -0.620048
400 -0.714765
500 -0.679456
600 -0.749407
700 -0.641423
800 -0.649999
900 -0.662842
1000 -0.532646
1100 -0.637329
1200 -0.798478
1300 -0.649255
1400 -0.72833
1500 -0.644068
1600 -0.670103
1700 -0.638565
1800 -0.714893
1900 -0.620441
2000 -0.801568
2100 -0.66444
2200 -0.648408
2300 -0.656149
2400 -0.65472
2500 -0.671683
2600 -0.554469
2700 -0.627951
2800 -0.664662
2900 -0.683503
3000 -0.717315
3100 -0.60044
3200 -0.723648
3300 -0.745145
3400 -0.74372
3500 -0.597399
3600 -0.633034
3700 -0.758858
3800 -0.633106
3900 -0.852006
4000 -0.790445
4100 -0.851347
4200 -0.772643
4300 -0.740193
4400 -0.60016
4500 -0.683816
4600 -0.724938
4700 -0.749402
4800 -0.709116
4900 -0.601165
5000 -0.646436
5100 -0.662077
5200 -0.703355
5300 -0.685036
5400 -0.694533
5500 -0.591025
5600 -0.815426
5700 -0.838391
5800 -0.688128
5900 -0.785716
6000 -0.659841
6100 -0.61058
6200 -0.674963
6300 -0.513752
6400 -0.656749
6500 -0.591834
6600 -0.602013
6700 -0.666509
6800 -0.641498
6900 -0.608813
7000 -0.7944
7100 -0.693671
7200 -0.674824
7300 -0.65465
7400 -0.658636
7500 -0.687941
7600 -0.668484
7700 -0.732676
7800 -0.723983
7900 -0.678575
8000 -0.692929
8100 -0.766468
8200 -0.711972
8300 -0.662751
8400 -0.717413
8500 -0.732849
8600 -0.684738
8700 -0.597038
8800 -0.735867
8900 -0.774696
9000 -0.743998
9100 -0.853913
9200 -0.779821
9300 -0.718911
9400 -0.645747
9500 -0.648003
9600 -0.704154
9700 -0.679051
9800 -0.651788
9900 -0.782855
10000 -0.663318
10100 -0.678065
10200 -0.676641
10300 -0.724766
10400 -0.633098
10500 -0.760181
10600 -0.676335
10700 -0.779072
10800 -0.739613
10900 -0.596359
11000 -0.731888
11100 -0.770214
11200 -0.708642
11300 -0.684398
11400 -0.621782
11500 -0.598276
11600 -0.784856
11700 -0.766225
11800 -0.756433
11900 -0.634291
12000 -0.574549
12100 -0.652473
12200 -0.726212
12300 -0.802216
12400 -0.665061
12500 -0.657381
12600 -0.718396
12700 -0.729417
12800 -0.811504
12900 -0.683762
13000 -0.646021
13100 -0.676619
13200 -0.704727
13300 -0.702489
13400 -0.726724
13500 -0.689607
13600 -0.721824
13700 -0.716407
13800 -0.624322
13900 -0.606732
14000 -0.618488
14100 -0.715261
14200 -0.750588
14300 -0.695226
14400 -0.67852
14500 -0.669574
14600 -0.588105
14700 -0.698984
14800 -0.68796
14900 -0.688042
15000 -0.522519
15100 -0.684321
15200 -0.839948
15300 -0.786616
15400 -0.728627
15500 -0.834608
15600 -0.860178
15700 -0.929919
15800 -0.731645
15900 -0.693046
16000 -0.763129
16100 -0.688335
16200 -0.645313
16300 -0.723623
16400 -0.748215
16500 -0.654794
16600 -0.708217
16700 -0.538196
16800 -0.657243
16900 -0.668065
17000 -0.657391
17100 -0.685456
17200 -0.835078
17300 -0.690136
17400 -0.778435
17500 -0.727736
17600 -0.72094
17700 -0.685456
17800 -0.637897
17900 -0.740679
18000 -0.759391
18100 -0.775666
18200 -0.657294
18300 -0.669198
18400 -0.749358
18500 -0.70304
18600 -0.761513
18700 -0.686153
18800 -0.739371
18900 -0.568921
19000 -0.616295
19100 -0.651281
19200 -0.734297
19300 -0.7045
19400 -0.634643
19500 -0.744102
19600 -0.719126
19700 -0.827159
19800 -0.755202
19900 -0.631493
20000 -0.580324
20100 -0.67741
20200 -0.64675
20300 -0.638229
20400 -0.645505
20500 -0.675122
20600 -0.689911
20700 -0.612058
20800 -0.850596
20900 -0.66183
21000 -0.798139
21100 -0.724585
21200 -0.631333
21300 -0.684826
21400 -0.743979
21500 -0.853281
21600 -0.719576
21700 -0.822372
21800 -0.690336
21900 -0.72456
22000 -0.918318
22100 -0.807641
22200 -0.763325
22300 -0.665336
22400 -0.626907
22500 -0.578987
22600 -0.738025
22700 -0.690847
22800 -0.694251
22900 -0.696159
23000 -0.689746
23100 -0.778883
23200 -0.772239
23300 -0.763342
23400 -0.721541
23500 -0.782647
23600 -0.709397
23700 -0.606375
23800 -0.746056
23900 -0.657052
24000 -0.643981
24100 -0.674313
24200 -0.725463
24300 -0.589968
24400 -0.742228
24500 -0.661278
24600 -0.68742
24700 -0.59519
24800 -0.753723
24900 -0.624865
25000 -0.644861
25100 -0.606204
25200 -0.8135
25300 -0.562968
25400 -0.617987
25500 -0.670217
25600 -0.576862
25700 -0.803294
25800 -0.660564
25900 -0.553989
26000 -0.623414
26100 -0.651676
26200 -0.717399
26300 -0.547917
26400 -0.666235
26500 -0.679167
26600 -0.688013
26700 -0.640209
26800 -0.704442
26900 -0.638282
27000 -0.735786
27100 -0.82444
27200 -0.742924
27300 -0.713218
27400 -0.672273
27500 -0.724041
27600 -0.550538
27700 -0.761224
27800 -0.741808
27900 -0.742386
28000 -0.766772
28100 -0.804064
28200 -0.749191
28300 -0.746421
28400 -0.718281
28500 -0.636912
28600 -0.697303
28700 -0.633264
28800 -0.633425
28900 -0.550766
29000 -0.709126
29100 -0.692408
29200 -0.694774
29300 -0.686377
29400 -0.633675
29500 -0.702923
29600 -0.78453
29700 -0.594522
29800 -0.560514
29900 -0.604029
30000 -0.751065
30100 -0.752984
30200 -0.634591
30300 -0.746621
30400 -0.650565
30500 -0.798833
30600 -0.675694
30700 -0.61363
30800 -0.604123
30900 -0.784027
31000 -0.714939
31100 -0.627229
31200 -0.693143
31300 -0.72522
31400 -0.599498
31500 -0.593242
31600 -0.691223
31700 -0.667245
31800 -0.62641
31900 -0.702682
32000 -0.719332
32100 -0.823823
32200 -0.795527
32300 -0.55703
32400 -0.745013
32500 -0.858954
32600 -0.686737
32700 -0.866232
32800 -0.723953
32900 -0.643919
33000 -0.63961
33100 -0.698059
33200 -0.675847
33300 -0.732094
33400 -0.664862
33500 -0.648956
33600 -0.69531
33700 -0.649853
33800 -0.700157
33900 -0.726682
34000 -0.651715
34100 -0.623999
34200 -0.741085
34300 -0.691404
34400 -0.747286
34500 -0.67485
34600 -0.692724
34700 -0.739032
34800 -0.728529
34900 -0.639954
35000 -0.760544
35100 -0.73803
35200 -0.625931
35300 -0.688605
35400 -0.614876
35500 -0.731284
35600 -0.695984
35700 -0.637039
35800 -0.702191
35900 -0.698325
36000 -0.797315
36100 -0.762307
36200 -0.738453
36300 -0.660736
36400 -0.799251
36500 -0.684234
36600 -0.706855
36700 -0.798937
36800 -0.703415
36900 -0.696014
37000 -0.811929
37100 -0.5972
37200 -0.671692
37300 -0.771718
37400 -0.660131
37500 -0.691671
37600 -0.799311
37700 -0.645627
37800 -0.843991
37900 -0.716996
38000 -0.742967
38100 -0.616219
38200 -0.707015
38300 -0.62107
38400 -0.762959
38500 -0.635714
38600 -0.832254
38700 -0.706856
38800 -0.737703
38900 -0.716849
39000 -0.736589
39100 -0.710035
39200 -0.698249
39300 -0.659253
39400 -0.745934
39500 -0.709875
39600 -0.554473
39700 -0.754997
39800 -0.719742
39900 -0.754614
40000 -0.721106
40100 -0.730256
40200 -0.738128
40300 -0.642325
40400 -0.613707
40500 -0.77686
40600 -0.708496
40700 -0.739565
40800 -0.818734
40900 -0.642883
41000 -0.68594
41100 -0.604279
41200 -0.623924
41300 -0.537085
41400 -0.652471
41500 -0.746711
41600 -0.792464
41700 -0.684671
41800 -0.689965
41900 -0.641391
42000 -0.667462
42100 -0.664328
42200 -0.557748
42300 -0.713533
42400 -0.545446
42500 -0.74759
42600 -0.699095
42700 -0.762815
42800 -0.752168
42900 -0.793927
43000 -0.716107
43100 -0.551463
43200 -0.705946
43300 -0.745323
43400 -0.694596
43500 -0.576745
43600 -0.638876
43700 -0.663715
43800 -0.669834
43900 -0.614401
44000 -0.681009
44100 -0.607326
44200 -0.5778
44300 -0.839632
44400 -0.660729
44500 -0.809324
44600 -0.772788
44700 -0.677201
44800 -0.917106
44900 -0.663153
45000 -0.745852
45100 -0.716714
45200 -0.626129
45300 -0.835494
45400 -0.793898
45500 -0.646646
45600 -0.719914
45700 -0.625695
45800 -0.694023
45900 -0.537322
46000 -0.613473
46100 -0.725735
46200 -0.700643
46300 -0.641245
46400 -0.558516
46500 -0.722935
46600 -0.665592
46700 -0.649861
46800 -0.708031
46900 -0.711522
47000 -0.653012
47100 -0.714905
47200 -0.769572
47300 -0.846935
47400 -0.754408
47500 -0.701582
47600 -0.719321
47700 -0.722089
47800 -0.791502
47900 -0.789474
48000 -0.753014
48100 -0.776061
48200 -0.723171
48300 -0.660364
48400 -0.739456
48500 -0.663534
48600 -0.603314
48700 -0.749163
48800 -0.631624
48900 -0.70162
49000 -0.57682
49100 -0.633901
49200 -0.793895
49300 -0.642222
49400 -0.570705
49500 -0.692239
49600 -0.626942
49700 -0.612145
49800 -0.659352
49900 -0.725382
50000 -0.619054
50100 -0.5979
50200 -0.662566
50300 -0.548166
50400 -0.720886
50500 -0.860811
50600 -0.676425
50700 -0.775273
50800 -0.865239
50900 -0.779617
51000 -0.770191
51100 -0.702577
51200 -0.64392
51300 -0.83216
51400 -0.655008
51500 -0.574366
51600 -0.590345
51700 -0.713485
51800 -0.632204
51900 -0.608374
52000 -0.685653
52100 -0.765896
52200 -0.755591
52300 -0.816043
52400 -0.747551
52500 -0.731926
52600 -0.588404
52700 -0.71961
52800 -0.906549
52900 -0.863873
53000 -0.73698
53100 -0.66001
53200 -0.652128
53300 -0.766294
53400 -0.78247
53500 -0.686571
53600 -0.834558
53700 -0.676473
53800 -0.799814
53900 -0.647412
54000 -0.549544
54100 -0.713386
54200 -0.727394
54300 -0.63209
54400 -0.709103
54500 -0.685877
54600 -0.680207
54700 -0.792507
54800 -0.634746
54900 -0.671297
55000 -0.613101
55100 -0.710306
55200 -0.617778
55300 -0.776621
55400 -0.722224
55500 -0.713253
55600 -0.626763
55700 -0.723428
55800 -0.604025
55900 -0.791945
56000 -0.728994
56100 -0.610938
56200 -0.865878
56300 -0.737811
56400 -0.742578
56500 -0.714692
56600 -0.6564
56700 -0.679926
56800 -0.732983
56900 -0.664088
57000 -0.634653
57100 -0.730877
57200 -0.640305
57300 -0.648343
57400 -0.561297
57500 -0.713486
57600 -0.651496
57700 -0.691339
57800 -0.832793
57900 -0.63733
58000 -0.658413
58100 -0.69286
58200 -0.569057
58300 -0.646055
58400 -0.781411
58500 -0.711141
58600 -0.574181
58700 -0.662308
58800 -0.656981
58900 -0.803347
59000 -0.766751
59100 -0.709916
59200 -0.766925
59300 -0.692027
59400 -0.732572
59500 -0.858803
59600 -0.723541
59700 -0.708583
59800 -0.582854
59900 -0.736842
60000 -0.653452
60100 -0.744458
60200 -0.644502
60300 -0.654939
60400 -0.718826
60500 -0.736708
60600 -0.707607
60700 -0.613528
60800 -0.679305
60900 -0.643365
61000 -0.751932
61100 -0.768722
61200 -0.711746
61300 -0.731946
61400 -0.713003
61500 -0.749572
61600 -0.671103
61700 -0.698373
61800 -0.758022
61900 -0.741086
62000 -0.682585
62100 -0.642856
62200 -0.632748
62300 -0.567592
62400 -0.71673
62500 -0.646601
62600 -0.729469
62700 -0.696165
62800 -0.794171
62900 -0.743137
63000 -0.724018
63100 -0.700822
63200 -0.723314
63300 -0.516901
63400 -0.679367
63500 -0.784791
63600 -0.830625
63700 -0.674293
63800 -0.752642
63900 -0.636544
64000 -0.771631
64100 -0.699309
64200 -0.648478
64300 -0.668989
64400 -0.68294
64500 -0.796951
64600 -0.689865
64700 -0.690323
64800 -0.691885
64900 -0.698947
65000 -0.723971
65100 -0.688309
65200 -0.675454
65300 -0.67356
65400 -0.710822
65500 -0.6361
65600 -0.672232
65700 -0.661751
65800 -0.61027
65900 -0.613385
66000 -0.664656
66100 -0.611522
66200 -0.629903
66300 -0.671447
66400 -0.634007
66500 -0.795561
66600 -0.627303
66700 -0.701435
66800 -0.733906
66900 -0.690202
67000 -0.685606
67100 -0.671312
67200 -0.699665
67300 -0.72661
67400 -0.745695
67500 -0.624867
67600 -0.704316
67700 -0.626425
67800 -0.724236
67900 -0.782719
68000 -0.739921
68100 -0.729877
68200 -0.765429
68300 -0.648223
68400 -0.544001
68500 -0.714248
68600 -0.623959
68700 -0.746375
68800 -0.614057
68900 -0.742742
69000 -0.631418
69100 -0.784786
69200 -0.71591
69300 -0.709653
69400 -0.528798
69500 -0.74187
69600 -0.719021
69700 -0.666345
69800 -0.856641
69900 -0.624983
70000 -0.733184
70100 -0.571894
70200 -0.834419
70300 -0.701677
70400 -0.702135
70500 -0.686741
70600 -0.658683
70700 -0.673244
70800 -0.653738
70900 -0.673642
71000 -0.670852
71100 -0.570894
71200 -0.624079
71300 -0.738914
71400 -0.709289
71500 -0.643084
71600 -0.719474
71700 -0.73056
71800 -0.709462
71900 -0.640106
72000 -0.667064
72100 -0.540889
72200 -0.583927
72300 -0.708406
72400 -0.601356
72500 -0.668354
72600 -0.680534
72700 -0.715288
72800 -0.680981
72900 -0.665815
73000 -0.634834
73100 -0.688822
73200 -0.647674
73300 -0.665812
73400 -0.687005
73500 -0.620465
73600 -0.663233
73700 -0.642183
73800 -0.639933
73900 -0.642151
74000 -0.74881
74100 -0.645915
74200 -0.782909
74300 -0.796579
74400 -0.797523
74500 -0.799809
74600 -0.779443
74700 -0.743711
74800 -0.663428
74900 -0.754636
75000 -0.659397
75100 -0.660872
75200 -0.827301
75300 -0.65774
75400 -0.710383
75500 -0.647511
75600 -0.64746
75700 -0.647916
75800 -0.675968
75900 -0.701068
76000 -0.735742
76100 -0.636672
76200 -0.7687
76300 -0.635159
76400 -0.737054
76500 -0.843809
76600 -0.691137
76700 -0.606968
76800 -0.70499
76900 -0.618036
77000 -0.611179
77100 -0.613825
77200 -0.639952
77300 -0.693663
77400 -0.733224
77500 -0.800367
77600 -0.59671
77700 -0.748376
77800 -0.59363
77900 -0.629817
78000 -0.723112
78100 -0.711332
78200 -0.710042
78300 -0.626865
78400 -0.663298
78500 -0.753038
78600 -0.579948
78700 -0.657162
78800 -0.797682
78900 -0.755134
79000 -0.619283
79100 -0.662694
79200 -0.587722
79300 -0.64975
79400 -0.73228
79500 -0.668473
79600 -0.682105
79700 -0.681642
79800 -0.599782
79900 -0.694241
80000 -0.654101
80100 -0.682769
80200 -0.73574
80300 -0.670021
80400 -0.666306
80500 -0.7926
80600 -0.658575
80700 -0.769736
80800 -0.655019
80900 -0.618838
81000 -0.631891
81100 -0.74431
81200 -0.5569
81300 -0.763639
81400 -0.730799
81500 -0.521376
81600 -0.716906
81700 -0.642151
81800 -0.63727
81900 -0.572736
82000 -0.63907
82100 -0.708157
82200 -0.664801
82300 -0.662666
82400 -0.680344
82500 -0.656238
82600 -0.685453
82700 -0.698453
82800 -0.609442
82900 -0.638018
83000 -0.685392
83100 -0.751844
83200 -0.606855
83300 -0.654883
83400 -0.706086
83500 -0.707789
83600 -0.740114
83700 -0.652328
83800 -0.741363
83900 -0.78791
84000 -0.743319
84100 -0.646926
84200 -0.660282
84300 -0.716313
84400 -0.716986
84500 -0.659481
84600 -0.693286
84700 -0.73741
84800 -0.640112
84900 -0.697843
85000 -0.704862
85100 -0.776445
85200 -0.639732
85300 -0.701323
85400 -0.721176
85500 -0.808216
85600 -1.00732
85700 -0.639473
85800 -0.699526
85900 -0.651934
86000 -0.645184
86100 -0.686749
86200 -0.672437
86300 -0.652047
86400 -0.615235
86500 -0.564901
86600 -0.727893
86700 -0.778866
86800 -0.651836
86900 -0.816194
87000 -0.736712
87100 -0.744543
87200 -0.653354
87300 -0.571426
87400 -0.752543
87500 -0.736012
87600 -0.633154
87700 -0.631903
87800 -0.68547
87900 -0.702093
88000 -0.756121
88100 -0.745088
88200 -0.774949
88300 -0.740035
88400 -0.806169
88500 -0.802173
88600 -0.706274
88700 -0.626434
88800 -0.666562
88900 -0.567223
89000 -0.661397
89100 -0.890866
89200 -0.742673
89300 -0.604292
89400 -0.70928
89500 -0.682201
89600 -0.632497
89700 -0.661626
89800 -0.696148
89900 -0.796635
90000 -0.635686
90100 -0.742615
90200 -0.694889
90300 -0.719291
90400 -0.720934
90500 -0.742065
90600 -0.816996
90700 -0.710246
90800 -0.644477
90900 -0.630023
91000 -0.700288
91100 -0.635359
91200 -0.548127
91300 -0.656132
91400 -0.732781
91500 -0.764091
91600 -0.600026
91700 -0.630617
91800 -0.516026
91900 -0.790443
92000 -0.623156
92100 -0.638683
92200 -0.622287
92300 -0.725725
92400 -0.776678
92500 -0.830626
92600 -0.635478
92700 -0.694735
92800 -0.577493
92900 -0.663002
93000 -0.717991
93100 -0.658194
93200 -0.713512
93300 -0.572155
93400 -0.63144
93500 -0.68205
93600 -0.576826
93700 -0.69421
93800 -0.615123
93900 -0.744828
94000 -0.679399
94100 -0.568604
94200 -0.681288
94300 -0.790795
94400 -0.64908
94500 -0.619531
94600 -0.916579
94700 -0.767605
94800 -0.727465
94900 -0.67239
95000 -0.714763
95100 -0.547492
95200 -0.724455
95300 -0.689769
95400 -0.637894
95500 -0.694478
95600 -0.772758
95700 -0.680929
95800 -0.611667
95900 -0.712599
96000 -0.625011
96100 -0.560073
96200 -0.602461
96300 -0.629418
96400 -0.774167
96500 -0.701887
96600 -0.697823
96700 -0.675373
96800 -0.708885
96900 -0.783952
97000 -0.681687
97100 -0.783218
97200 -0.70846
97300 -0.624761
97400 -0.590472
97500 -0.803883
97600 -0.725633
97700 -0.678488
97800 -0.672774
97900 -0.735543
98000 -0.627317
98100 -0.71985
98200 -0.701222
98300 -0.688368
98400 -0.631033
98500 -0.568256
98600 -0.794655
98700 -0.782551
98800 -0.708009
98900 -0.634376
99000 -0.740645
99100 -0.593118
99200 -0.621969
99300 -0.620606
99400 -0.563776
99500 -0.653495
99600 -0.807605
99700 -0.679727
99800 -0.559921
99900 -0.647995
