0 -1.51729
100 -1.44267
200 -1.3664
300 -1.39378
400 -1.43884
500 -1.53797
600 -1.49672
700 -1.41433
800 -1.34702
900 -1.51986
1000 -1.4391
1100 -1.30844
1200 -1.58102
1300 -1.4864
1400 -1.44629
1500 -1.41785
1600 -1.40959
1700 -1.34057
1800 -1.45635
1900 -1.41286
2000 -1.39823
2100 -1.43164
2200 -1.37711
2300 -1.48406
2400 -1.43484
2500 -1.42732
2600 -1.42423
2700 -1.40608
2800 -1.42359
2900 -1.54799
3000 -1.41583
3100 -1.38577
3200 -1.42982
3300 -1.43262
3400 -1.52604
3500 -1.42801
3600 -1.55165
3700 -1.47829
3800 -1.4374
3900 -1.56812
4000 -1.44045
4100 -1.41661
4200 -1.48929
4300 -1.41549
4400 -1.37259
4500 -1.38168
4600 -1.38785
4700 -1.36763
4800 -1.38621
4900 -1.40546
5000 -1.42159
5100 -1.5498
5200 -1.53855
5300 -1.50227
5400 -1.33888
5500 -1.39541
5600 -1.35198
5700 -1.42182
5800 -1.54662
5900 -1.55537
6000 -1.4729
6100 -1.46739
6200 -1.32356
6300 -1.37647
6400 -1.39053
6500 -1.51299
6600 -1.46043
6700 -1.50505
6800 -1.57415
6900 -1.5446
7000 -1.40134
7100 -1.33695
7200 -1.44153
7300 -1.53098
7400 -1.57946
7500 -1.45863
7600 -1.46572
7700 -1.40342
7800 -1.57431
7900 -1.47193
8000 -1.41181
8100 -1.34285
8200 -1.46735
8300 -1.45769
8400 -1.43234
8500 -1.46485
8600 -1.36057
8700 -1.39975
8800 -1.47963
8900 -1.4183
9000 -1.49257
9100 -1.52924
9200 -1.40063
9300 -1.45697
9400 -1.48755
9500 -1.41509
9600 -1.50491
9700 -1.57625
9800 -1.56689
9900 -1.53465
10000 -1.45018
10100 -1.46567
10200 -1.54073
10300 -1.44954
10400 -1.41049
10500 -1.46551
10600 -1.46031
10700 -1.37312
10800 -1.36538
10900 -1.3219
11000 -1.40433
11100 -1.33452
11200 -1.35851
11300 -1.34129
11400 -1.42116
11500 -1.36359
11600 -1.41362
11700 -1.40221
11800 -1.43986
11900 -1.47404
12000 -1.4506
12100 -1.37106
12200 -1.37687
12300 -1.39053
12400 -1.32191
12500 -1.43601
12600 -1.47937
12700 -1.467
12800 -1.42672
12900 -1.39749
13000 -1.39553
13100 -1.43979
13200 -1.45916
13300 -1.36646
13400 -1.42218
13500 -1.39355
13600 -1.46188
13700 -1.53417
13800 -1.43807
13900 -1.45012
14000 -1.42065
14100 -1.47361
14200 -1.40777
14300 -1.46427
14400 -1.4439
14500 -1.42023
14600 -1.44712
14700 -1.29014
14800 -1.4746
14900 -1.47727
15000 -1.40488
15100 -1.41822
15200 -1.39466
15300 -1.46053
15400 -1.51704
15500 -1.52321
15600 -1.3699
15700 -1.42533
15800 -1.41716
15900 -1.36198
16000 -1.36977
16100 -1.50429
16200 -1.39374
16300 -1.3715
16400 -1.41348
16500 -1.33462
16600 -1.24135
16700 -1.4022
16800 -1.52101
16900 -1.34289
17000 -1.42338
17100 -1.51039
17200 -1.55324
17300 -1.38327
17400 -1.3435
17500 -1.41921
17600 -1.34163
17700 -1.51011
17800 -1.47187
17900 -1.39899
18000 -1.43759
18100 -1.43341
18200 -1.4253
18300 -1.39277
18400 -1.37693
18500 -1.33726
18600 -1.30269
18700 -1.27782
18800 -1.47565
18900 -1.34744
19000 -1.28085
19100 -1.29739
19200 -1.40156
19300 -1.43967
19400 -1.47142
19500 -1.47962
19600 -1.29935
19700 -1.41841
19800 -1.40321
19900 -1.63494
20000 -1.46176
20100 -1.47836
20200 -1.44781
20300 -1.512
20400 -1.39483
20500 -1.43295
20600 -1.38467
20700 -1.39235
20800 -1.38862
20900 -1.41915
21000 -1.53868
21100 -1.37792
21200 -1.44831
21300 -1.55761
21400 -1.4291
21500 -1.43526
21600 -1.39384
21700 -1.32192
21800 -1.40004
21900 -1.42133
22000 -1.53468
22100 -1.39869
22200 -1.37014
22300 -1.40283
22400 -1.4363
22500 -1.43632
22600 -1.43072
22700 -1.63704
22800 -1.50582
22900 -1.49575
23000 -1.42823
23100 -1.3692
23200 -1.50412
23300 -1.34611
23400 -1.38917
23500 -1.5387
23600 -1.41125
23700 -1.38752
23800 -1.53452
23900 -1.51322
24000 -1.46782
24100 -1.48552
24200 -1.39007
24300 -1.51516
24400 -1.54403
24500 -1.41862
24600 -1.33512
24700 -1.4731
24800 -1.44235
24900 -1.37555
25000 -1.40323
25100 -1.41425
25200 -1.43647
25300 -1.46353
25400 -1.41465
25500 -1.40114
25600 -1.31583
25700 -1.36345
25800 -1.3465
25900 -1.38279
26000 -1.4421
26100 -1.2675
26200 -1.43705
26300 -1.40041
26400 -1.52665
26500 -1.38734
26600 -1.42168
26700 -1.43035
26800 -1.37506
26900 -1.41715
27000 -1.48471
27100 -1.44495
27200 -1.49948
27300 -1.48777
27400 -1.38606
27500 -1.45387
27600 -1.38747
27700 -1.39845
27800 -1.48602
27900 -1.46334
28000 -1.39384
28100 -1.41939
28200 -1.42526
28300 -1.37593
28400 -1.31708
28500 -1.37886
28600 -1.46936
28700 -1.45422
28800 -1.4884
28900 -1.449
29000 -1.43163
29100 -1.40649
29200 -1.36608
29300 -1.39872
29400 -1.48818
29500 -1.41211
29600 -1.41599
29700 -1.33779
29800 -1.53473
29900 -1.35931
30000 -1.59232
30100 -1.4527
30200 -1.38505
30300 -1.42777
30400 -1.47533
30500 -1.51087
30600 -1.46543
30700 -1.54164
30800 -1.32902
30900 -1.41021
31000 -1.41272
31100 -1.37577
31200 -1.4225
31300 -1.44296
31400 -1.45581
31500 -1.32912
31600 -1.54412
31700 -1.34397
31800 -1.49187
31900 -1.60788
32000 -1.54372
32100 -1.36477
32200 -1.4978
32300 -1.40982
32400 -1.39805
32500 -1.4377
32600 -1.35347
32700 -1.38222
32800 -1.38224
32900 -1.41423
33000 -1.43903
33100 -1.35491
33200 -1.43871
33300 -1.35721
33400 -1.4864
33500 -1.3467
33600 -1.42311
33700 -1.43256
33800 -1.42896
33900 -1.42135
34000 -1.41482
34100 -1.43789
34200 -1.4666
34300 -1.47804
34400 -1.45526
34500 -1.37356
34600 -1.43047
34700 -1.43513
34800 -1.53511
34900 -1.44861
35000 -1.43211
35100 -1.38725
35200 -1.54787
35300 -1.4232
35400 -1.4606
35500 -1.49807
35600 -1.45705
35700 -1.37101
35800 -1.36376
35900 -1.45256
36000 -1.50712
36100 -1.32603
36200 -1.24025
36300 -1.40314
36400 -1.34658
36500 -1.43458
36600 -1.34836
36700 -1.44907
36800 -1.55707
36900 -1.51002
37000 -1.53754
37100 -1.45774
37200 -1.56706
37300 -1.50371
37400 -1.40081
37500 -1.32983
37600 -1.43192
37700 -1.35267
37800 -1.41042
37900 -1.40545
38000 -1.44157
38100 -1.46956
38200 -1.4226
38300 -1.48479
38400 -1.39195
38500 -1.40741
38600 -1.42618
38700 -1.40736
38800 -1.47264
38900 -1.39203
39000 -1.36573
39100 -1.44881
39200 -1.2943
39300 -1.51849
39400 -1.49323
39500 -1.44448
39600 -1.35513
39700 -1.38866
39800 -1.39986
39900 -1.46518
40000 -1.49891
40100 -1.32749
40200 -1.36099
40300 -1.34437
40400 -1.46644
40500 -1.36658
40600 -1.40435
40700 -1.53356
40800 -1.44107
40900 -1.4012
41000 -1.43793
41100 -1.33861
41200 -1.43541
41300 -1.54921
41400 -1.3536
41500 -1.40422
41600 -1.34462
41700 -1.26497
41800 -1.29523
41900 -1.3618
42000 -1.56672
42100 -1.37574
42200 -1.36826
42300 -1.36314
42400 -1.31268
42500 -1.52745
42600 -1.44578
42700 -1.38487
42800 -1.25485
42900 -1.38869
43000 -1.47696
43100 -1.44437
43200 -1.42297
43300 -1.33374
43400 -1.36602
43500 -1.45994
43600 -1.38804
43700 -1.44822
43800 -1.35466
43900 -1.41998
44000 -1.48025
44100 -1.50908
44200 -1.42896
44300 -1.43371
44400 -1.5078
44500 -1.45258
44600 -1.35762
44700 -1.42063
44800 -1.51495
44900 -1.55604
45000 -1.4074
45100 -1.54556
45200 -1.40556
45300 -1.35299
45400 -1.45229
45500 -1.50508
45600 -1.41379
45700 -1.45174
45800 -1.38042
45900 -1.47641
46000 -1.43835
46100 -1.50895
46200 -1.40161
46300 -1.49489
46400 -1.45367
46500 -1.37109
46600 -1.4145
46700 -1.43642
46800 -1.46306
46900 -1.44894
47000 -1.27572
47100 -1.38554
47200 -1.38775
47300 -1.4729
47400 -1.45165
47500 -1.55087
47600 -1.39492
47700 -1.47239
47800 -1.38247
47900 -1.45536
48000 -1.42126
48100 -1.37762
48200 -1.29284
48300 -1.46896
48400 -1.35137
48500 -1.35791
48600 -1.54164
48700 -1.49524
48800 -1.6217
48900 -1.38237
49000 -1.50821
49100 -1.43813
49200 -1.47624
49300 -1.5956
49400 -1.43438
49500 -1.35798
49600 -1.45114
49700 -1.41657
49800 -1.41537
49900 -1.47764
50000 -1.38466
50100 -1.41636
50200 -1.42566
50300 -1.51093
50400 -1.49805
50500 -1.536
50600 -1.75135
50700 -1.4526
50800 -1.5617
50900 -1.48094
51000 -1.41205
51100 -1.491
51200 -1.54015
51300 -1.36636
51400 -1.54927
51500 -1.44619
51600 -1.472
51700 -1.34763
51800 -1.31795
51900 -1.42767
52000 -1.3476
52100 -1.48788
52200 -1.47014
52300 -1.48774
52400 -1.50066
52500 -1.47075
52600 -1.37059
52700 -1.42937
52800 -1.50384
52900 -1.36342
53000 -1.43572
53100 -1.41509
53200 -1.35586
53300 -1.42819
53400 -1.45299
53500 -1.58602
53600 -1.33538
53700 -1.3266
53800 -1.45453
53900 -1.44028
54000 -1.40468
54100 -1.39567
54200 -1.43452
54300 -1.48917
54400 -1.49286
54500 -1.37291
54600 -1.41148
54700 -1.3903
54800 -1.37077
54900 -1.29893
55000 -1.56231
55100 -1.48886
55200 -1.44911
55300 -1.41819
55400 -1.41912
55500 -1.35509
55600 -1.39179
55700 -1.50224
55800 -1.39547
55900 -1.44785
56000 -1.36768
56100 -1.43353
56200 -1.60968
56300 -1.47719
56400 -1.5199
56500 -1.41772
56600 -1.42088
56700 -1.38066
56800 -1.34743
56900 -1.43759
57000 -1.39182
57100 -1.2456
57200 -1.34061
57300 -1.40435
57400 -1.36005
57500 -1.37679
57600 -1.35226
57700 -1.56382
57800 -1.4553
57900 -1.39558
58000 -1.47763
58100 -1.46598
58200 -1.35545
58300 -1.29038
58400 -1.41186
58500 -1.49669
58600 -1.51077
58700 -1.35654
58800 -1.44355
58900 -1.47065
59000 -1.4187
59100 -1.40626
59200 -1.51955
59300 -1.47886
59400 -1.49171
59500 -1.45769
59600 -1.49552
59700 -1.45862
59800 -1.44737
59900 -1.41277
60000 -1.59078
60100 -1.55582
60200 -1.46127
60300 -1.40936
60400 -1.43323
60500 -1.5052
60600 -1.4915
60700 -1.47135
60800 -1.42452
60900 -1.4928
61000 -1.44473
61100 -1.4179
61200 -1.36218
61300 -1.37736
61400 -1.51284
61500 -1.3755
61600 -1.33932
61700 -1.36569
61800 -1.38856
61900 -1.31175
62000 -1.39887
62100 -1.40142
62200 -1.46454
62300 -1.38494
62400 -1.26385
62500 -1.43521
62600 -1.45813
62700 -1.51551
62800 -1.54093
62900 -1.29851
63000 -1.57011
63100 -1.37312
63200 -1.42558
63300 -1.47065
63400 -1.36496
63500 -1.37991
63600 -1.39124
63700 -1.47629
63800 -1.42853
63900 -1.38422
64000 -1.49025
64100 -1.44554
64200 -1.44254
64300 -1.44485
64400 -1.29178
64500 -1.44787
64600 -1.46898
64700 -1.44924
64800 -1.52336
64900 -1.45343
65000 -1.41899
65100 -1.37369
65200 -1.35305
65300 -1.40703
65400 -1.40704
65500 -1.55209
65600 -1.43283
65700 -1.52649
65800 -1.45
65900 -1.37615
66000 -1.28287
66100 -1.40091
66200 -1.42074
66300 -1.39835
66400 -1.52535
66500 -1.52574
66600 -1.48009
66700 -1.41753
66800 -1.56932
66900 -1.4006
67000 -1.57906
67100 -1.50772
67200 -1.46501
67300 -1.60952
67400 -1.43419
67500 -1.47637
67600 -1.42541
67700 -1.59395
67800 -1.40637
67900 -1.49504
68000 -1.60957
68100 -1.34492
68200 -1.48747
68300 -1.39199
68400 -1.46533
68500 -1.35103
68600 -1.46457
68700 -1.32827
68800 -1.36514
68900 -1.48609
69000 -1.33857
69100 -1.37822
69200 -1.43361
69300 -1.35174
69400 -1.49822
69500 -1.42063
69600 -1.44163
69700 -1.39597
69800 -1.49193
69900 -1.48312
70000 -1.58393
70100 -1.51396
70200 -1.4159
70300 -1.41154
70400 -1.57422
70500 -1.41371
70600 -1.40145
70700 -1.38221
70800 -1.38606
70900 -1.36566
71000 -1.32991
71100 -1.49051
71200 -1.36389
71300 -1.29655
71400 -1.4717
71500 -1.36402
71600 -1.46267
71700 -1.52697
71800 -1.42824
71900 -1.34816
72000 -1.32914
72100 -1.45858
72200 -1.49516
72300 -1.46076
72400 -1.47635
72500 -1.32673
72600 -1.39467
72700 -1.48226
72800 -1.39543
72900 -1.52152
73000 -1.46647
73100 -1.53114
73200 -1.57458
73300 -1.42573
73400 -1.53963
73500 -1.40605
73600 -1.49447
73700 -1.4379
73800 -1.31982
73900 -1.34457
74000 -1.4246
74100 -1.4115
74200 -1.4158
74300 -1.40764
74400 -1.35545
74500 -1.50424
74600 -1.45281
74700 -1.38468
74800 -1.3608
74900 -1.4067
75000 -1.33236
75100 -1.53661
75200 -1.47496
75300 -1.37975
75400 -1.56019
75500 -1.43482
75600 -1.38005
75700 -1.18338
75800 -1.51409
75900 -1.32421
76000 -1.36244
76100 -1.35266
76200 -1.48172
76300 -1.40539
76400 -1.49463
76500 -1.35811
76600 -1.3304
76700 -1.34803
76800 -1.3123
76900 -1.27181
77000 -1.35047
77100 -1.42211
77200 -1.36954
77300 -1.36531
77400 -1.36297
77500 -1.44771
77600 -1.35079
77700 -1.40241
77800 -1.48309
77900 -1.5277
78000 -1.37963
78100 -1.42924
78200 -1.38034
78300 -1.39769
78400 -1.45161
78500 -1.44066
78600 -1.35906
78700 -1.38331
78800 -1.46418
78900 -1.37425
79000 -1.45232
79100 -1.41575
79200 -1.43267
79300 -1.39891
79400 -1.5036
79500 -1.41289
79600 -1.38408
79700 -1.37074
79800 -1.41838
79900 -1.41622
80000 -1.29558
80100 -1.34717
80200 -1.32405
80300 -1.39949
80400 -1.53715
80500 -1.57825
80600 -1.41676
80700 -1.37172
80800 -1.43102
80900 -1.51066
81000 -1.39882
81100 -1.42495
81200 -1.43556
81300 -1.52616
81400 -1.44245
81500 -1.57625
81600 -1.46784
81700 -1.33257
81800 -1.37478
81900 -1.35188
82000 -1.34609
82100 -1.54475
82200 -1.36022
82300 -1.53834
82400 -1.57982
82500 -1.30706
82600 -1.48555
82700 -1.50099
82800 -1.37989
82900 -1.44222
83000 -1.50402
83100 -1.55084
83200 -1.4527
83300 -1.44781
83400 -1.5301
83500 -1.43268
83600 -1.46208
83700 -1.37637
83800 -1.40726
83900 -1.43979
84000 -1.35261
84100 -1.47301
84200 -1.4806
84300 -1.30479
84400 -1.38792
84500 -1.45153
84600 -1.40223
84700 -1.54303
84800 -1.52877
84900 -1.50267
85000 -1.43258
85100 -1.4704
85200 -1.47209
85300 -1.44335
85400 -1.4053
85500 -1.44744
85600 -1.41385
85700 -1.47424
85800 -1.36069
85900 -1.3655
86000 -1.58862
86100 -1.46022
86200 -1.42825
86300 -1.51173
86400 -1.51688
86500 -1.47879
86600 -1.44093
86700 -1.50672
86800 -1.29589
86900 -1.32477
87000 -1.32173
87100 -1.45046
87200 -1.37645
87300 -1.33002
87400 -1.56636
87500 -1.48035
87600 -1.42311
87700 -1.48268
87800 -1.33216
87900 -1.40576
88000 -1.31511
88100 -1.4601
88200 -1.59535
88300 -1.36316
88400 -1.39338
88500 -1.32561
88600 -1.50809
88700 -1.47297
88800 -1.41192
88900 -1.34354
89000 -1.39965
89100 -1.48052
89200 -1.44848
89300 -1.55933
89400 -1.46019
89500 -1.42451
89600 -1.40392
89700 -1.39721
89800 -1.47658
89900 -1.4604
90000 -1.48989
90100 -1.59605
90200 -1.49201
90300 -1.35336
90400 -1.3442
90500 -1.27854
90600 -1.43129
90700 -1.40692
90800 -1.51246
90900 -1.43798
91000 -1.42827
91100 -1.4001
91200 -1.45444
91300 -1.48679
91400 -1.45124
91500 -1.39541
91600 -1.41589
91700 -1.42107
91800 -1.34591
91900 -1.42413
92000 -1.41555
92100 -1.427
92200 -1.48568
92300 -1.38206
92400 -1.38968
92500 -1.44283
92600 -1.48105
92700 -1.35766
92800 -1.42576
92900 -1.52303
93000 -1.41487
93100 -1.41406
93200 -1.48441
93300 -1.48175
93400 -1.4387
93500 -1.49525
93600 -1.35005
93700 -1.39101
93800 -1.45211
93900 -1.35424
94000 -1.35869
94100 -1.50812
94200 -1.57135
94300 -1.52951
94400 -1.29609
94500 -1.42438
94600 -1.52955
94700 -1.33215
94800 -1.41398
94900 -1.46287
95000 -1.62191
95100 -1.46285
95200 -1.39253
95300 -1.40289
95400 -1.44395
95500 -1.41632
95600 -1.45582
95700 -1.34473
95800 -1.41507
95900 -1.27844
96000 -1.37963
96100 -1.42419
96200 -1.39368
96300 -1.44983
96400 -1.32413
96500 -1.3706
96600 -1.42944
96700 -1.45801
96800 -1.40103
96900 -1.44799
97000 -1.3247
97100 -1.48373
97200 -1.42996
97300 -1.47767
97400 -1.5464
97500 -1.24029
97600 -1.42893
97700 -1.50299
97800 -1.42566
97900 -1.36266
98000 -1.42052
98100 -1.27543
98200 -1.32607
98300 -1.52821
98400 -1.42103
98500 -1.49024
98600 -1.47824
98700 -1.40988
98800 -1.38442
98900 -1.50678
99000 -1.38614
99100 -1.3771
99200 -1.38658
99300 -1.53432
99400 -1.40262
99500 -1.35969
99600 -1.4982
99700 -1.46042
99800 -1.41592
99900 -1.48459
