0 -2.23279
100 -2.36764
200 -2.32253
300 -2.3739
400 -2.29422
500 -2.24551
600 -2.3048
700 -2.2974
800 -2.3751
900 -2.29154
1000 -2.3054
1100 -2.2179
1200 -2.30229
1300 -2.36291
1400 -2.25899
1500 -2.22829
1600 -2.28297
1700 -2.31502
1800 -2.39713
1900 -2.20856
2000 -2.18283
2100 -2.21096
2200 -2.18414
2300 -2.32097
2400 -2.35011
2500 -2.2268
2600 -2.27014
2700 -2.14924
2800 -2.10216
2900 -2.30937
3000 -2.32746
3100 -2.25568
3200 -2.169
3300 -2.28939
3400 -2.33644
3500 -2.22253
3600 -2.07714
3700 -2.18041
3800 -2.31387
3900 -2.39512
4000 -2.23728
4100 -2.14082
4200 -2.2292
4300 -2.36587
4400 -2.28573
4500 -2.29607
4600 -2.137
4700 -2.24946
4800 -2.36568
4900 -2.3278
5000 -2.22615
5100 -2.17147
5200 -2.18876
5300 -2.3204
5400 -2.21772
5500 -2.22531
5600 -2.27595
5700 -2.23249
5800 -2.30987
5900 -2.26696
6000 -2.36372
6100 -2.25827
6200 -2.19125
6300 -2.20937
6400 -2.27253
6500 -2.27195
6600 -2.24593
6700 -2.30952
6800 -2.31922
6900 -2.19359
7000 -2.22207
7100 -2.33789
7200 -2.11429
7300 -2.31139
7400 -2.19064
7500 -2.16593
7600 -2.25325
7700 -2.42403
7800 -2.17404
7900 -2.18343
8000 -2.13036
8100 -2.21978
8200 -2.14261
8300 -2.21166
8400 -2.2535
8500 -2.18818
8600 -2.3966
8700 -2.26184
8800 -2.24673
8900 -2.25018
9000 -2.23351
9100 -2.19281
9200 -2.1722
9300 -2.30463
9400 -2.10917
9500 -2.30011
9600 -2.15141
9700 -2.14838
9800 -2.1752
9900 -2.19863
10000 -2.24187
10100 -2.22441
10200 -2.29014
10300 -2.32486
10400 -2.1529
10500 -2.06598
10600 -2.21706
10700 -2.1465
10800 -2.26756
10900 -2.18237
11000 -2.3264
11100 -2.25414
11200 -2.36982
11300 -2.18826
11400 -2.34114
11500 -2.20497
11600 -2.16004
11700 -2.04683
11800 -2.25225
11900 -2.30264
12000 -2.43583
12100 -2.24427
12200 -2.15985
12300 -2.23801
12400 -2.31451
12500 -2.30201
12600 -2.28289
12700 -2.2341
12800 -2.20611
12900 -2.34256
13000 -2.2742
13100 -2.28228
13200 -2.36989
13300 -2.38107
13400 -2.26225
13500 -2.12102
13600 -2.17432
13700 -2.21951
13800 -2.32855
13900 -2.32392
14000 -2.40065
14100 -2.30972
14200 -2.25101
14300 -2.09571
14400 -2.20714
14500 -2.23685
14600 -2.18752
14700 -2.23714
14800 -2.28771
14900 -2.33596
15000 -2.25236
15100 -2.25428
15200 -2.15887
15300 -2.22835
15400 -2.17929
15500 -2.23219
15600 -2.25797
15700 -2.33618
15800 -2.23108
15900 -2.12997
16000 -2.2416
16100 -2.18717
16200 -2.25208
16300 -2.20254
16400 -2.25228
16500 -2.22512
16600 -2.26637
16700 -2.11322
16800 -2.2108
16900 -2.29835
17000 -2.31219
17100 -2.13346
17200 -2.3104
17300 -2.3079
17400 -2.3035
17500 -2.38665
17600 -2.16914
17700 -2.14533
17800 -2.22283
17900 -2.27572
18000 -2.24919
18100 -2.23697
18200 -2.25048
18300 -2.20246
18400 -2.26571
18500 -2.26856
18600 -2.22748
18700 -2.3034
18800 -2.36715
18900 -2.3233
19000 -2.29335
19100 -2.18773
19200 -2.3563
19300 -2.32951
19400 -2.04858
19500 -2.24816
19600 -2.27265
19700 -2.30901
19800 -2.32552
19900 -2.27621
20000 -2.30502
20100 -2.30711
20200 -2.13927
20300 -2.31215
20400 -2.2867
20500 -2.30271
20600 -2.34844
20700 -2.21724
20800 -2.28221
20900 -2.26924
21000 -2.26702
21100 -2.26005
21200 -2.27391
21300 -2.14038
21400 -2.23173
21500 -2.28466
21600 -2.26104
21700 -2.09795
21800 -2.22389
21900 -2.31037
22000 -2.23328
22100 -2.27254
22200 -2.2656
22300 -2.26958
22400 -2.35117
22500 -2.32629
22600 -2.302
22700 -2.32631
22800 -2.35081
22900 -2.35114
23000 -2.22535
23100 -2.30605
23200 -2.30553
23300 -2.32058
23400 -2.34182
23500 -2.22367
23600 -2.27817
23700 -2.33081
23800 -2.38776
23900 -2.33058
24000 -2.30312
24100 -2.15001
24200 -2.26073
24300 -2.21176
24400 -2.27684
24500 -2.27417
24600 -2.23809
24700 -2.20757
24800 -2.29885
24900 -2.24538
25000 -2.2765
25100 -2.25971
25200 -2.38309
25300 -2.12899
25400 -2.28424
25500 -2.18089
25600 -2.34531
25700 -2.37001
25800 -2.19648
25900 -2.21059
26000 -2.37634
26100 -2.37251
26200 -2.22872
26300 -2.34958
26400 -2.30455
26500 -2.30198
26600 -2.21472
26700 -2.21963
26800 -2.22312
26900 -2.1475
27000 -2.15763
27100 -2.23206
27200 -2.10727
27300 -2.25266
27400 -2.30412
27500 -2.24484
27600 -2.30878
27700 -2.38498
27800 -2.22819
27900 -2.25464
28000 -2.15817
28100 -2.20051
28200 -2.31041
28300 -2.26598
28400 -2.44135
28500 -2.33004
28600 -2.35842
28700 -2.32625
28800 -2.38877
28900 -2.41388
29000 -2.39625
29100 -2.24102
29200 -2.20834
29300 -2.32389
29400 -2.28728
29500 -2.25208
29600 -2.29402
29700 -2.32542
29800 -2.25856
29900 -2.17846
30000 -2.18451
30100 -2.20595
30200 -2.2853
30300 -2.30162
30400 -2.26063
30500 -2.23995
30600 -2.1626
30700 -2.21318
30800 -2.26349
30900 -2.11625
31000 -2.27647
31100 -2.3327
31200 -2.35273
31300 -2.23646
31400 -2.19682
31500 -2.28468
31600 -2.28774
31700 -2.33579
31800 -2.2782
31900 -2.27712
32000 -2.29428
32100 -2.2994
32200 -2.33144
32300 -2.27133
32400 -2.10533
32500 -2.2652
32600 -2.31056
32700 -2.23622
32800 -2.34726
32900 -2.22237
33000 -2.14903
33100 -2.15845
33200 -2.25831
33300 -2.30445
33400 -2.3488
33500 -2.39338
33600 -2.46697
33700 -2.34809
33800 -2.28615
33900 -2.35698
34000 -2.16791
34100 -2.30143
34200 -2.36782
34300 -2.25092
34400 -2.32241
34500 -2.35703
34600 -2.22651
34700 -2.23378
34800 -2.26117
34900 -2.26465
35000 -2.32158
35100 -2.36015
35200 -2.21218
35300 -2.32986
35400 -2.30472
35500 -2.26435
35600 -2.29812
35700 -2.15775
35800 -2.26146
35900 -2.24591
36000 -2.25037
36100 -2.34354
36200 -2.21689
36300 -2.20898
36400 -2.20741
36500 -2.2198
36600 -2.4064
36700 -2.21013
36800 -2.13765
36900 -2.30277
37000 -2.27594
37100 -2.27733
37200 -2.29442
37300 -2.29628
37400 -2.25427
37500 -2.29394
37600 -2.27386
37700 -2.32669
37800 -2.25058
37900 -2.29805
38000 -2.19129
38100 -2.2503
38200 -2.25438
38300 -2.22995
38400 -2.11896
38500 -2.26224
38600 -2.39295
38700 -2.2492
38800 -2.36766
38900 -2.30035
39000 -2.28043
39100 -2.21022
39200 -2.20297
39300 -2.31087
39400 -2.26021
39500 -2.33652
39600 -2.3155
39700 -2.3309
39800 -2.33567
39900 -2.20193
40000 -2.29872
40100 -2.30652
40200 -2.28578
40300 -2.28069
40400 -2.29336
40500 -2.20218
40600 -2.27093
40700 -2.20721
40800 -2.37863
40900 -2.25828
41000 -2.23875
41100 -2.10153
41200 -2.22845
41300 -2.1524
41400 -2.26211
41500 -2.37096
41600 -2.14455
41700 -2.2132
41800 -2.11871
41900 -2.14405
42000 -2.24027
42100 -2.35854
42200 -2.37584
42300 -2.30564
42400 -2.19773
42500 -2.21044
42600 -2.24247
42700 -2.11562
42800 -2.34372
42900 -2.22401
43000 -2.22283
43100 -2.17423
43200 -2.19043
43300 -2.26369
43400 -2.25291
43500 -2.34852
43600 -2.2505
43700 -2.24552
43800 -2.29215
43900 -2.14898
44000 -2.18999
44100 -2.23391
44200 -2.25218
44300 -2.39638
44400 -2.3132
44500 -2.2181
44600 -2.36674
44700 -2.22858
44800 -2.28476
44900 -2.11449
45000 -2.3338
45100 -2.37359
45200 -2.18698
45300 -2.30607
45400 -2.24398
45500 -2.22137
45600 -2.23255
45700 -2.27546
45800 -2.19442
45900 -2.32426
46000 -2.34058
46100 -2.24847
46200 -2.22041
46300 -2.2751
46400 -2.21122
46500 -2.21935
46600 -2.18766
46700 -2.12556
46800 -2.18229
46900 -2.32087
47000 -2.32642
47100 -2.22512
47200 -2.15993
47300 -2.258
47400 -2.36343
47500 -2.23073
47600 -2.27213
47700 -2.2889
47800 -2.38894
47900 -2.18506
48000 -2.23367
48100 -2.23829
48200 -2.32919
48300 -2.32923
48400 -2.38687
48500 -2.14351
48600 -2.3035
48700 -2.27028
48800 -2.23771
48900 -2.3157
49000 -2.15754
49100 -2.2347
49200 -2.30595
49300 -2.29021
49400 -2.26761
49500 -2.30316
49600 -2.32311
49700 -2.20887
49800 -2.29095
49900 -2.27111
50000 -2.17459
50100 -2.37019
50200 -2.24563
50300 -2.18812
50400 -2.33874
50500 -2.4207
50600 -2.22019
50700 -2.29517
50800 -2.04607
50900 -2.28833
51000 -2.27666
51100 -2.29587
51200 -2.33087
51300 -2.38555
51400 -2.2773
51500 -2.28786
51600 -2.37561
51700 -2.16027
51800 -2.22535
51900 -2.27464
52000 -2.1839
52100 -2.32503
52200 -2.4014
52300 -2.30649
52400 -2.22552
52500 -2.2519
52600 -2.22777
52700 -2.40162
52800 -2.22984
52900 -2.21197
53000 -2.2331
53100 -2.28106
53200 -2.23082
53300 -2.1911
53400 -2.45132
53500 -2.18653
53600 -2.16298
53700 -2.32312
53800 -2.23309
53900 -2.36864
54000 -2.26954
54100 -2.27804
54200 -2.15161
54300 -2.14601
54400 -2.2948
54500 -2.33503
54600 -2.30369
54700 -2.19244
54800 -2.26405
54900 -2.30916
55000 -2.33248
55100 -2.25893
55200 -2.26838
55300 -2.29575
55400 -2.30863
55500 -2.33094
55600 -2.37061
55700 -2.3281
55800 -2.3468
55900 -2.27782
56000 -2.3974
56100 -2.23123
56200 -2.33506
56300 -2.31143
56400 -2.30013
56500 -2.27995
56600 -2.30616
56700 -2.30684
56800 -2.25655
56900 -2.16983
57000 -2.34997
57100 -2.26583
57200 -2.42809
57300 -2.34894
57400 -2.23627
57500 -2.30051
57600 -2.16508
57700 -2.26282
57800 -2.08954
57900 -2.24357
58000 -2.08342
58100 -2.14232
58200 -2.25432
58300 -2.25134
58400 -2.31146
58500 -2.20988
58600 -2.29395
58700 -2.26594
58800 -2.32907
58900 -2.31346
59000 -2.32394
59100 -2.26395
59200 -2.27751
59300 -2.31506
59400 -2.2492
59500 -2.3444
59600 -2.26098
59700 -2.16376
59800 -2.32778
59900 -2.25537
60000 -2.2394
60100 -2.23316
60200 -2.04338
60300 -2.36922
60400 -2.19758
60500 -2.27095
60600 -2.28542
60700 -2.19579
60800 -2.20885
60900 -2.34298
61000 -2.25725
61100 -2.20884
61200 -2.21108
61300 -2.26959
61400 -2.28473
61500 -2.30735
61600 -2.27688
61700 -2.20405
61800 -2.097
61900 -2.2817
62000 -2.27027
62100 -2.23715
62200 -2.18603
62300 -2.25207
62400 -2.20037
62500 -2.2885
62600 -2.31402
62700 -2.33019
62800 -2.31313
62900 -2.25044
63000 -2.27664
63100 -2.31126
63200 -2.20128
63300 -2.2348
63400 -2.12321
63500 -2.3035
63600 -2.20434
63700 -2.15959
63800 -2.28736
63900 -2.29799
64000 -2.29273
64100 -2.25996
64200 -2.28814
64300 -2.24827
64400 -2.30672
64500 -2.25136
64600 -2.41929
64700 -2.25807
64800 -2.14334
64900 -2.30702
65000 -2.34329
65100 -2.15823
65200 -2.30126
65300 -2.3432
65400 -2.30622
65500 -2.31267
65600 -2.24879
65700 -2.33926
65800 -2.19146
65900 -2.22034
66000 -2.303
66100 -2.19038
66200 -2.11944
66300 -2.22572
66400 -2.30499
66500 -2.28744
66600 -2.32679
66700 -2.18298
66800 -2.23951
66900 -2.3456
67000 -2.12432
67100 -2.1477
67200 -2.30345
67300 -2.11947
67400 -2.31993
67500 -2.17164
67600 -2.24011
67700 -2.27292
67800 -2.26599
67900 -2.16216
68000 -2.29478
68100 -2.24014
68200 -2.21046
68300 -2.31613
68400 -2.2948
68500 -2.15684
68600 -2.2719
68700 -2.18312
68800 -2.34477
68900 -2.21547
69000 -2.22101
69100 -2.25238
69200 -2.25114
69300 -2.25038
69400 -2.21944
69500 -2.2986
69600 -2.27598
69700 -2.27475
69800 -2.20384
69900 -2.31353
70000 -2.28468
70100 -2.23779
70200 -2.23776
70300 -2.41659
70400 -2.31458
70500 -2.20801
70600 -2.28483
70700 -2.31791
70800 -2.26977
70900 -2.23767
71000 -2.30178
71100 -2.3131
71200 -2.30416
71300 -2.24782
71400 -2.31343
71500 -2.34967
71600 -2.298
71700 -2.22458
71800 -2.28837
71900 -2.23057
72000 -2.26829
72100 -2.28939
72200 -2.17798
72300 -2.21249
72400 -2.23913
72500 -2.32967
72600 -2.24066
72700 -2.35104
72800 -2.2283
72900 -2.36922
73000 -2.29847
73100 -2.36368
73200 -2.33906
73300 -2.20919
73400 -2.21112
73500 -2.26113
73600 -2.27791
73700 -2.21082
73800 -2.27238
73900 -2.13089
74000 -2.29097
74100 -2.29079
74200 -2.41208
74300 -2.28065
74400 -2.22037
74500 -2.29547
74600 -2.26811
74700 -2.24333
74800 -2.30187
74900 -2.31465
75000 -2.19895
75100 -2.30311
75200 -2.27391
75300 -2.16951
75400 -2.20578
75500 -2.24619
75600 -2.30592
75700 -2.26939
75800 -2.34594
75900 -2.34849
76000 -2.20546
76100 -2.32025
76200 -2.19557
76300 -2.21342
76400 -2.18748
76500 -2.11555
76600 -2.19003
76700 -2.20682
76800 -2.30398
76900 -2.28519
77000 -2.20883
77100 -2.25908
77200 -2.28928
77300 -2.12211
77400 -2.25485
77500 -2.13564
77600 -2.3152
77700 -2.22334
77800 -2.17799
77900 -2.28708
78000 -2.31502
78100 -2.27332
78200 -2.21419
78300 -2.25978
78400 -2.29167
78500 -2.18248
78600 -2.25758
78700 -2.24326
78800 -2.16429
78900 -2.22398
79000 -2.30003
79100 -2.2176
79200 -2.31871
79300 -2.32074
79400 -2.30903
79500 -2.35935
79600 -2.43578
79700 -2.33215
79800 -2.25542
79900 -2.20268
80000 -2.14644
80100 -2.34926
80200 -2.35251
80300 -2.2513
80400 -2.27126
80500 -2.24101
80600 -2.24176
80700 -2.25108
80800 -2.25321
80900 -2.33654
81000 -2.34634
81100 -2.38128
81200 -2.09694
81300 -2.3321
81400 -2.26902
81500 -2.26719
81600 -2.31119
81700 -2.33253
81800 -2.28271
81900 -2.34656
82000 -2.28415
82100 -2.28238
82200 -2.20088
82300 -2.18165
82400 -2.18701
82500 -2.23234
82600 -2.18051
82700 -2.33489
82800 -2.29336
82900 -2.33909
83000 -2.126
83100 -2.30272
83200 -2.29438
83300 -2.20864
83400 -2.1382
83500 -2.13183
83600 -2.25613
83700 -2.33108
83800 -2.10292
83900 -2.2659
84000 -2.13118
84100 -2.26478
84200 -2.2971
84300 -2.34861
84400 -2.31409
84500 -2.29883
84600 -2.20586
84700 -2.15994
84800 -2.22784
84900 -2.28557
85000 -2.2074
85100 -2.36808
85200 -2.21915
85300 -2.34473
85400 -2.26479
85500 -2.33085
85600 -2.26524
85700 -2.33713
85800 -2.30643
85900 -2.29701
86000 -2.19409
86100 -2.23917
86200 -2.29224
86300 -2.07802
86400 -2.29134
86500 -2.36005
86600 -2.24518
86700 -2.34014
86800 -2.23518
86900 -2.35847
87000 -2.16733
87100 -2.20206
87200 -2.37907
87300 -2.26764
87400 -2.31927
87500 -2.20065
87600 -2.35245
87700 -2.29443
87800 -2.16124
87900 -2.13721
88000 -2.09177
88100 -2.18874
88200 -2.21209
88300 -2.14626
88400 -2.30076
88500 -2.21636
88600 -2.23684
88700 -2.25014
88800 -2.18582
88900 -2.23031
89000 -2.25461
89100 -2.10052
89200 -2.27512
89300 -2.39402
89400 -2.35039
89500 -2.33322
89600 -2.20737
89700 -2.33151
89800 -2.2329
89900 -2.25788
90000 -2.17361
90100 -2.21834
90200 -2.31029
90300 -2.2843
90400 -2.37859
90500 -2.19725
90600 -2.26671
90700 -2.31779
90800 -2.30045
90900 -2.30197
91000 -2.35093
91100 -2.22708
91200 -2.31614
91300 -2.21296
91400 -2.26428
91500 -2.29629
91600 -2.20375
91700 -2.34764
91800 -2.34848
91900 -2.24094
92000 -2.28389
92100 -2.22174
92200 -2.2885
92300 -2.25282
92400 -2.32573
92500 -2.29991
92600 -2.30404
92700 -2.33113
92800 -2.33893
92900 -2.30484
93000 -2.29964
93100 -2.24131
93200 -2.31576
93300 -2.35241
93400 -2.25988
93500 -2.11322
93600 -2.24735
93700 -2.33118
93800 -2.33249
93900 -2.36425
94000 -2.22831
94100 -2.2876
94200 -2.29321
94300 -2.17411
94400 -2.20645
94500 -2.09804
94600 -2.36968
94700 -2.23423
94800 -2.32815
94900 -2.2613
95000 -2.2681
95100 -2.28883
95200 -2.3191
95300 -2.29962
95400 -2.28137
95500 -2.20102
95600 -2.35925
95700 -2.32202
95800 -2.33299
95900 -2.14735
96000 -2.29868
96100 -2.27649
96200 -2.27494
96300 -2.19437
96400 -2.34154
96500 -2.28059
96600 -2.1758
96700 -2.22037
96800 -2.32896
96900 -2.1117
97000 -2.3166
97100 -2.24043
97200 -2.31962
97300 -2.39496
97400 -2.34578
97500 -2.2867
97600 -2.1999
97700 -2.1381
97800 -2.12443
97900 -2.34388
98000 -2.12786
98100 -2.1881
98200 -2.28167
98300 -2.39038
98400 -2.33285
98500 -2.37762
98600 -2.3694
98700 -2.44623
98800 -2.31249
98900 -2.17316
99000 -2.30711
99100 -2.21102
99200 -2.204
99300 -2.20437
99400 -2.26629
99500 -2.20997
99600 -2.36684
99700 -2.21935
99800 -2.33471
99900 -2.14282
