0 -0.73643
100 -0.708244
200 -0.755226
300 -0.817932
400 -0.723967
500 -0.644667
600 -0.6691
700 -0.692648
800 -0.755789
900 -0.724162
1000 -0.752882
1100 -0.665757
1200 -0.610899
1300 -0.759589
1400 -0.855977
1500 -0.59305
1600 -0.880129
1700 -0.769308
1800 -0.766317
1900 -0.723818
2000 -0.672747
2100 -0.634487
2200 -0.716476
2300 -0.767243
2400 -0.817855
2500 -0.716537
2600 -0.665961
2700 -0.748168
2800 -0.717505
2900 -0.720644
3000 -0.684806
3100 -0.766451
3200 -0.73358
3300 -0.763201
3400 -0.647607
3500 -0.643875
3600 -0.869073
3700 -0.674554
3800 -0.722112
3900 -0.618709
4000 -0.721027
4100 -0.715294
4200 -0.708879
4300 -0.69156
4400 -0.748543
4500 -0.780099
4600 -0.735038
4700 -0.606254
4800 -0.69202
4900 -0.746738
5000 -0.810568
5100 -0.736977
5200 -0.789968
5300 -0.851423
5400 -0.792582
5500 -0.722239
5600 -0.791975
5700 -0.715412
5800 -0.802015
5900 -0.743599
6000 -0.827731
6100 -0.832276
6200 -0.639508
6300 -0.679174
6400 -0.689658
6500 -0.683971
6600 -0.635865
6700 -0.719025
6800 -0.751298
6900 -0.722234
7000 -0.717742
7100 -0.649699
7200 -0.707684
7300 -0.648649
7400 -0.64421
7500 -0.757112
7600 -0.829591
7700 -0.698365
7800 -0.644173
7900 -0.778905
8000 -0.641514
8100 -0.703171
8200 -0.741615
8300 -0.636694
8400 -0.642286
8500 -0.68329
8600 -0.653256
8700 -0.744805
8800 -0.675888
8900 -0.797234
9000 -0.799041
9100 -0.747015
9200 -0.763303
9300 -0.805695
9400 -0.760107
9500 -0.85262
9600 -0.784745
9700 -0.65733
9800 -0.730741
9900 -0.767318
10000 -0.633052
10100 -0.792901
10200 -0.793032
10300 -0.741452
10400 -0.799288
10500 -0.78967
10600 -0.772977
10700 -0.662443
10800 -0.731
10900 -0.777138
11000 -0.733183
11100 -0.783097
11200 -0.726806
11300 -0.683035
11400 -0.781096
11500 -0.770337
11600 -0.755185
11700 -0.774593
11800 -0.808338
11900 -0.659881
12000 -0.764738
12100 -0.758949
12200 -0.712594
12300 -0.678255
12400 -0.713873
12500 -0.690621
12600 -0.662143
12700 -0.806968
12800 -0.729266
12900 -0.812422
13000 -0.79198
13100 -0.80264
13200 -0.829411
13300 -0.729151
13400 -0.723204
13500 -0.712158
13600 -0.684968
13700 -0.633024
13800 -0.804152
13900 -0.725765
14000 -0.643488
14100 -0.826902
14200 -0.727208
14300 -0.812476
14400 -0.800451
14500 -0.719133
14600 -0.811273
14700 -0.827121
14800 -0.854464
14900 -0.803935
15000 -0.708107
15100 -0.752954
15200 -0.788815
15300 -0.677559
15400 -0.640135
15500 -0.650183
15600 -0.644018
15700 -0.700298
15800 -0.663501
15900 -0.644573
16000 -0.801907
16100 -0.7903
16200 -0.7466
16300 -0.738695
16400 -0.757788
16500 -0.741211
16600 -0.756428
16700 -0.635199
16800 -0.819153
16900 -0.710085
17000 -0.728252
17100 -0.605737
17200 -0.697622
17300 -0.708174
17400 -0.705928
17500 -0.75121
17600 -0.677094
17700 -0.691354
17800 -0.635535
17900 -0.755682
18000 -0.761626
18100 -0.758692
18200 -0.681141
18300 -0.625265
18400 -0.750724
18500 -0.632397
18600 -0.747711
18700 -0.583767
18800 -0.79836
18900 -0.702066
19000 -0.742336
19100 -0.708107
19200 -0.625498
19300 -0.704571
19400 -0.856719
19500 -0.807518
19600 -0.76298
19700 -0.672697
19800 -0.745876
19900 -0.822252
20000 -0.846797
20100 -0.723064
20200 -0.800079
20300 -0.699197
20400 -0.671695
20500 -0.729481
20600 -0.744666
20700 -0.707661
20800 -0.758104
20900 -0.751549
21000 -0.674749
21100 -0.85427
21200 -0.834703
21300 -0.704114
21400 -0.678814
21500 -0.813724
21600 -0.68607
21700 -0.759317
21800 -0.701112
21900 -0.811268
22000 -0.900478
22100 -0.855123
22200 -0.646945
22300 -0.783106
22400 -0.938779
22500 -0.61536
22600 -0.755583
22700 -0.615796
22800 -0.709097
22900 -0.679818
23000 -0.854565
23100 -0.789491
23200 -0.812856
23300 -0.790549
23400 -0.734343
23500 -0.655657
23600 -0.702927
23700 -0.778256
23800 -0.823072
23900 -0.820877
24000 -0.73058
24100 -0.757429
24200 -0.816708
24300 -0.69341
24400 -0.555371
24500 -0.612885
24600 -0.761216
24700 -0.676091
24800 -0.801879
24900 -0.758508
25000 -0.767907
25100 -0.744421
25200 -0.656156
25300 -0.64377
25400 -0.709868
25500 -0.698752
25600 -0.636949
25700 -0.625884
25800 -0.740471
25900 -0.671946
26000 -0.783661
26100 -0.73525
26200 -0.862411
26300 -0.751862
26400 -0.744256
26500 -0.759326
26600 -0.710725
26700 -0.650193
26800 -0.789439
26900 -0.640823
27000 -0.725522
27100 -0.704513
27200 -0.726195
27300 -0.837162
27400 -0.729449
27500 -0.750211
27600 -0.632148
27700 -0.835139
27800 -0.68248
27900 -0.726372
28000 -0.667782
28100 -0.700948
28200 -0.70353
28300 -0.746784
28400 -0.718575
28500 -0.733848
28600 -0.656109
28700 -0.701614
28800 -0.690578
28900 -0.582847
29000 -0.67379
29100 -0.632047
29200 -0.726788
29300 -0.64421
29400 -0.648176
29500 -0.709111
29600 -0.562924
29700 -0.727041
29800 -0.775447
29900 -0.695922
30000 -0.780337
30100 -0.880385
30200 -0.631102
30300 -0.764644
30400 -0.815712
30500 -0.673524
30600 -0.729713
30700 -0.729401
30800 -0.761262
30900 -0.924007
31000 -0.865871
31100 -0.790219
31200 -0.739258
31300 -0.728873
31400 -0.635109
31500 -0.766491
31600 -0.678226
31700 -0.825582
31800 -0.739016
31900 -0.689027
32000 -0.645433
32100 -0.777346
32200 -0.857728
32300 -0.767987
32400 -0.644114
32500 -0.554487
32600 -0.652368
32700 -0.731575
32800 -0.667144
32900 -0.818098
33000 -0.761482
33100 -0.728619
33200 -0.781567
33300 -0.823585
33400 -0.757571
33500 -0.731122
33600 -0.80678
33700 -0.754611
33800 -0.766497
33900 -0.792396
34000 -0.755443
34100 -0.696478
34200 -0.714681
34300 -0.675385
34400 -0.737378
34500 -0.715563
34600 -0.790517
34700 -0.72872
34800 -0.704273
34900 -0.728876
35000 -0.610273
35100 -0.742457
35200 -0.69355
35300 -0.618877
35400 -0.639734
35500 -0.668162
35600 -0.731286
35700 -0.658134
35800 -0.696256
35900 -0.878875
36000 -0.667143
36100 -0.805049
36200 -0.58227
36300 -0.648468
36400 -0.694958
36500 -0.715679
36600 -0.761152
36700 -0.698952
36800 -0.739496
36900 -0.764774
37000 -0.606083
37100 -0.636293
37200 -0.771758
37300 -0.906717
37400 -0.776564
37500 -0.728306
37600 -0.86044
37700 -0.674843
37800 -0.617105
37900 -0.663712
38000 -0.680143
38100 -0.753827
38200 -0.789837
38300 -0.743002
38400 -0.775035
38500 -0.79333
38600 -0.66968
38700 -0.750733
38800 -0.655552
38900 -0.63445
39000 -0.732021
39100 -0.66304
39200 -0.749757
39300 -0.800835
39400 -0.606601
39500 -0.861702
39600 -0.776988
39700 -0.65849
39800 -0.660792
39900 -0.731872
40000 -0.742305
40100 -0.706249
40200 -0.727389
40300 -0.718835
40400 -0.795868
40500 -0.710519
40600 -0.644279
40700 -0.697148
40800 -0.692955
40900 -0.774299
41000 -0.797026
41100 -0.747321
41200 -0.825802
41300 -0.93277
41400 -0.699347
41500 -0.706163
41600 -0.788524
41700 -0.713226
41800 -0.740161
41900 -0.773578
42000 -0.958883
42100 -0.770311
42200 -0.744074
42300 -0.772628
42400 -0.816329
42500 -0.665722
42600 -0.757212
42700 -0.642107
42800 -0.624401
42900 -0.662427
43000 -0.649497
43100 -0.693746
43200 -0.731026
43300 -0.722389
43400 -0.659639
43500 -0.639063
43600 -0.737603
43700 -0.629845
43800 -0.698044
43900 -0.642524
44000 -0.759883
44100 -0.723687
44200 -0.728133
44300 -0.753723
44400 -0.74546
44500 -0.527391
44600 -0.707456
44700 -0.742327
44800 -0.615264
44900 -0.77627
45000 -0.641886
45100 -0.728513
45200 -0.80598
45300 -0.709135
45400 -0.7437
45500 -0.682919
45600 -0.774283
45700 -0.652676
45800 -0.666682
45900 -0.731623
46000 -0.792797
46100 -0.764636
46200 -0.707135
46300 -0.728663
46400 -0.745324
46500 -0.76566
46600 -0.707337
46700 -0.735935
46800 -0.722383
46900 -0.828146
47000 -0.592972
47100 -0.58301
47200 -0.716401
47300 -0.782469
47400 -0.728328
47500 -0.765518
47600 -0.646947
47700 -0.783483
47800 -0.780322
47900 -0.698607
48000 -0.807178
48100 -0.717418
48200 -0.824352
48300 -0.702747
48400 -0.598183
48500 -0.825653
48600 -0.63344
48700 -0.701784
48800 -0.708273
48900 -0.70393
49000 -0.609681
49100 -0.725969
49200 -0.773732
49300 -0.580018
49400 -0.697347
49500 -0.615995
49600 -0.630268
49700 -0.563148
49800 -0.682469
49900 -0.773204
50000 -0.781078
50100 -0.712023
50200 -0.837177
50300 -0.875808
50400 -0.77618
50500 -0.782895
50600 -0.724741
50700 -0.870421
50800 -0.818285
50900 -0.87076
51000 -0.740954
51100 -0.657997
51200 -0.717716
51300 -0.761156
51400 -0.826414
51500 -0.691522
51600 -0.765676
51700 -0.535265
51800 -0.707541
51900 -0.690051
52000 -0.774695
52100 -0.642383
52200 -0.829292
52300 -0.538393
52400 -0.68806
52500 -0.5931
52600 -0.706805
52700 -0.720554
52800 -0.680352
52900 -0.721807
53000 -0.6257
53100 -0.744154
53200 -0.683892
53300 -0.674846
53400 -0.776856
53500 -0.751991
53600 -0.782606
53700 -0.789389
53800 -0.714174
53900 -0.773709
54000 -0.660611
54100 -0.625087
54200 -0.763015
54300 -0.746396
54400 -0.802219
54500 -0.759397
54600 -0.754577
54700 -0.800548
54800 -0.679309
54900 -0.711583
55000 -0.685718
55100 -0.88896
55200 -0.656232
55300 -0.726416
55400 -0.691641
55500 -0.694159
55600 -0.803279
55700 -0.648315
55800 -0.607433
55900 -0.599329
56000 -0.651782
56100 -0.795214
56200 -0.596553
56300 -0.743052
56400 -0.65967
56500 -0.635044
56600 -0.732929
56700 -0.684401
56800 -0.568582
56900 -0.577541
57000 -0.578962
57100 -0.685613
57200 -0.839114
57300 -0.703942
57400 -0.695539
57500 -0.708909
57600 -0.699516
57700 -0.85022
57800 -0.849633
57900 -0.605317
58000 -0.75179
58100 -0.665497
58200 -0.64332
58300 -0.663603
58400 -0.590059
58500 -0.708707
58600 -0.744034
58700 -0.833596
58800 -0.723184
58900 -0.593532
59000 -0.720024
59100 -0.764924
59200 -0.712642
59300 -0.743526
59400 -0.716479
59500 -0.749267
59600 -0.776725
59700 -0.735184
59800 -0.618927
59900 -0.706891
60000 -0.66891
60100 -0.793246
60200 -0.686837
60300 -0.649051
60400 -0.690242
60500 -0.717499
60600 -0.842404
60700 -0.786436
60800 -0.69463
60900 -0.668381
61000 -0.700144
61100 -0.571666
61200 -0.643749
61300 -0.848383
61400 -0.747787
61500 -0.727122
61600 -0.825131
61700 -0.607748
61800 -0.786744
61900 -0.608511
62000 -0.704317
62100 -0.751155
62200 -0.796654
62300 -0.663051
62400 -0.829337
62500 -0.880123
62600 -0.825258
62700 -0.702099
62800 -0.610186
62900 -0.877984
63000 -0.533954
63100 -0.745848
63200 -0.6162
63300 -0.793594
63400 -0.705948
63500 -0.76623
63600 -0.707328
63700 -0.659252
63800 -0.68457
63900 -0.744376
64000 -0.805423
64100 -0.773948
64200 -0.69066
64300 -0.662499
64400 -0.762399
64500 -0.74307
64600 -0.823189
64700 -0.737254
64800 -0.702738
64900 -0.66742
65000 -0.689145
65100 -0.765071
65200 -0.744276
65300 -0.687013
65400 -0.714523
65500 -0.688234
65600 -0.770727
65700 -0.553647
65800 -0.704012
65900 -0.547598
66000 -0.624966
66100 -0.720004
66200 -0.741621
66300 -0.750319
66400 -0.745263
66500 -0.687879
66600 -0.777919
66700 -0.712616
66800 -0.697929
66900 -0.802293
67000 -0.647268
67100 -0.74523
67200 -0.662868
67300 -0.740432
67400 -0.80427
67500 -0.634684
67600 -0.636119
67700 -0.765845
67800 -0.66895
67900 -0.721638
68000 -0.831331
68100 -0.734953
68200 -0.870243
68300 -0.63949
68400 -0.773258
68500 -0.868141
68600 -0.749959
68700 -0.712799
68800 -0.594579
68900 -0.637735
69000 -0.776434
69100 -0.686368
69200 -0.706849
69300 -0.842578
69400 -0.736973
69500 -0.70553
69600 -0.661239
69700 -0.726577
69800 -0.652541
69900 -0.806949
70000 -0.731732
70100 -0.726294
70200 -0.670555
70300 -0.765288
70400 -0.710631
70500 -0.755412
70600 -0.688012
70700 -0.681495
70800 -0.688978
70900 -0.887295
71000 -0.635568
71100 -0.908266
71200 -0.74899
71300 -0.715439
71400 -0.778289
71500 -0.765262
71600 -0.794291
71700 -0.921584
71800 -0.729425
71900 -0.714037
72000 -0.751191
72100 -0.629275
72200 -0.604215
72300 -0.713931
72400 -0.811213
72500 -0.759795
72600 -0.694419
72700 -0.742561
72800 -0.858761
72900 -0.752624
73000 -0.795272
73100 -0.887879
73200 -0.738272
73300 -0.651091
73400 -0.64107
73500 -0.703292
73600 -0.794131
73700 -0.890561
73800 -0.764421
73900 -0.717947
74000 -0.875791
74100 -0.821947
74200 -0.751968
74300 -0.825013
74400 -0.733986
74500 -0.680931
74600 -0.756281
74700 -0.763922
74800 -0.742387
74900 -0.763107
75000 -0.748443
75100 -0.625574
75200 -0.728268
75300 -0.721033
75400 -0.711698
75500 -0.721679
75600 -0.803949
75700 -0.694504
75800 -0.61978
75900 -0.61039
76000 -0.728403
76100 -0.795015
76200 -0.730289
76300 -0.622755
76400 -0.828878
76500 -0.813063
76600 -0.646008
76700 -0.81721
76800 -0.826018
76900 -0.786953
77000 -0.626435
77100 -0.741732
77200 -0.696415
77300 -0.74293
77400 -0.72594
77500 -0.702291
77600 -0.697152
77700 -0.76706
77800 -0.718151
77900 -0.801337
78000 -0.70391
78100 -0.6729
78200 -0.779497
78300 -0.62314
78400 -0.566747
78500 -0.592801
78600 -0.725537
78700 -0.692509
78800 -0.708086
78900 -0.622726
79000 -0.735907
79100 -0.707628
79200 -0.705543
79300 -0.731178
79400 -0.710859
79500 -0.564793
79600 -0.732698
79700 -0.715855
79800 -0.640303
79900 -0.809348
80000 -0.724013
80100 -0.727738
80200 -0.771232
80300 -0.785976
80400 -0.762248
80500 -0.815429
80600 -0.812878
80700 -0.845225
80800 -0.826986
80900 -0.709368
81000 -0.802477
81100 -0.664708
81200 -0.664153
81300 -0.697021
81400 -0.775278
81500 -0.682061
81600 -0.670553
81700 -0.722824
81800 -0.697604
81900 -0.663904
82000 -0.745951
82100 -0.769208
82200 -0.70365
82300 -0.952234
82400 -0.747253
82500 -0.700659
82600 -0.709039
82700 -0.66265
82800 -0.707752
82900 -0.677759
83000 -0.750801
83100 -0.647747
83200 -0.668282
83300 -0.666111
83400 -0.700801
83500 -0.648508
83600 -0.757068
83700 -0.634739
83800 -0.665492
83900 -0.683049
84000 -0.775891
84100 -0.833414
84200 -0.706423
84300 -0.604334
84400 -0.749748
84500 -0.75331
84600 -0.448829
84700 -0.76538
84800 -0.77087
84900 -0.747628
85000 -0.767097
85100 -0.662579
85200 -0.738822
85300 -0.862326
85400 -0.840946
85500 -0.823366
85600 -0.670659
85700 -0.827211
85800 -0.700183
85900 -0.649995
86000 -0.735388
86100 -0.714466
86200 -0.730458
86300 -0.75552
86400 -0.625925
86500 -0.619939
86600 -0.693433
86700 -0.739926
86800 -0.596489
86900 -0.708661
87000 -0.748545
87100 -0.6968
87200 -0.728436
87300 -0.807841
87400 -0.822417
87500 -0.721704
87600 -0.645253
87700 -0.635857
87800 -0.771564
87900 -0.740002
88000 -0.688589
88100 -0.633707
88200 -0.830671
88300 -0.709941
88400 -0.660627
88500 -0.72098
88600 -0.661626
88700 -0.845489
88800 -0.696664
88900 -0.703728
89000 -0.818658
89100 -0.745283
89200 -0.739785
89300 -0.817346
89400 -0.66624
89500 -0.805862
89600 -0.89119
89700 -0.825226
89800 -0.77971
89900 -0.731135
90000 -0.630842
90100 -0.650622
90200 -0.686022
90300 -0.711144
90400 -0.695145
90500 -0.768905
90600 -0.742049
90700 -0.614415
90800 -0.793734
90900 -0.576641
91000 -0.761047
91100 -0.815146
91200 -0.844953
91300 -0.722926
91400 -0.84742
91500 -0.876669
91600 -0.889081
91700 -0.666129
91800 -0.796524
91900 -0.917357
92000 -0.77547
92100 -0.649431
92200 -0.795773
92300 -0.716622
92400 -0.609779
92500 -0.747825
92600 -0.886226
92700 -0.639754
92800 -0.777563
92900 -0.755796
93000 -0.692847
93100 -0.764851
93200 -0.619007
93300 -0.605075
93400 -0.793735
93500 -0.638632
93600 -0.80639
93700 -0.795103
93800 -0.716425
93900 -0.539633
94000 -0.740018
94100 -0.734118
94200 -0.803546
94300 -0.700708
94400 -0.888411
94500 -0.723515
94600 -0.74287
94700 -0.819021
94800 -0.772762
94900 -0.689728
95000 -0.828953
95100 -0.742558
95200 -0.627041
95300 -0.717214
95400 -0.824911
95500 -0.776276
95600 -0.816751
95700 -0.753805
95800 -0.820835
95900 -0.826174
96000 -0.738823
96100 -0.752217
96200 -0.703376
96300 -0.652467
96400 -0.772141
96500 -0.605387
96600 -0.608857
96700 -0.636739
96800 -0.748779
96900 -0.649019
97000 -0.616877
97100 -0.653368
97200 -0.675559
97300 -0.728397
97400 -0.829206
97500 -0.68867
97600 -0.750444
97700 -0.676931
97800 -0.779975
97900 -0.546041
98000 -0.753253
98100 -0.655494
98200 -0.716562
98300 -0.727885
98400 -0.837974
98500 -0.739991
98600 -0.695257
98700 -0.720658
98800 -0.788239
98900 -0.831309
99000 -0.927724
99100 -0.720102
99200 -0.765453
99300 -0.712403
99400 -0.75681
99500 -0.663712
99600 -0.673873
99700 -0.802256
99800 -0.987168
99900 -0.81462
