0 -0.697522
100 -0.658799
200 -0.663402
300 -0.751141
400 -0.879991
500 -0.641963
600 -0.68976
700 -0.680635
800 -0.70304
900 -0.63222
1000 -0.62948
1100 -0.654833
1200 -0.636403
1300 -0.544973
1400 -0.529274
1500 -0.534364
1600 -0.605984
1700 -0.785294
1800 -0.758756
1900 -0.710221
2000 -0.680314
2100 -0.666409
2200 -0.75977
2300 -0.815114
2400 -0.734178
2500 -0.691978
2600 -0.65184
2700 -0.658348
2800 -0.71733
2900 -0.626965
3000 -0.695065
3100 -0.670686
3200 -0.698076
3300 -0.804476
3400 -0.654512
3500 -0.821058
3600 -0.782428
3700 -0.792014
3800 -0.802784
3900 -0.717317
4000 -0.649092
4100 -0.718284
4200 -0.617842
4300 -0.728987
4400 -0.780097
4500 -0.714974
4600 -0.737555
4700 -0.751584
4800 -0.828205
4900 -0.830733
5000 -0.791433
5100 -0.713752
5200 -0.762063
5300 -0.685083
5400 -0.614931
5500 -0.67351
5600 -0.624019
5700 -0.720464
5800 -0.604411
5900 -0.659247
6000 -0.661921
6100 -0.45264
6200 -0.642251
6300 -0.593113
6400 -0.593905
6500 -0.599572
6600 -0.702288
6700 -0.730998
6800 -0.693938
6900 -0.70458
7000 -0.638092
7100 -0.688437
7200 -0.699119
7300 -0.712563
7400 -0.692243
7500 -0.688983
7600 -0.766216
7700 -0.792313
7800 -0.729642
7900 -0.675578
8000 -0.660648
8100 -0.589982
8200 -0.672547
8300 -0.618866
8400 -0.563589
8500 -0.59317
8600 -0.649343
8700 -0.650083
8800 -0.559266
8900 -0.689918
9000 -0.603383
9100 -0.704951
9200 -0.747989
9300 -0.67721
9400 -0.624003
9500 -0.653616
9600 -0.718381
9700 -0.575797
9800 -0.737504
9900 -0.671885
10000 -0.762244
10100 -0.668987
10200 -0.724502
10300 -0.724066
10400 -0.434041
10500 -0.750546
10600 -0.850712
10700 -0.761422
10800 -0.87476
10900 -0.831175
11000 -0.707365
11100 -0.686414
11200 -0.701421
11300 -0.663452
11400 -0.666784
11500 -0.557231
11600 -0.716404
11700 -0.809799
11800 -0.702067
11900 -0.650747
12000 -0.707802
12100 -0.495444
12200 -0.671328
12300 -0.758059
12400 -0.694408
12500 -0.605651
12600 -0.608988
12700 -0.659997
12800 -0.663456
12900 -0.79192
13000 -0.757315
13100 -0.625056
13200 -0.618881
13300 -0.69807
13400 -0.622616
13500 -0.597647
13600 -0.577538
13700 -0.74121
13800 -0.66522
13900 -0.645366
14000 -0.65201
14100 -0.689832
14200 -0.722157
14300 -0.651459
14400 -0.523757
14500 -0.493549
14600 -0.776869
14700 -0.570284
14800 -0.876531
14900 -0.672321
15000 -0.663874
15100 -0.63975
15200 -0.728339
15300 -0.572827
15400 -0.570247
15500 -0.661463
15600 -0.548529
15700 -0.719789
15800 -0.675822
15900 -0.570255
16000 -0.624059
16100 -0.536343
16200 -0.689862
16300 -0.551247
16400 -0.711455
16500 -0.736537
16600 -0.623728
16700 -0.661923
16800 -0.522544
16900 -0.475683
17000 -0.572297
17100 -0.560551
17200 -0.536472
17300 -0.591312
17400 -0.553953
17500 -0.601944
17600 -0.72234
17700 -0.779092
17800 -0.843112
17900 -0.690763
18000 -0.803273
18100 -0.772193
18200 -0.669832
18300 -0.643489
18400 -0.669091
18500 -0.723696
18600 -0.665216
18700 -0.600924
18800 -0.630859
18900 -0.576843
19000 -0.666382
19100 -0.621164
19200 -0.68651
19300 -0.531363
19400 -0.562905
19500 -0.740804
19600 -0.579771
19700 -0.520899
19800 -0.559511
19900 -0.523514
20000 -0.602066
20100 -0.5346
20200 -0.623801
20300 -0.589535
20400 -0.590681
20500 -0.6354
20600 -0.542946
20700 -0.623097
20800 -0.663459
20900 -0.663634
21000 -0.552546
21100 -0.554995
21200 -0.651806
21300 -0.628425
21400 -0.614297
21500 -0.589871
21600 -0.608775
21700 -0.527268
21800 -0.654316
21900 -0.538289
22000 -0.545605
22100 -0.611208
22200 -0.534726
22300 -0.408596
22400 -0.7713
22500 -0.718444
22600 -0.854183
22700 -0.649419
22800 -0.686632
22900 -0.609019
23000 -0.556488
23100 -0.619049
23200 -0.506672
23300 -0.769828
23400 -0.704493
23500 -0.66676
23600 -0.655874
23700 -0.60918
23800 -0.71546
23900 -0.645875
24000 -0.796996
24100 -0.67398
24200 -0.78631
24300 -0.822876
24400 -0.860282
24500 -0.893806
24600 -0.789514
24700 -0.708376
24800 -0.785048
24900 -0.889409
25000 -0.648929
25100 -0.698225
25200 -0.813958
25300 -0.618753
25400 -0.781472
25500 -0.746642
25600 -0.738497
25700 -0.831208
25800 -0.451486
25900 -0.581362
26000 -0.677608
26100 -0.664609
26200 -0.567887
26300 -0.622907
26400 -0.659075
26500 -0.619658
26600 -0.713008
26700 -0.696056
26800 -0.636827
26900 -0.617161
27000 -0.652437
27100 -0.675962
27200 -0.597391
27300 -0.549554
27400 -0.565215
27500 -0.652693
27600 -0.585872
27700 -0.68762
27800 -0.645964
27900 -0.631777
28000 -0.753233
28100 -0.63143
28200 -0.66251
28300 -0.738837
28400 -0.632542
28500 -0.651682
28600 -0.629944
28700 -0.57242
28800 -0.754334
28900 -0.629992
29000 -0.654958
29100 -0.842386
29200 -0.643068
29300 -0.677485
29400 -0.712183
29500 -0.723003
29600 -0.722619
29700 -0.867597
29800 -0.746258
29900 -0.813573
30000 -0.72612
30100 -0.856459
30200 -0.614185
30300 -0.616395
30400 -0.779219
30500 -0.728935
30600 -0.619857
30700 -0.624835
30800 -0.635161
30900 -0.817796
31000 -0.704
31100 -0.690896
31200 -0.6649
31300 -0.715186
31400 -0.763291
31500 -0.782884
31600 -0.745772
31700 -0.785113
31800 -0.704535
31900 -0.786907
32000 -0.628395
32100 -0.671319
32200 -0.829122
32300 -0.604344
32400 -0.712759
32500 -0.582851
32600 -0.56374
32700 -0.698147
32800 -0.519776
32900 -0.627718
33000 -0.483097
33100 -0.665148
33200 -0.701166
33300 -0.880059
33400 -0.744759
33500 -0.800079
33600 -0.812045
33700 -0.7312
33800 -0.634474
33900 -0.626055
34000 -0.719489
34100 -0.825528
34200 -0.674743
34300 -0.729475
34400 -0.580164
34500 -0.716206
34600 -0.691296
34700 -0.638655
34800 -0.625856
34900 -0.525594
35000 -0.625593
35100 -0.612453
35200 -0.649952
35300 -0.722756
35400 -0.563362
35500 -0.606656
35600 -0.530367
35700 -0.721144
35800 -0.727835
35900 -0.624005
36000 -0.685129
36100 -0.634992
36200 -0.623742
36300 -0.667857
36400 -0.866071
36500 -0.638115
36600 -0.597114
36700 -0.687715
36800 -0.76251
36900 -0.569252
37000 -0.691725
37100 -0.794089
37200 -0.768936
37300 -0.626079
37400 -0.687537
37500 -0.699162
37600 -0.652453
37700 -0.715266
37800 -0.66602
37900 -0.462147
38000 -0.651225
38100 -0.704744
38200 -0.662259
38300 -0.581423
38400 -0.3507
38500 -0.516676
38600 -0.646456
38700 -0.729584
38800 -0.694066
38900 -0.698292
39000 -0.774622
39100 -0.632892
39200 -0.767764
39300 -0.60386
39400 -0.575854
39500 -0.560543
39600 -0.601309
39700 -0.544375
39800 -0.532572
39900 -0.65248
40000 -0.603686
40100 -0.627101
40200 -0.682912
40300 -0.631793
40400 -0.662723
40500 -0.702865
40600 -0.785659
40700 -0.639248
40800 -0.638341
40900 -0.695697
41000 -0.574429
41100 -0.856133
41200 -0.722949
41300 -0.649473
41400 -0.685949
41500 -0.701519
41600 -0.663077
41700 -0.642922
41800 -0.627961
41900 -0.573686
42000 -0.622949
42100 -0.587024
42200 -0.693851
42300 -0.597985
42400 -0.56007
42500 -0.547115
42600 -0.48416
42700 -0.589844
42800 -0.634453
42900 -0.589416
43000 -0.614864
43100 -0.568235
43200 -0.514086
43300 -0.461277
43400 -0.583248
43500 -0.567879
43600 -0.508277
43700 -0.606517
43800 -0.518486
43900 -0.571138
44000 -0.727611
44100 -0.66712
44200 -0.617398
44300 -0.638608
44400 -0.574585
44500 -0.60747
44600 -0.619606
44700 -0.587942
44800 -0.582149
44900 -0.507529
45000 -0.626243
45100 -0.689697
45200 -0.670756
45300 -0.789433
45400 -0.724836
45500 -0.630941
45600 -0.711787
45700 -0.680355
45800 -0.697638
45900 -0.610555
46000 -0.630414
46100 -0.771616
46200 -0.62755
46300 -0.808289
46400 -0.754114
46500 -0.732693
46600 -0.669548
46700 -0.539409
46800 -0.625118
46900 -0.652743
47000 -0.76541
47100 -0.798804
47200 -0.737622
47300 -0.704518
47400 -0.762677
47500 -0.483602
47600 -0.643261
47700 -0.548538
47800 -0.571348
47900 -0.595554
48000 -0.689569
48100 -0.708926
48200 -0.855141
48300 -0.809612
48400 -0.897702
48500 -0.761423
48600 -0.853335
48700 -0.818903
48800 -0.742275
48900 -0.72822
49000 -0.685394
49100 -0.749553
49200 -0.547734
49300 -0.634278
49400 -0.661752
49500 -0.646361
49600 -0.642854
49700 -0.497372
49800 -0.591048
49900 -0.675351
50000 -0.799351
50100 -0.798731
50200 -0.657327
50300 -0.699936
50400 -0.724325
50500 -0.716361
50600 -0.732311
50700 -0.781268
50800 -0.827858
50900 -0.812678
51000 -0.78356
51100 -0.79371
51200 -0.795378
51300 -0.846926
51400 -0.684714
51500 -0.656794
51600 -0.600194
51700 -0.769594
51800 -0.679232
51900 -0.663908
52000 -0.721607
52100 -0.786343
52200 -0.694851
52300 -0.743212
52400 -0.925425
52500 -0.778081
52600 -0.664474
52700 -0.748222
52800 -0.623616
52900 -0.787395
53000 -0.646777
53100 -0.651747
53200 -0.638137
53300 -0.736827
53400 -0.650214
53500 -0.674618
53600 -0.656343
53700 -0.678758
53800 -0.743443
53900 -0.575576
54000 -0.678138
54100 -0.650782
54200 -0.569846
54300 -0.611223
54400 -0.685781
54500 -0.608533
54600 -0.608007
54700 -0.650993
54800 -0.811755
54900 -0.607553
55000 -0.609391
55100 -0.616507
55200 -0.683378
55300 -0.587847
55400 -0.569549
55500 -0.646428
55600 -0.747255
55700 -0.823682
55800 -0.713047
55900 -0.65871
56000 -0.882864
56100 -0.642547
56200 -0.575402
56300 -0.594818
56400 -0.679731
56500 -0.689989
56600 -0.636182
56700 -0.775498
56800 -0.573626
56900 -0.623213
57000 -0.614769
57100 -0.788129
57200 -0.777663
57300 -0.625511
57400 -0.703757
57500 -0.730762
57600 -0.688633
57700 -0.561063
57800 -0.738608
57900 -0.617304
58000 -0.719606
58100 -0.659478
58200 -0.684566
58300 -0.786393
58400 -0.741125
58500 -0.735385
58600 -0.574556
58700 -0.573314
58800 -0.640263
58900 -0.729395
59000 -0.721981
59100 -0.823028
59200 -0.830122
59300 -0.722248
59400 -0.666988
59500 -0.57802
59600 -0.69198
59700 -0.760918
59800 -0.699647
59900 -0.674362
60000 -0.68408
60100 -0.48255
60200 -0.600384
60300 -0.669572
60400 -0.765578
60500 -0.676703
60600 -0.585839
60700 -0.662569
60800 -0.676412
60900 -0.757573
61000 -0.658413
61100 -0.584052
61200 -0.50278
61300 -0.72294
61400 -0.648755
61500 -0.83358
61600 -0.709107
61700 -0.586349
61800 -0.480045
61900 -0.576312
62000 -0.615242
62100 -0.61565
62200 -0.584659
62300 -0.622964
62400 -0.734802
62500 -0.680732
62600 -0.607333
62700 -0.512524
62800 -0.612622
62900 -0.602622
63000 -0.600641
63100 -0.554141
63200 -0.755329
63300 -0.652269
63400 -0.735536
63500 -0.74014
63600 -0.676489
63700 -0.798633
63800 -0.799318
63900 -0.737987
64000 -0.735356
64100 -0.764624
64200 -0.709657
64300 -0.680719
64400 -0.698088
64500 -0.783366
64600 -0.765003
64700 -0.633604
64800 -0.694055
64900 -0.831846
65000 -0.800065
65100 -0.785222
65200 -0.801473
65300 -0.745721
65400 -0.629164
65500 -0.678399
65600 -0.672288
65700 -0.565816
65800 -0.751859
65900 -0.532616
66000 -0.723141
66100 -0.606908
66200 -0.659337
66300 -0.587472
66400 -0.775914
66500 -0.638239
66600 -0.707393
66700 -0.653177
66800 -0.62281
66900 -0.60317
67000 -0.743663
67100 -0.787755
67200 -0.762739
67300 -0.621642
67400 -0.622521
67500 -0.556046
67600 -0.658859
67700 -0.637224
67800 -0.656507
67900 -0.775215
68000 -0.799861
68100 -0.680957
68200 -0.766132
68300 -0.699835
68400 -0.63034
68500 -0.766381
68600 -0.623266
68700 -0.589664
68800 -0.728618
68900 -0.581531
69000 -0.658987
69100 -0.50749
69200 -0.70369
69300 -0.724412
69400 -0.613118
69500 -0.672296
69600 -0.614637
69700 -0.674614
69800 -0.626101
69900 -0.646012
70000 -0.613869
70100 -0.674862
70200 -0.603803
70300 -0.605965
70400 -0.523238
70500 -0.556164
70600 -0.581707
70700 -0.632963
70800 -0.679027
70900 -0.52258
71000 -0.482779
71100 -0.557945
71200 -0.547952
71300 -0.598062
71400 -0.661813
71500 -0.629545
71600 -0.630494
71700 -0.675552
71800 -0.757194
71900 -0.448202
72000 -0.637781
72100 -0.720926
72200 -0.629722
72300 -0.594133
72400 -0.590516
72500 -0.552005
72600 -0.496021
72700 -0.507139
72800 -0.676237
72900 -0.423184
73000 -0.563018
73100 -0.546533
73200 -0.603011
73300 -0.714051
73400 -0.723032
73500 -0.765903
73600 -0.741193
73700 -0.734123
73800 -0.923721
73900 -0.870388
74000 -0.754818
74100 -0.738759
74200 -0.728285
74300 -0.83726
74400 -0.710766
74500 -0.737956
74600 -0.678492
74700 -0.67448
74800 -0.60233
74900 -0.62705
75000 -0.763983
75100 -0.705694
75200 -0.796087
75300 -0.85229
75400 -0.916906
75500 -0.727268
75600 -0.665144
75700 -0.601445
75800 -0.533231
75900 -0.628291
76000 -0.646841
76100 -0.68224
76200 -0.70175
76300 -0.682944
76400 -0.848116
76500 -0.823101
76600 -0.921581
76700 -0.700205
76800 -0.730195
76900 -0.623898
77000 -0.706288
77100 -0.618327
77200 -0.78707
77300 -0.776199
77400 -0.88733
77500 -0.701483
77600 -0.71718
77700 -0.783747
77800 -0.716177
77900 -0.5626
78000 -0.660944
78100 -0.61036
78200 -0.649488
78300 -0.731173
78400 -0.584196
78500 -0.649612
78600 -0.699997
78700 -0.798755
78800 -0.769442
78900 -0.848809
79000 -0.730042
79100 -0.729788
79200 -0.676142
79300 -0.777622
79400 -0.664887
79500 -0.604073
79600 -0.664697
79700 -0.58767
79800 -0.503489
79900 -0.535664
80000 -0.595753
80100 -0.632965
80200 -0.462637
80300 -0.695801
80400 -0.6748
80500 -0.667447
80600 -0.610101
80700 -0.65425
80800 -0.649803
80900 -0.818599
81000 -0.739922
81100 -0.689303
81200 -0.749425
81300 -0.756745
81400 -0.763123
81500 -0.71399
81600 -0.734261
81700 -0.681092
81800 -0.721439
81900 -0.644503
82000 -0.681274
82100 -0.673772
82200 -0.642353
82300 -0.565003
82400 -0.67819
82500 -0.624713
82600 -0.634943
82700 -0.512121
82800 -0.747617
82900 -0.615012
83000 -0.642782
83100 -0.879067
83200 -0.783377
83300 -0.608105
83400 -0.565135
83500 -0.702894
83600 -0.663262
83700 -0.665718
83800 -0.675209
83900 -0.692632
84000 -0.626515
84100 -0.61353
84200 -0.708951
84300 -0.782402
84400 -0.626975
84500 -0.70035
84600 -0.573988
84700 -0.629219
84800 -0.566518
84900 -0.541418
85000 -0.579254
85100 -0.592042
85200 -0.672863
85300 -0.77141
85400 -0.728521
85500 -0.783324
85600 -0.653034
85700 -0.546327
85800 -0.568109
85900 -0.659234
86000 -0.653755
86100 -0.491666
86200 -0.579781
86300 -0.515751
86400 -0.537115
86500 -0.734474
86600 -0.639736
86700 -0.652013
86800 -0.736175
86900 -0.630235
87000 -0.53238
87100 -0.639685
87200 -0.732732
87300 -0.737638
87400 -0.77623
87500 -0.596839
87600 -0.530433
87700 -0.557536
87800 -0.690656
87900 -0.619413
88000 -0.724901
88100 -0.484652
88200 -0.53611
88300 -0.607728
88400 -0.671457
88500 -0.562525
88600 -0.52501
88700 -0.548065
88800 -0.669649
88900 -0.505107
89000 -0.553906
89100 -0.548939
89200 -0.663301
89300 -0.600626
89400 -0.800738
89500 -0.781721
89600 -0.636502
89700 -0.682844
89800 -0.754285
89900 -0.747307
90000 -0.597929
90100 -0.660904
90200 -0.499298
90300 -0.567607
90400 -0.637628
90500 -0.65632
90600 -0.680366
90700 -0.508637
90800 -0.593233
90900 -0.608871
91000 -0.779495
91100 -0.530735
91200 -0.639441
91300 -0.476394
91400 -0.566544
91500 -0.615126
91600 -0.724868
91700 -0.792052
91800 -0.634095
91900 -0.615025
92000 -0.748653
92100 -0.674163
92200 -0.712066
92300 -0.646608
92400 -0.698208
92500 -0.67061
92600 -0.734749
92700 -0.615963
92800 -0.683704
92900 -0.747747
93000 -0.677886
93100 -0.63867
93200 -0.625287
93300 -0.49746
93400 -0.608074
93500 -0.561059
93600 -0.548223
93700 -0.605854
93800 -0.577402
93900 -0.630923
94000 -0.567241
94100 -0.568188
94200 -0.603525
94300 -0.664313
94400 -0.644328
94500 -0.538659
94600 -0.598684
94700 -0.66537
94800 -0.636458
94900 -0.701466
95000 -0.571809
95100 -0.653433
95200 -0.746117
95300 -0.761944
95400 -0.662265
95500 -0.692675
95600 -0.766648
95700 -0.665569
95800 -0.63799
95900 -0.467708
96000 -0.532202
96100 -0.568252
96200 -0.773918
96300 -0.667918
96400 -0.791811
96500 -0.722679
96600 -0.71245
96700 -0.596143
96800 -0.686226
96900 -0.603212
97000 -0.595117
97100 -0.537999
97200 -0.672713
97300 -0.638106
97400 -0.76069
97500 -0.685219
97600 -0.716911
97700 -0.745486
97800 -0.673267
97900 -0.614528
98000 -0.580252
98100 -0.605474
98200 -0.656444
98300 -0.609049
98400 -0.635469
98500 -0.699642
98600 -0.681799
98700 -0.667733
98800 -0.780352
98900 -0.693828
99000 -0.812332
99100 -0.866261
99200 -0.896616
99300 -0.823637
99400 -0.664952
99500 -0.58745
99600 -0.582987
99700 -0.531021
99800 -0.6401
99900 -0.598112
