0 -0.900952
100 -0.825472
200 -0.914155
300 -0.925764
400 -0.908062
500 -0.976018
600 -1.07171
700 -0.898953
800 -0.97832
900 -0.910934
1000 -0.882952
1100 -0.987585
1200 -1.02216
1300 -0.835682
1400 -1.0814
1500 -1.06552
1600 -0.950116
1700 -0.943281
1800 -1.05141
1900 -1.00474
2000 -0.902912
2100 -1.06787
2200 -1.09572
2300 -0.884037
2400 -0.905225
2500 -0.962544
2600 -0.954496
2700 -0.931189
2800 -1.0014
2900 -1.25154
3000 -0.905088
3100 -0.947503
3200 -0.881565
3300 -1.00686
3400 -0.921885
3500 -1.02179
3600 -0.936568
3700 -0.834506
3800 -0.840129
3900 -0.805836
4000 -0.906872
4100 -1.03013
4200 -1.07891
4300 -0.97022
4400 -0.92931
4500 -0.781053
4600 -0.990424
4700 -1.03431
4800 -0.917714
4900 -1.08039
5000 -1.04765
5100 -0.937906
5200 -0.950365
5300 -0.934963
5400 -1.01478
5500 -0.93452
5600 -1.01855
5700 -0.988829
5800 -0.92155
5900 -0.875054
6000 -0.807458
6100 -0.865345
6200 -0.929468
6300 -1.13998
6400 -0.971732
6500 -0.946791
6600 -1.06053
6700 -1.15981
6800 -1.02552
6900 -1.26812
7000 -1.08781
7100 -1.0017
7200 -0.884295
7300 -1.02798
7400 -1.06739
7500 -0.889864
7600 -0.88743
7700 -0.937913
7800 -0.857928
7900 -0.754846
8000 -0.853921
8100 -0.912234
8200 -0.817965
8300 -0.926083
8400 -0.895911
8500 -0.871781
8600 -0.825594
8700 -1.01246
8800 -0.799487
8900 -0.90923
9000 -0.866484
9100 -0.899621
9200 -1.10218
9300 -0.923031
9400 -0.97566
9500 -1.10356
9600 -1.07544
9700 -0.995475
9800 -1.06738
9900 -1.08708
10000 -1.00883
10100 -0.882185
10200 -0.923446
10300 -0.879305
10400 -0.875911
10500 -0.853832
10600 -0.994174
10700 -0.967861
10800 -1.03275
10900 -0.904905
11000 -1.11632
11100 -1.0423
11200 -0.993675
11300 -1.07066
11400 -1.09454
11500 -1.18382
11600 -0.891467
11700 -0.90266
11800 -0.906507
11900 -1.04979
12000 -0.982329
12100 -0.941744
12200 -0.879154
12300 -1.03299
12400 -0.881751
12500 -0.931698
12600 -1.04773
12700 -1.16364
12800 -1.0338
12900 -0.99992
13000 -0.954709
13100 -0.967016
13200 -0.991841
13300 -0.996392
13400 -1.08227
13500 -1.04674
13600 -1.08069
13700 -1.17538
13800 -1.16232
13900 -1.20535
14000 -1.03468
14100 -0.957129
14200 -1.06279
14300 -0.963374
14400 -0.865809
14500 -0.823743
14600 -0.957199
14700 -1.03974
14800 -0.969324
14900 -1.04062
15000 -0.916061
15100 -0.901732
15200 -1.01455
15300 -1.11727
15400 -0.869376
15500 -0.929423
15600 -0.954931
15700 -0.818538
15800 -0.901999
15900 -0.845785
16000 -0.882095
16100 -0.966406
16200 -0.927591
16300 -0.974148
16400 -1.13026
16500 -0.918737
16600 -0.940376
16700 -0.776839
16800 -0.830166
16900 -0.929798
17000 -1.03133
17100 -0.948418
17200 -0.920707
17300 -1.05719
17400 -1.19773
17500 -1.0118
17600 -0.931449
17700 -1.00717
17800 -1.05831
17900 -1.04329
18000 -0.983655
18100 -0.980439
18200 -0.938715
18300 -0.868146
18400 -0.848264
18500 -0.937472
18600 -1.01008
18700 -0.843978
18800 -1.04211
18900 -0.916669
19000 -0.958656
19100 -0.848897
19200 -0.964783
19300 -1.04603
19400 -0.967666
19500 -1.01432
19600 -1.02779
19700 -0.917353
19800 -0.911876
19900 -1.0101
20000 -0.910975
20100 -0.96454
20200 -0.859419
20300 -0.952272
20400 -0.870993
20500 -0.811773
20600 -0.904469
20700 -0.879138
20800 -0.828218
20900 -0.853401
21000 -0.946652
21100 -0.881009
21200 -0.962142
21300 -1.01161
21400 -0.959804
21500 -1.07842
21600 -1.00415
21700 -1.03903
21800 -1.06265
21900 -1.05154
22000 -0.938405
22100 -1.06294
22200 -0.857782
22300 -0.90285
22400 -1.05983
22500 -0.927434
22600 -0.907978
22700 -0.878707
22800 -0.827507
22900 -0.933176
23000 -0.984817
23100 -1.06347
23200 -1.00673
23300 -1.04965
23400 -0.994592
23500 -0.978081
23600 -1.00315
23700 -0.957769
23800 -0.895007
23900 -0.928055
24000 -0.929286
24100 -0.809433
24200 -0.942431
24300 -1.00996
24400 -0.80222
24500 -0.931509
24600 -0.831677
24700 -0.882349
24800 -1.04185
24900 -0.876392
25000 -0.965499
25100 -0.875128
25200 -0.879992
25300 -0.863755
25400 -0.991343
25500 -1.0105
25600 -1.10492
25700 -1.147
25800 -0.99011
25900 -1.07742
26000 -1.08427
26100 -0.975659
26200 -1.00445
26300 -0.919125
26400 -0.981815
26500 -0.891501
26600 -1.017
26700 -0.975151
26800 -1.02787
26900 -1.05128
27000 -0.898947
27100 -0.974417
27200 -0.972714
27300 -0.876362
27400 -1.0196
27500 -0.922491
27600 -0.916007
27700 -0.998091
27800 -0.85672
27900 -0.783039
28000 -0.925792
28100 -0.950634
28200 -0.970014
28300 -1.00751
28400 -1.05435
28500 -1.01884
28600 -0.888027
28700 -0.943027
28800 -0.936081
28900 -0.997514
29000 -1.04401
29100 -0.878522
29200 -1.04416
29300 -1.15961
29400 -1.07971
29500 -1.0959
29600 -0.898121
29700 -0.953146
29800 -0.957791
29900 -0.952369
30000 -0.789368
30100 -0.811185
30200 -0.859537
30300 -0.930109
30400 -0.952817
30500 -0.934084
30600 -0.986733
30700 -1.06261
30800 -1.11971
30900 -1.13935
31000 -1.07692
31100 -0.970902
31200 -1.06755
31300 -1.11052
31400 -0.919784
31500 -0.918169
31600 -0.941624
31700 -0.872282
31800 -0.96027
31900 -0.9783
32000 -0.98441
32100 -0.950839
32200 -1.06743
32300 -1.0516
32400 -1.14103
32500 -1.05959
32600 -1.05393
32700 -1.1968
32800 -1.10504
32900 -1.06216
33000 -1.31651
33100 -1.2622
33200 -1.15014
33300 -0.992251
33400 -1.10486
33500 -1.09773
33600 -0.9755
33700 -1.03353
33800 -1.1837
33900 -1.20378
34000 -1.06424
34100 -1.14307
34200 -1.05957
34300 -1.07408
34400 -1.09801
34500 -1.12294
34600 -0.947228
34700 -1.07361
34800 -0.950681
34900 -1.09513
35000 -0.890233
35100 -0.949231
35200 -0.947126
35300 -0.962834
35400 -0.96629
35500 -0.90826
35600 -1.02318
35700 -0.914767
35800 -1.0295
35900 -0.964869
36000 -0.979357
36100 -1.0849
36200 -1.05474
36300 -0.961256
36400 -0.949182
36500 -1.00707
36600 -1.04596
36700 -0.991638
36800 -1.01121
36900 -1.00279
37000 -0.938018
37100 -0.878948
37200 -0.923593
37300 -1.01488
37400 -0.913012
37500 -0.934189
37600 -0.898471
37700 -0.837508
37800 -0.811053
37900 -0.916999
38000 -0.954186
38100 -0.951034
38200 -1.03646
38300 -0.965836
38400 -1.04848
38500 -0.87108
38600 -0.740901
38700 -0.802666
38800 -0.875594
38900 -0.970038
39000 -0.872103
39100 -0.959531
39200 -0.929211
39300 -0.869175
39400 -1.04811
39500 -0.958055
39600 -1.05598
39700 -1.04819
39800 -0.738943
39900 -0.996842
40000 -0.867611
40100 -0.82518
40200 -0.814523
40300 -0.960162
40400 -0.845227
40500 -0.877131
40600 -0.867304
40700 -0.881325
40800 -0.928164
40900 -1.00115
41000 -0.964832
41100 -1.20733
41200 -1.09275
41300 -1.0695
41400 -1.07789
41500 -0.879734
41600 -1.03308
41700 -0.973432
41800 -1.08913
41900 -1.07422
42000 -0.970968
42100 -1.03582
42200 -0.990096
42300 -0.983476
42400 -1.02309
42500 -0.967492
42600 -0.964834
42700 -0.957434
42800 -0.945972
42900 -1.05071
43000 -1.11974
43100 -1.10496
43200 -1.16008
43300 -1.08195
43400 -0.967555
43500 -1.0419
43600 -0.89242
43700 -0.885893
43800 -0.899891
43900 -0.881902
44000 -0.786345
44100 -0.876165
44200 -1.07471
44300 -0.94241
44400 -0.884535
44500 -0.925218
44600 -1.00973
44700 -0.976424
44800 -0.89916
44900 -0.945326
45000 -0.865956
45100 -0.842197
45200 -0.896137
45300 -0.815263
45400 -0.928156
45500 -0.991435
45600 -0.847211
45700 -0.936763
45800 -0.743825
45900 -0.929588
46000 -0.887867
46100 -0.829509
46200 -0.892707
46300 -0.954256
46400 -0.905449
46500 -0.967139
46600 -1.03083
46700 -1.12421
46800 -0.885437
46900 -0.913835
47000 -1.08226
47100 -0.922061
47200 -1.05959
47300 -1.00781
47400 -0.970373
47500 -0.989781
47600 -0.944892
47700 -0.914034
47800 -0.912779
47900 -0.961034
48000 -0.976605
48100 -0.884815
48200 -0.937918
48300 -0.862201
48400 -0.777589
48500 -0.955783
48600 -0.795595
48700 -0.939641
48800 -0.780802
48900 -0.947859
49000 -0.99503
49100 -0.775063
49200 -0.867729
49300 -0.96662
49400 -0.898335
49500 -0.834449
49600 -0.911792
49700 -0.950861
49800 -0.96778
49900 -0.896466
50000 -0.838647
50100 -0.907177
50200 -0.953705
50300 -1.00782
50400 -1.07419
50500 -0.987066
50600 -0.970418
50700 -0.974755
50800 -0.878303
50900 -0.982565
51000 -0.872949
51100 -0.932703
51200 -1.06408
51300 -0.951261
51400 -0.936703
51500 -0.88264
51600 -1.06541
51700 -0.927028
51800 -0.948712
51900 -0.89044
52000 -0.853923
52100 -0.879744
52200 -1.00018
52300 -1.01331
52400 -0.983249
52500 -0.914497
52600 -0.901111
52700 -0.904237
52800 -1.0751
52900 -0.909639
53000 -1.00073
53100 -1.06485
53200 -1.08306
53300 -1.10205
53400 -1.0562
53500 -1.00146
53600 -0.973291
53700 -0.945109
53800 -1.08583
53900 -1.16024
54000 -1.14761
54100 -1.12163
54200 -1.21315
54300 -1.17588
54400 -1.11763
54500 -1.06562
54600 -0.969634
54700 -1.1502
54800 -0.967571
54900 -1.12619
55000 -1.13075
55100 -1.27578
55200 -1.07185
55300 -1.15709
55400 -1.17418
55500 -1.02206
55600 -1.08567
55700 -1.04861
55800 -1.00157
55900 -1.04207
56000 -1.21406
56100 -1.04394
56200 -1.08915
56300 -1.07601
56400 -0.884702
56500 -1.10289
56600 -0.962436
56700 -0.950031
56800 -0.833144
56900 -1.17991
57000 -1.03414
57100 -1.16076
57200 -1.04302
57300 -0.923483
57400 -1.0528
57500 -1.12112
57600 -1.07152
57700 -1.02496
57800 -0.988656
57900 -1.08746
58000 -1.21772
58100 -1.28567
58200 -1.20766
58300 -1.23141
58400 -1.0912
58500 -1.09089
58600 -0.814696
58700 -0.966039
58800 -0.914002
58900 -0.872552
59000 -1.05842
59100 -1.01631
59200 -1.00504
59300 -0.952767
59400 -0.92133
59500 -0.892515
59600 -0.862166
59700 -0.940526
59800 -0.901881
59900 -0.84388
60000 -1.08919
60100 -0.944554
60200 -0.823194
60300 -0.847416
60400 -0.9089
60500 -0.89279
60600 -1.02224
60700 -0.985742
60800 -1.03666
60900 -1.00819
61000 -0.94593
61100 -0.764429
61200 -0.958126
61300 -1.00618
61400 -0.907118
61500 -0.956275
61600 -0.878649
61700 -0.952287
61800 -0.885911
61900 -0.87133
62000 -0.977099
62100 -0.895021
62200 -1.0342
62300 -1.03234
62400 -1.01086
62500 -0.918217
62600 -0.92916
62700 -0.801514
62800 -0.952926
62900 -1.1088
63000 -0.973566
63100 -1.04083
63200 -1.05846
63300 -0.992911
63400 -1.03986
63500 -1.0931
63600 -1.18135
63700 -1.06555
63800 -0.877244
63900 -0.857354
64000 -0.947251
64100 -0.889947
64200 -0.807446
64300 -0.874074
64400 -1.05724
64500 -0.979859
64600 -0.861397
64700 -0.960377
64800 -0.906303
64900 -1.02023
65000 -1.08159
65100 -1.00867
65200 -1.05765
65300 -1.01262
65400 -1.23462
65500 -0.99957
65600 -0.942237
65700 -0.893692
65800 -0.844019
65900 -0.962224
66000 -0.97034
66100 -1.10985
66200 -0.951669
66300 -0.980447
66400 -1.08611
66500 -0.984003
66600 -1.17272
66700 -1.00453
66800 -0.930778
66900 -1.02883
67000 -1.07633
67100 -1.20521
67200 -1.10567
67300 -1.09774
67400 -1.13141
67500 -0.8758
67600 -0.958348
67700 -0.870562
67800 -1.12607
67900 -0.958182
68000 -0.972663
68100 -1.03001
68200 -1.08181
68300 -0.980626
68400 -1.00615
68500 -1.19904
68600 -1.14795
68700 -1.15247
68800 -1.09705
68900 -1.05176
69000 -1.22397
69100 -1.01905
69200 -1.0689
69300 -0.930617
69400 -0.861929
69500 -1.04402
69600 -1.05684
69700 -0.884798
69800 -0.93645
69900 -1.03608
70000 -0.973525
70100 -0.960962
70200 -0.828339
70300 -0.918789
70400 -0.901062
70500 -0.879804
70600 -0.960113
70700 -1.06318
70800 -0.935813
70900 -0.770195
71000 -0.809465
71100 -0.773852
71200 -0.907884
71300 -0.978366
71400 -0.912492
71500 -0.774038
71600 -0.873545
71700 -0.748355
71800 -0.960181
71900 -0.931726
72000 -1.05385
72100 -0.851534
72200 -0.923379
72300 -0.838764
72400 -0.871633
72500 -0.889484
72600 -0.800626
72700 -0.836021
72800 -0.842548
72900 -0.855907
73000 -0.9163
73100 -0.922782
73200 -0.813255
73300 -0.977727
73400 -0.931368
73500 -0.910002
73600 -0.831422
73700 -0.914075
73800 -1.03877
73900 -1.01643
74000 -0.905174
74100 -0.80313
74200 -0.851189
74300 -0.921922
74400 -0.927702
74500 -0.928344
74600 -0.981686
74700 -0.938051
74800 -0.970321
74900 -0.935392
75000 -0.831144
75100 -1.02308
75200 -1.00857
75300 -1.04895
75400 -1.1464
75500 -1.05981
75600 -1.14958
75700 -1.08706
75800 -1.16458
75900 -1.12207
76000 -0.965165
76100 -0.999488
76200 -0.969358
76300 -0.884782
76400 -1.09777
76500 -1.02223
76600 -1.0842
76700 -0.980033
76800 -0.983501
76900 -0.922523
77000 -1.15782
77100 -0.945454
77200 -0.944625
77300 -0.874762
77400 -0.974103
77500 -0.954067
77600 -0.869986
77700 -0.882327
77800 -1.03241
77900 -0.850427
78000 -0.990989
78100 -0.987954
78200 -1.14869
78300 -1.1786
78400 -0.982797
78500 -0.964891
78600 -1.02869
78700 -1.03989
78800 -1.10518
78900 -0.909208
79000 -0.863482
79100 -0.955197
79200 -0.945678
79300 -1.0898
79400 -0.969773
79500 -0.854955
79600 -0.954067
79700 -0.947042
79800 -0.905756
79900 -1.02236
80000 -0.95638
80100 -1.00956
80200 -0.890827
80300 -0.950743
80400 -1.08542
80500 -0.877955
80600 -0.914791
80700 -1.00402
80800 -0.885708
80900 -0.990128
81000 -0.95953
81100 -1.06273
81200 -1.05403
81300 -0.926619
81400 -0.920923
81500 -0.82546
81600 -0.934572
81700 -1.00974
81800 -0.987388
81900 -0.878407
82000 -0.843473
82100 -1.03617
82200 -0.906398
82300 -0.914361
82400 -0.905398
82500 -0.964412
82600 -0.956685
82700 -1.04695
82800 -1.02987
82900 -1.10591
83000 -1.15577
83100 -1.31364
83200 -1.22701
83300 -1.13644
83400 -1.06136
83500 -0.980154
83600 -0.91249
83700 -0.865699
83800 -0.871873
83900 -0.945646
84000 -0.944066
84100 -0.879837
84200 -0.794887
84300 -1.00552
84400 -0.920794
84500 -0.847244
84600 -0.882236
84700 -0.826434
84800 -0.94313
84900 -0.909342
85000 -0.848454
85100 -0.981579
85200 -0.918969
85300 -1.04493
85400 -0.978404
85500 -0.840306
85600 -0.849619
85700 -1.00648
85800 -0.814631
85900 -0.990422
86000 -0.971933
86100 -0.965472
86200 -0.918373
86300 -1.09575
86400 -1.09779
86500 -1.02183
86600 -1.06854
86700 -0.983089
86800 -0.902113
86900 -1.09597
87000 -1.0239
87100 -0.97612
87200 -0.901278
87300 -0.950954
87400 -1.05744
87500 -1.04188
87600 -0.995116
87700 -0.884124
87800 -1.02445
87900 -1.00641
88000 -0.879071
88100 -0.937424
88200 -0.848468
88300 -0.81188
88400 -0.874562
88500 -1.02675
88600 -0.90338
88700 -0.892622
88800 -0.868357
88900 -0.913227
89000 -0.928122
89100 -1.06188
89200 -0.853335
89300 -1.02962
89400 -1.09076
89500 -1.13648
89600 -1.06808
89700 -1.05696
89800 -1.0415
89900 -0.869557
90000 -0.874719
90100 -1.01005
90200 -0.958184
90300 -0.938322
90400 -0.946156
90500 -0.910051
90600 -0.987547
90700 -0.822774
90800 -0.849584
90900 -0.936332
91000 -1.03812
91100 -0.947679
91200 -0.999722
91300 -0.936069
91400 -0.97418
91500 -1.12949
91600 -1.06448
91700 -0.918156
91800 -1.01845
91900 -0.968819
92000 -0.878765
92100 -1.08334
92200 -0.950399
92300 -1.00785
92400 -1.08087
92500 -1.01684
92600 -0.92703
92700 -1.00236
92800 -0.851517
92900 -0.980623
93000 -1.00584
93100 -0.8861
93200 -1.07658
93300 -0.940993
93400 -0.952141
93500 -1.04299
93600 -0.95451
93700 -1.02736
93800 -0.937907
93900 -0.84465
94000 -0.89094
94100 -0.870989
94200 -0.976729
94300 -1.00073
94400 -0.872404
94500 -0.831823
94600 -0.855553
94700 -0.908647
94800 -1.01444
94900 -1.01544
95000 -0.848104
95100 -0.886373
95200 -1.03707
95300 -1.01802
95400 -0.951244
95500 -1.02
95600 -0.970539
95700 -0.882533
95800 -1.04993
95900 -1.01345
96000 -1.10165
96100 -1.10837
96200 -1.01027
96300 -0.869507
96400 -1.05937
96500 -0.811008
96600 -0.938128
96700 -0.999586
96800 -0.954663
96900 -1.04926
97000 -0.985728
97100 -1.06188
97200 -0.897418
97300 -1.03508
97400 -0.973931
97500 -0.99095
97600 -1.05554
97700 -0.895352
97800 -0.923872
97900 -0.805994
98000 -0.970122
98100 -1.02851
98200 -1.06261
98300 -0.863995
98400 -0.918054
98500 -0.964344
98600 -1.0054
98700 -0.947686
98800 -1.03336
98900 -0.876902
99000 -1.0111
99100 -1.04488
99200 -0.943962
99300 -1.05187
99400 -0.98703
99500 -0.952345
99600 -0.814016
99700 -0.985117
99800 -0.903119
99900 -0.887671
