0 -1.96956
100 -2.14715
200 -2.19661
300 -2.16519
400 -2.25395
500 -2.19811
600 -2.13842
700 -2.15712
800 -2.07814
900 -1.98734
1000 -2.04884
1100 -2.01644
1200 -2.14105
1300 -2.22236
1400 -2.05957
1500 -2.17412
1600 -1.97239
1700 -2.20855
1800 -2.05673
1900 -2.18601
2000 -2.25098
2100 -2.22571
2200 -2.2653
2300 -2.22401
2400 -2.23467
2500 -2.19811
2600 -2.07033
2700 -2.20194
2800 -2.18264
2900 -2.28359
3000 -2.12006
3100 -2.23647
3200 -2.04024
3300 -2.11816
3400 -2.161
3500 -2.1934
3600 -2.18003
3700 -2.1504
3800 -2.23605
3900 -2.18017
4000 -2.19762
4100 -1.94123
4200 -2.30589
4300 -2.19925
4400 -2.03789
4500 -2.03746
4600 -2.08888
4700 -2.17022
4800 -1.97236
4900 -2.24966
5000 -2.11998
5100 -2.13213
5200 -2.04436
5300 -2.13504
5400 -2.13758
5500 -2.11675
5600 -2.17407
5700 -2.112
5800 -2.1325
5900 -2.26955
6000 -2.09968
6100 -2.16751
6200 -2.07806
6300 -2.07237
6400 -2.21386
6500 -2.06572
6600 -2.2635
6700 -2.19294
6800 -2.06579
6900 -2.12039
7000 -2.19169
7100 -2.12124
7200 -2.03386
7300 -2.20026
7400 -2.21905
7500 -2.19196
7600 -2.15054
7700 -2.07656
7800 -2.09913
7900 -2.12195
8000 -2.26712
8100 -2.08799
8200 -2.17918
8300 -2.08833
8400 -2.16485
8500 -2.29815
8600 -2.00325
8700 -2.00686
8800 -2.11119
8900 -2.16
9000 -2.22502
9100 -2.22985
9200 -2.10605
9300 -2.03993
9400 -2.22439
9500 -2.16914
9600 -2.0967
9700 -2.22403
9800 -2.01662
9900 -1.98389
10000 -2.19789
10100 -2.10167
10200 -2.14705
10300 -2.18174
10400 -2.13975
10500 -2.23661
10600 -2.20379
10700 -2.2545
10800 -2.1744
10900 -2.06831
11000 -2.1315
11100 -2.17228
11200 -2.07108
11300 -2.18016
11400 -1.99394
11500 -2.28105
11600 -2.16172
11700 -1.99384
11800 -2.07271
11900 -2.06357
12000 -2.10001
12100 -2.30898
12200 -2.21091
12300 -2.06627
12400 -2.19029
12500 -2.1326
12600 -2.13802
12700 -2.19412
12800 -1.98972
12900 -2.21078
13000 -2.25976
13100 -2.17615
13200 -2.19912
13300 -2.13136
13400 -1.9445
13500 -2.07898
13600 -2.20012
13700 -2.1219
13800 -2.05664
13900 -2.00637
14000 -2.08129
14100 -1.98322
14200 -2.18943
14300 -2.11816
14400 -2.08942
14500 -2.25391
14600 -2.15853
14700 -2.15753
14800 -2.1135
14900 -2.01415
15000 -2.14721
15100 -2.06151
15200 -2.28604
15300 -2.11922
15400 -2.26839
15500 -2.21829
15600 -2.12487
15700 -2.16794
15800 -2.23965
15900 -2.17765
16000 -2.13826
16100 -2.23726
16200 -2.17507
16300 -2.13696
16400 -2.14925
16500 -2.21985
16600 -2.23227
16700 -2.24583
16800 -2.1604
16900 -2.23974
17000 -2.12407
17100 -2.21744
17200 -2.20739
17300 -1.98662
17400 -2.11871
17500 -2.26057
17600 -2.18545
17700 -2.09355
17800 -2.15365
17900 -2.22
18000 -2.16889
18100 -2.02356
18200 -2.23733
18300 -2.11756
18400 -2.31813
18500 -1.95791
18600 -2.16622
18700 -2.19956
18800 -2.04114
18900 -2.16074
19000 -2.01114
19100 -2.18009
19200 -2.26863
19300 -2.06951
19400 -2.07912
19500 -2.11322
19600 -2.03255
19700 -1.93012
19800 -2.11123
19900 -2.19739
20000 -2.04533
20100 -1.97395
20200 -2.18429
20300 -2.19592
20400 -2.09514
20500 -1.9643
20600 -2.12029
20700 -2.05427
20800 -2.10138
20900 -2.10147
21000 -2.06187
21100 -2.17094
21200 -2.26536
21300 -2.07323
21400 -2.12507
21500 -2.01402
21600 -2.14796
21700 -2.06594
21800 -2.07649
21900 -2.10247
22000 -1.99396
22100 -2.1188
22200 -2.20801
22300 -2.0092
22400 -2.24822
22500 -2.18097
22600 -2.18864
22700 -2.17372
22800 -2.14068
22900 -2.11958
23000 -1.99772
23100 -1.93935
23200 -2.08909
23300 -2.2335
23400 -2.24966
23500 -2.10321
23600 -2.11407
23700 -2.02248
23800 -2.12595
23900 -2.26111
24000 -1.93714
24100 -2.13501
24200 -2.22128
24300 -2.15446
24400 -2.19538
24500 -2.09101
24600 -2.09927
24700 -2.20224
24800 -2.17156
24900 -2.04004
25000 -1.97332
25100 -2.18004
25200 -2.1921
25300 -2.04941
25400 -2.14213
25500 -2.12602
25600 -2.2316
25700 -2.17324
25800 -2.19924
25900 -2.16888
26000 -2.05123
26100 -1.96978
26200 -1.98869
26300 -1.86089
26400 -2.18591
26500 -2.17247
26600 -2.15192
26700 -2.22737
26800 -1.98789
26900 -2.06681
27000 -2.27274
27100 -2.21584
27200 -2.01435
27300 -1.9686
27400 -2.00451
27500 -2.12183
27600 -2.15995
27700 -2.25952
27800 -2.21248
27900 -2.04213
28000 -2.19924
28100 -2.10378
28200 -2.02811
28300 -2.1239
28400 -1.98947
28500 -2.1468
28600 -2.1936
28700 -2.00268
28800 -2.26216
28900 -2.2438
29000 -2.0816
29100 -2.18212
29200 -1.99982
29300 -2.16233
29400 -2.15934
29500 -2.16173
29600 -2.0338
29700 -2.02556
29800 -2.11119
29900 -2.0035
30000 -2.1399
30100 -2.14308
30200 -2.09486
30300 -2.19885
30400 -2.18242
30500 -2.11163
30600 -2.15946
30700 -2.15144
30800 -2.11208
30900 -2.0356
31000 -2.12659
31100 -1.96324
31200 -2.11838
31300 -2.09736
31400 -2.3466
31500 -2.05503
31600 -2.10887
31700 -2.08949
31800 -2.2237
31900 -2.22806
32000 -2.07602
32100 -2.12074
32200 -2.17453
32300 -2.18254
32400 -2.24912
32500 -1.98249
32600 -2.29898
32700 -2.15108
32800 -2.14329
32900 -2.21419
33000 -2.29869
33100 -2.18289
33200 -2.19232
33300 -2.02491
33400 -2.22875
33500 -2.16055
33600 -2.08793
33700 -2.02915
33800 -2.08301
33900 -2.19719
34000 -2.15827
34100 -1.91259
34200 -1.95819
34300 -2.1748
34400 -2.06324
34500 -2.15558
34600 -2.14205
34700 -2.15344
34800 -2.24342
34900 -2.21878
35000 -2.23071
35100 -2.10888
35200 -1.99316
35300 -1.95467
35400 -2.12457
35500 -2.03594
35600 -1.91785
35700 -2.23542
35800 -2.16521
35900 -2.10133
36000 -2.1522
36100 -2.02414
36200 -2.17702
36300 -2.20423
36400 -2.14065
36500 -2.00143
36600 -2.2203
36700 -2.06642
36800 -2.18303
36900 -2.09463
37000 -2.31544
37100 -2.19627
37200 -2.11702
37300 -2.03094
37400 -2.16249
37500 -2.22518
37600 -2.09764
37700 -2.17052
37800 -2.21634
37900 -2.19001
38000 -2.2393
38100 -2.15166
38200 -2.14378
38300 -2.17109
38400 -2.15509
38500 -2.16439
38600 -2.21311
38700 -2.03623
38800 -2.21417
38900 -2.02211
39000 -2.22434
39100 -2.08726
39200 -2.12228
39300 -2.12842
39400 -2.20248
39500 -2.12722
39600 -2.10863
39700 -2.12859
39800 -2.17695
39900 -2.12582
40000 -2.25975
40100 -2.18751
40200 -2.12541
40300 -2.19105
40400 -2.00429
40500 -2.05613
40600 -1.90454
40700 -2.13251
40800 -2.18413
40900 -2.22451
41000 -2.15373
41100 -2.2113
41200 -2.13034
41300 -1.95554
41400 -2.09395
41500 -2.2842
41600 -2.09794
41700 -2.1821
41800 -2.26322
41900 -2.11482
42000 -2.14568
42100 -2.14004
42200 -2.16097
42300 -2.07022
42400 -2.21913
42500 -2.1597
42600 -2.13116
42700 -2.05439
42800 -2.12224
42900 -2.31026
43000 -2.07363
43100 -2.03623
43200 -2.24663
43300 -2.13566
43400 -2.15469
43500 -2.02654
43600 -1.98704
43700 -1.99399
43800 -2.1946
43900 -2.21039
44000 -2.19784
44100 -2.10415
44200 -2.1152
44300 -2.09334
44400 -2.01647
44500 -2.19646
44600 -2.20026
44700 -2.28043
44800 -2.29618
44900 -2.09753
45000 -2.04268
45100 -2.04978
45200 -2.29045
45300 -2.15304
45400 -2.19025
45500 -2.22138
45600 -2.20275
45700 -2.04155
45800 -2.1323
45900 -1.9484
46000 -2.09051
46100 -2.17912
46200 -2.16265
46300 -1.99056
46400 -2.27292
46500 -2.14858
46600 -2.09096
46700 -2.21076
46800 -2.08086
46900 -2.2162
47000 -1.93186
47100 -2.1046
47200 -2.25827
47300 -2.06376
47400 -2.02384
47500 -2.18732
47600 -2.06686
47700 -2.11513
47800 -2.23957
47900 -2.32799
48000 -2.18519
48100 -2.07666
48200 -2.11466
48300 -2.10442
48400 -1.92999
48500 -2.23829
48600 -2.19243
48700 -2.06225
48800 -2.2224
48900 -2.22204
49000 -2.20691
49100 -2.18332
49200 -2.22606
49300 -2.08814
49400 -2.21696
49500 -2.17083
49600 -2.01989
49700 -2.19129
49800 -2.16305
49900 -2.21982
50000 -2.05456
50100 -2.03871
50200 -2.22087
50300 -2.20612
50400 -2.14026
50500 -2.23795
50600 -2.16849
50700 -2.20217
50800 -2.09685
50900 -2.29188
51000 -2.26781
51100 -2.27662
51200 -2.07242
51300 -2.06405
51400 -2.05171
51500 -2.06433
51600 -2.14236
51700 -2.05676
51800 -2.21244
51900 -2.2032
52000 -2.14705
52100 -2.02746
52200 -2.27488
52300 -2.16329
52400 -2.16696
52500 -2.2773
52600 -2.19977
52700 -2.17075
52800 -2.02668
52900 -2.22397
53000 -2.1768
53100 -2.18367
53200 -2.03141
53300 -1.99576
53400 -2.17073
53500 -2.04959
53600 -2.17602
53700 -2.20054
53800 -2.07535
53900 -2.02922
54000 -1.99471
54100 -2.29594
54200 -2.03923
54300 -2.13735
54400 -2.0042
54500 -2.18071
54600 -2.13063
54700 -2.15264
54800 -2.27556
54900 -2.03746
55000 -2.03165
55100 -2.1045
55200 -1.95275
55300 -2.09541
55400 -2.22131
55500 -2.16137
55600 -2.18573
55700 -1.95828
55800 -2.19857
55900 -2.06437
56000 -2.08955
56100 -2.23077
56200 -2.13185
56300 -2.11475
56400 -2.20492
56500 -2.13417
56600 -2.21512
56700 -2.28485
56800 -2.07015
56900 -2.26421
57000 -2.14917
57100 -2.285
57200 -2.23327
57300 -2.08675
57400 -2.16963
57500 -2.22201
57600 -2.34021
57700 -1.98225
57800 -2.12194
57900 -2.19203
58000 -2.11253
58100 -2.07228
58200 -2.10511
58300 -2.26332
58400 -2.17389
58500 -2.14697
58600 -2.25111
58700 -2.1484
58800 -2.17959
58900 -1.96968
59000 -2.21281
59100 -2.07932
59200 -2.00812
59300 -2.18498
59400 -2.30935
59500 -2.29465
59600 -2.08768
59700 -2.1149
59800 -2.11015
59900 -2.25781
60000 -2.11353
60100 -2.11319
60200 -2.14628
60300 -2.10987
60400 -2.2413
60500 -2.1092
60600 -2.13636
60700 -2.15679
60800 -2.21252
60900 -2.0032
61000 -2.24735
61100 -2.09107
61200 -2.24646
61300 -2.04491
61400 -2.19863
61500 -1.93726
61600 -2.07693
61700 -1.94652
61800 -2.22229
61900 -2.19476
62000 -2.23
62100 -2.15631
62200 -2.06378
62300 -2.22312
62400 -2.20255
62500 -2.21186
62600 -2.10469
62700 -2.03712
62800 -2.20016
62900 -2.18098
63000 -2.13891
63100 -2.21721
63200 -2.09808
63300 -2.20884
63400 -2.26499
63500 -2.15861
63600 -2.15924
63700 -2.18662
63800 -2.06531
63900 -2.20354
64000 -2.11774
64100 -2.08719
64200 -2.13181
64300 -2.13404
64400 -2.27924
64500 -2.1847
64600 -2.23003
64700 -2.14195
64800 -2.16032
64900 -2.13545
65000 -2.06605
65100 -2.19466
65200 -2.01888
65300 -2.01889
65400 -2.20458
65500 -2.16961
65600 -2.26985
65700 -2.0981
65800 -2.15602
65900 -2.06821
66000 -2.15289
66100 -2.1588
66200 -2.1061
66300 -2.13434
66400 -2.02816
66500 -1.98247
66600 -2.03715
66700 -2.03056
66800 -2.1003
66900 -2.09577
67000 -2.07554
67100 -2.10223
67200 -2.10859
67300 -2.14018
67400 -2.05755
67500 -2.07221
67600 -2.18648
67700 -2.18712
67800 -2.16431
67900 -2.07389
68000 -2.16176
68100 -2.14611
68200 -2.12443
68300 -1.82547
68400 -2.08963
68500 -2.19367
68600 -2.21364
68700 -2.2622
68800 -2.20111
68900 -2.06061
69000 -2.06551
69100 -2.21048
69200 -2.00551
69300 -2.1691
69400 -2.09669
69500 -2.0726
69600 -2.13364
69700 -2.04186
69800 -2.31295
69900 -2.2121
70000 -2.2773
70100 -2.09199
70200 -2.13322
70300 -2.22849
70400 -2.12249
70500 -1.99658
70600 -2.11527
70700 -2.22507
70800 -2.11058
70900 -2.1377
71000 -2.28601
71100 -2.07994
71200 -2.0813
71300 -2.06091
71400 -2.17448
71500 -2.31184
71600 -2.0977
71700 -2.05615
71800 -2.14239
71900 -2.16186
72000 -2.07752
72100 -1.9984
72200 -2.13992
72300 -2.19731
72400 -2.14194
72500 -2.15758
72600 -2.17526
72700 -2.22087
72800 -2.19738
72900 -2.20014
73000 -2.08887
73100 -2.26676
73200 -2.09849
73300 -2.20496
73400 -2.26886
73500 -2.16093
73600 -2.1231
73700 -2.27775
73800 -2.2434
73900 -2.27256
74000 -2.00609
74100 -2.20275
74200 -2.15772
74300 -2.28096
74400 -1.97626
74500 -2.09623
74600 -2.23843
74700 -2.04866
74800 -2.17637
74900 -2.07352
75000 -2.16144
75100 -2.20607
75200 -2.12562
75300 -2.16298
75400 -2.18125
75500 -2.10232
75600 -2.06054
75700 -2.03055
75800 -2.161
75900 -2.19478
76000 -2.06204
76100 -2.15264
76200 -2.22832
76300 -2.25878
76400 -2.15409
76500 -2.0468
76600 -2.11441
76700 -2.14919
76800 -2.17432
76900 -2.19946
77000 -2.07036
77100 -2.17934
77200 -2.19096
77300 -2.22525
77400 -2.11733
77500 -2.01744
77600 -2.23967
77700 -2.17384
77800 -2.10019
77900 -2.02549
78000 -2.16613
78100 -2.17027
78200 -2.18813
78300 -2.188
78400 -2.13597
78500 -2.17127
78600 -2.0756
78700 -2.11715
78800 -2.14193
78900 -2.20854
79000 -2.30374
79100 -2.20676
79200 -2.06342
79300 -2.11124
79400 -2.11333
79500 -2.17241
79600 -2.16905
79700 -2.06658
79800 -2.07204
79900 -2.02124
80000 -2.09216
80100 -2.2004
80200 -2.19561
80300 -2.16834
80400 -1.99489
80500 -2.01323
80600 -2.04647
80700 -2.17092
80800 -2.2308
80900 -2.13203
81000 -2.10008
81100 -2.06912
81200 -2.09759
81300 -2.02526
81400 -2.05284
81500 -2.00939
81600 -2.15001
81700 -2.19712
81800 -2.08616
81900 -2.03585
82000 -2.16488
82100 -2.16282
82200 -2.04098
82300 -2.07478
82400 -2.18535
82500 -2.13617
82600 -2.12914
82700 -2.12969
82800 -2.22613
82900 -2.15535
83000 -2.00995
83100 -2.01014
83200 -2.13562
83300 -2.178
83400 -2.15452
83500 -2.1228
83600 -2.08523
83700 -2.26308
83800 -2.15
83900 -2.08145
84000 -2.14612
84100 -2.1182
84200 -2.11674
84300 -2.24428
84400 -2.03497
84500 -2.17294
84600 -2.13727
84700 -1.96341
84800 -2.10184
84900 -2.13012
85000 -2.22508
85100 -2.1041
85200 -2.07576
85300 -2.0337
85400 -2.08657
85500 -2.21904
85600 -2.20374
85700 -2.22421
85800 -2.14076
85900 -2.08224
86000 -2.11804
86100 -2.02071
86200 -2.13059
86300 -2.10041
86400 -2.17908
86500 -2.12471
86600 -2.06935
86700 -2.19655
86800 -2.1343
86900 -2.03722
87000 -2.24068
87100 -2.11368
87200 -2.15078
87300 -2.06568
87400 -2.16905
87500 -2.19431
87600 -1.99599
87700 -2.21932
87800 -2.18857
87900 -2.18811
88000 -2.07417
88100 -2.17179
88200 -2.10046
88300 -1.97062
88400 -2.05373
88500 -2.10738
88600 -2.16369
88700 -2.18707
88800 -2.23865
88900 -2.16407
89000 -2.18071
89100 -2.27064
89200 -2.11895
89300 -2.04651
89400 -1.9571
89500 -2.1788
89600 -2.24617
89700 -2.25035
89800 -2.10266
89900 -2.08467
90000 -2.22675
90100 -2.0985
90200 -2.11472
90300 -2.19703
90400 -2.19948
90500 -2.11932
90600 -2.15868
90700 -2.06437
90800 -2.03846
90900 -2.14877
91000 -2.15224
91100 -2.14837
91200 -2.19642
91300 -2.25443
91400 -2.00167
91500 -2.153
91600 -2.11346
91700 -2.11128
91800 -2.03155
91900 -2.07993
92000 -2.09053
92100 -2.04615
92200 -2.12938
92300 -2.0562
92400 -2.04449
92500 -2.10125
92600 -2.19013
92700 -2.08279
92800 -2.10393
92900 -2.16736
93000 -1.98681
93100 -2.08353
93200 -2.11148
93300 -2.14925
93400 -1.96327
93500 -1.92343
93600 -2.1121
93700 -2.2987
93800 -2.26407
93900 -2.12412
94000 -2.10338
94100 -2.1066
94200 -2.1303
94300 -2.20256
94400 -2.1578
94500 -2.08251
94600 -2.04385
94700 -2.27755
94800 -2.27434
94900 -2.04598
95000 -2.04718
95100 -2.2613
95200 -2.22261
95300 -2.11662
95400 -2.15344
95500 -2.2748
95600 -2.20577
95700 -2.06833
95800 -2.19293
95900 -2.15801
96000 -1.9264
96100 -2.05434
96200 -2.36053
96300 -2.33462
96400 -2.2449
96500 -2.10989
96600 -2.22601
96700 -2.02642
96800 -2.234
96900 -2.04104
97000 -2.20056
97100 -2.11509
97200 -2.05967
97300 -2.26111
97400 -2.07013
97500 -2.0643
97600 -2.1292
97700 -2.13565
97800 -2.20445
97900 -2.1715
98000 -2.15252
98100 -2.31315
98200 -2.00715
98300 -2.27742
98400 -2.26423
98500 -2.18323
98600 -2.10513
98700 -2.18319
98800 -2.11413
98900 -2.0936
99000 -2.19472
99100 -2.12673
99200 -2.20633
99300 -2.09139
99400 -2.11951
99500 -2.22377
99600 -2.22355
99700 -2.01008
99800 -2.16824
99900 -2.26383
