0 -0.870715
100 -0.786623
200 -0.69034
300 -0.669086
400 -0.755191
500 -0.616715
600 -0.604047
700 -0.584547
800 -0.633974
900 -0.633755
1000 -0.620023
1100 -0.715597
1200 -0.589748
1300 -0.474069
1400 -0.455096
1500 -0.596803
1600 -0.609532
1700 -0.567171
1800 -0.551333
1900 -0.620485
2000 -0.674318
2100 -0.682089
2200 -0.732835
2300 -0.807027
2400 -0.597793
2500 -0.534332
2600 -0.643957
2700 -0.475927
2800 -0.634553
2900 -0.801991
3000 -0.687154
3100 -0.596308
3200 -0.622615
3300 -0.652901
3400 -0.709695
3500 -0.625848
3600 -0.613261
3700 -0.549526
3800 -0.591159
3900 -0.62365
4000 -0.55748
4100 -0.637001
4200 -0.555088
4300 -0.745527
4400 -0.673713
4500 -0.595627
4600 -0.66984
4700 -0.589088
4800 -0.729778
4900 -0.644459
5000 -0.637901
5100 -0.659242
5200 -0.616777
5300 -0.484261
5400 -0.641233
5500 -0.579199
5600 -0.765569
5700 -0.667922
5800 -0.589204
5900 -0.569275
6000 -0.626081
6100 -0.660191
6200 -0.688088
6300 -0.668191
6400 -0.648333
6500 -0.468521
6600 -0.520705
6700 -0.671024
6800 -0.571523
6900 -0.656721
7000 -0.630053
7100 -0.580807
7200 -0.657471
7300 -0.582294
7400 -0.577
7500 -0.541367
7600 -0.634227
7700 -0.647116
7800 -0.561891
7900 -0.650724
8000 -0.562185
8100 -0.539548
8200 -0.549843
8300 -0.706616
8400 -0.717786
8500 -0.773243
8600 -0.630626
8700 -0.647617
8800 -0.761523
8900 -0.611233
9000 -0.713317
9100 -0.636867
9200 -0.586661
9300 -0.597794
9400 -0.49999
9500 -0.586696
9600 -0.593406
9700 -0.62731
9800 -0.575621
9900 -0.858591
10000 -0.611727
10100 -0.704509
10200 -0.76429
10300 -0.744786
10400 -0.679881
10500 -0.762256
10600 -0.59486
10700 -0.613163
10800 -0.670954
10900 -0.583105
11000 -0.614319
11100 -0.649183
11200 -0.658056
11300 -0.685764
11400 -0.738084
11500 -0.576932
11600 -0.57065
11700 -0.49591
11800 -0.720988
11900 -0.585299
12000 -0.509342
12100 -0.738452
12200 -0.601688
12300 -0.686887
12400 -0.639328
12500 -0.536159
12600 -0.514364
12700 -0.75667
12800 -0.67844
12900 -0.601409
13000 -0.522611
13100 -0.614622
13200 -0.564328
13300 -0.642303
13400 -0.507246
13500 -0.778668
13600 -0.660984
13700 -0.611104
13800 -0.615466
13900 -0.482291
14000 -0.66336
14100 -0.540708
14200 -0.68973
14300 -0.637488
14400 -0.610344
14500 -0.644886
14600 -0.654089
14700 -0.644755
14800 -0.624854
14900 -0.831544
15000 -0.54825
15100 -0.604408
15200 -0.662477
15300 -0.713994
15400 -0.652945
15500 -0.756384
15600 -0.662564
15700 -0.585244
15800 -0.618507
15900 -0.726711
16000 -0.562037
16100 -0.638405
16200 -0.754402
16300 -0.689148
16400 -0.690417
16500 -0.689469
16600 -0.673847
16700 -0.550132
16800 -0.651296
16900 -0.831931
17000 -0.727413
17100 -0.646205
17200 -0.678408
17300 -0.701898
17400 -0.507423
17500 -0.520439
17600 -0.645253
17700 -0.732873
17800 -0.718758
17900 -0.591964
18000 -0.580247
18100 -0.51367
18200 -0.598429
18300 -0.625231
18400 -0.630135
18500 -0.691274
18600 -0.804627
18700 -0.803306
18800 -0.785011
18900 -0.754121
19000 -0.560575
19100 -0.570518
19200 -0.736804
19300 -0.601866
19400 -0.638111
19500 -0.778822
19600 -0.705179
19700 -0.572021
19800 -0.712476
19900 -0.57907
20000 -0.610505
20100 -0.681476
20200 -0.550742
20300 -0.813642
20400 -0.704339
20500 -0.655689
20600 -0.542118
20700 -0.627541
20800 -0.551152
20900 -0.659622
21000 -0.610744
21100 -0.568813
21200 -0.497348
21300 -0.6282
21400 -0.65182
21500 -0.652596
21600 -0.556916
21700 -0.620922
21800 -0.619383
21900 -0.584093
22000 -0.565815
22100 -0.742477
22200 -0.517247
22300 -0.540342
22400 -0.666209
22500 -0.566139
22600 -0.556905
22700 -0.654839
22800 -0.621848
22900 -0.633831
23000 -0.526636
23100 -0.701477
23200 -0.654489
23300 -0.592096
23400 -0.664809
23500 -0.681268
23600 -0.691574
23700 -0.564069
23800 -0.649412
23900 -0.624583
24000 -0.487073
24100 -0.649093
24200 -0.552116
24300 -0.712607
24400 -0.745093
24500 -0.62275
24600 -0.583672
24700 -0.611673
24800 -0.636603
24900 -0.638525
25000 -0.691184
25100 -0.5393
25200 -0.573319
25300 -0.527716
25400 -0.605155
25500 -0.659825
25600 -0.624028
25700 -0.637966
25800 -0.733523
25900 -0.706003
26000 -0.636364
26100 -0.620394
26200 -0.479663
26300 -0.71892
26400 -0.753135
26500 -0.698975
26600 -0.726752
26700 -0.643562
26800 -0.644458
26900 -0.540073
27000 -0.639549
27100 -0.591136
27200 -0.647522
27300 -0.664935
27400 -0.554751
27500 -0.562345
27600 -0.674526
27700 -0.632507
27800 -0.613163
27900 -0.493756
28000 -0.634269
28100 -0.730356
28200 -0.658532
28300 -0.64169
28400 -0.709266
28500 -0.6785
28600 -0.555129
28700 -0.668862
28800 -0.647186
28900 -0.671178
29000 -0.586778
29100 -0.667807
29200 -0.684223
29300 -0.647262
29400 -0.670265
29500 -0.729555
29600 -0.614108
29700 -0.608155
29800 -0.566994
29900 -0.70624
30000 -0.60701
30100 -0.694606
30200 -0.686735
30300 -0.501524
30400 -0.736937
30500 -0.7557
30600 -0.717972
30700 -0.53908
30800 -0.696244
30900 -0.618292
31000 -0.551899
31100 -0.693449
31200 -0.667622
31300 -0.717949
31400 -0.775708
31500 -0.634311
31600 -0.579879
31700 -0.685814
31800 -0.630499
31900 -0.532701
32000 -0.60439
32100 -0.736165
32200 -0.639565
32300 -0.687975
32400 -0.803618
32500 -0.732276
32600 -0.733562
32700 -0.641414
32800 -0.793079
32900 -0.610308
33000 -0.634619
33100 -0.704897
33200 -0.770943
33300 -0.656667
33400 -0.654727
33500 -0.528788
33600 -0.681789
33700 -0.589648
33800 -0.577671
33900 -0.584163
34000 -0.752422
34100 -0.71632
34200 -0.72823
34300 -0.6564
34400 -0.731543
34500 -0.923792
34600 -0.870084
34700 -0.778763
34800 -0.645718
34900 -0.713374
35000 -0.793688
35100 -0.744885
35200 -0.75114
35300 -0.640125
35400 -0.60852
35500 -0.562735
35600 -0.720308
35700 -0.820941
35800 -0.55901
35900 -0.652525
36000 -0.606714
36100 -0.651805
36200 -0.705654
36300 -0.700562
36400 -0.566844
36500 -0.680372
36600 -0.634514
36700 -0.659006
36800 -0.623701
36900 -0.583992
37000 -0.621881
37100 -0.533127
37200 -0.580273
37300 -0.645377
37400 -0.551491
37500 -0.768574
37600 -0.745496
37700 -0.735823
37800 -0.595897
37900 -0.625421
38000 -0.687319
38100 -0.636229
38200 -0.609354
38300 -0.612658
38400 -0.560911
38500 -0.625986
38600 -0.639133
38700 -0.55306
38800 -0.537121
38900 -0.617654
39000 -0.571037
39100 -0.680456
39200 -0.654619
39300 -0.642135
39400 -0.710946
39500 -0.731194
39600 -0.790495
39700 -0.643454
39800 -0.768575
39900 -0.735527
40000 -0.723428
40100 -0.725247
40200 -0.670902
40300 -0.683182
40400 -0.637071
40500 -0.614585
40600 -0.609214
40700 -0.588238
40800 -0.637725
40900 -0.688208
41000 -0.560956
41100 -0.710295
41200 -0.564874
41300 -0.681056
41400 -0.73499
41500 -0.675637
41600 -0.656347
41700 -0.597582
41800 -0.598884
41900 -0.784396
42000 -0.62444
42100 -0.569507
42200 -0.775403
42300 -0.676495
42400 -0.722388
42500 -0.78432
42600 -0.875505
42700 -0.684506
42800 -0.649526
42900 -0.591412
43000 -0.606049
43100 -0.614363
43200 -0.57175
43300 -0.596999
43400 -0.572706
43500 -0.567578
43600 -0.664795
43700 -0.532205
43800 -0.734426
43900 -0.627613
44000 -0.600947
44100 -0.665648
44200 -0.624778
44300 -0.625531
44400 -0.652865
44500 -0.693934
44600 -0.568164
44700 -0.597815
44800 -0.644692
44900 -0.610435
45000 -0.653542
45100 -0.553698
45200 -0.791522
45300 -0.579003
45400 -0.598067
45500 -0.736968
45600 -0.612431
45700 -0.667022
45800 -0.631565
45900 -0.652769
46000 -0.577455
46100 -0.694777
46200 -0.687351
46300 -0.669618
46400 -0.642641
46500 -0.598669
46600 -0.718071
46700 -0.694208
46800 -0.672187
46900 -0.654682
47000 -0.582447
47100 -0.817126
47200 -0.600604
47300 -0.67479
47400 -0.605157
47500 -0.681212
47600 -0.549035
47700 -0.616817
47800 -0.627788
47900 -0.694789
48000 -0.749015
48100 -0.649547
48200 -0.618694
48300 -0.614779
48400 -0.656808
48500 -0.587719
48600 -0.721084
48700 -0.664136
48800 -0.556662
48900 -0.642675
49000 -0.671872
49100 -0.579427
49200 -0.577703
49300 -0.536867
49400 -0.434569
49500 -0.605939
49600 -0.515654
49700 -0.578638
49800 -0.705409
49900 -0.696684
50000 -0.728068
50100 -0.666997
50200 -0.786156
50300 -0.824516
50400 -0.879835
50500 -0.717005
50600 -0.897843
50700 -0.645602
50800 -0.636336
50900 -0.742445
51000 -0.668359
51100 -0.718118
51200 -0.709694
51300 -0.72142
51400 -0.611513
51500 -0.6051
51600 -0.60825
51700 -0.644204
51800 -0.583009
51900 -0.595096
52000 -0.564143
52100 -0.641664
52200 -0.660618
52300 -0.601168
52400 -0.572639
52500 -0.636236
52600 -0.729622
52700 -0.593601
52800 -0.521908
52900 -0.609401
53000 -0.573736
53100 -0.617333
53200 -0.599396
53300 -0.590292
53400 -0.576303
53500 -0.766886
53600 -0.713233
53700 -0.681726
53800 -0.637126
53900 -0.511593
54000 -0.576909
54100 -0.704247
54200 -0.644529
54300 -0.71253
54400 -0.501581
54500 -0.675502
54600 -0.582536
54700 -0.587066
54800 -0.643003
54900 -0.65714
55000 -0.69424
55100 -0.550977
55200 -0.603144
55300 -0.653087
55400 -0.58127
55500 -0.548553
55600 -0.68377
55700 -0.632876
55800 -0.645077
55900 -0.715665
56000 -0.533215
56100 -0.561491
56200 -0.531946
56300 -0.73463
56400 -0.600544
56500 -0.665568
56600 -0.578272
56700 -0.584401
56800 -0.690532
56900 -0.70236
57000 -0.676174
57100 -0.741039
57200 -0.616715
57300 -0.754026
57400 -0.528785
57500 -0.503711
57600 -0.705291
57700 -0.44144
57800 -0.619312
57900 -0.632061
58000 -0.598979
58100 -0.581429
58200 -0.746584
58300 -0.553553
58400 -0.523955
58500 -0.698534
58600 -0.655652
58700 -0.763373
58800 -0.720009
58900 -0.62044
59000 -0.652915
59100 -0.748391
59200 -0.767121
59300 -0.724145
59400 -0.702943
59500 -0.730898
59600 -0.697193
59700 -0.581855
59800 -0.639604
59900 -0.661009
60000 -0.637394
60100 -0.485574
60200 -0.542707
60300 -0.696259
60400 -0.683283
60500 -0.712812
60600 -0.881879
60700 -0.703637
60800 -0.631186
60900 -0.638972
61000 -0.595577
61100 -0.666801
61200 -0.61609
61300 -0.668438
61400 -0.625458
61500 -0.72678
61600 -0.671858
61700 -0.538773
61800 -0.618384
61900 -0.567692
62000 -0.528531
62100 -0.554475
62200 -0.518184
62300 -0.571225
62400 -0.61718
62500 -0.552366
62600 -0.550732
62700 -0.688125
62800 -0.60607
62900 -0.535294
63000 -0.636865
63100 -0.550381
63200 -0.633932
63300 -0.750369
63400 -0.546189
63500 -0.722928
63600 -0.604196
63700 -0.852897
63800 -0.634242
63900 -0.689395
64000 -0.676123
64100 -0.720434
64200 -0.728729
64300 -0.696907
64400 -0.540009
64500 -0.636526
64600 -0.521996
64700 -0.661524
64800 -0.647819
64900 -0.633115
65000 -0.658406
65100 -0.794847
65200 -0.714677
65300 -0.589774
65400 -0.897267
65500 -0.623377
65600 -0.573668
65700 -0.667801
65800 -0.634906
65900 -0.613141
66000 -0.653322
66100 -0.753777
66200 -0.686126
66300 -0.691737
66400 -0.665685
66500 -0.622755
66600 -0.660852
66700 -0.704861
66800 -0.65735
66900 -0.637134
67000 -0.731891
67100 -0.742874
67200 -0.662785
67300 -0.738322
67400 -0.61789
67500 -0.65549
67600 -0.698413
67700 -0.778605
67800 -0.595293
67900 -0.641937
68000 -0.6608
68100 -0.658333
68200 -0.567936
68300 -0.615785
68400 -0.669492
68500 -0.771299
68600 -0.743314
68700 -0.673381
68800 -0.636147
68900 -0.709064
69000 -0.68747
69100 -0.594727
69200 -0.700097
69300 -0.612675
69400 -0.630301
69500 -0.851945
69600 -0.717929
69700 -0.67139
69800 -0.633842
69900 -0.670402
70000 -0.747119
70100 -0.55793
70200 -0.72409
70300 -0.677293
70400 -0.693357
70500 -0.72245
70600 -0.634662
70700 -0.578675
70800 -0.548137
70900 -0.657207
71000 -0.590411
71100 -0.558577
71200 -0.579617
71300 -0.509971
71400 -0.625405
71500 -0.72632
71600 -0.70678
71700 -0.620155
71800 -0.627949
71900 -0.649129
72000 -0.601587
72100 -0.741457
72200 -0.714704
72300 -0.631521
72400 -0.729063
72500 -0.699169
72600 -0.759435
72700 -0.8161
72800 -0.718507
72900 -0.604115
73000 -0.549992
73100 -0.633128
73200 -0.7149
73300 -0.569207
73400 -0.600358
73500 -0.645057
73600 -0.623788
73700 -0.551467
73800 -0.601398
73900 -0.652086
74000 -0.597913
74100 -0.552673
74200 -0.554659
74300 -0.499292
74400 -0.638757
74500 -0.701729
74600 -0.595
74700 -0.677652
74800 -0.682709
74900 -0.685432
75000 -0.586404
75100 -0.668604
75200 -0.596247
75300 -0.654049
75400 -0.642189
75500 -0.579642
75600 -0.625706
75700 -0.763465
75800 -0.740044
75900 -0.611657
76000 -0.650698
76100 -0.670932
76200 -0.716271
76300 -0.645118
76400 -0.50753
76500 -0.578392
76600 -0.660994
76700 -0.678988
76800 -0.682006
76900 -0.696363
77000 -0.770447
77100 -0.825096
77200 -0.764357
77300 -0.691509
77400 -0.679395
77500 -0.68452
77600 -0.557158
77700 -0.537996
77800 -0.475889
77900 -0.628423
78000 -0.630919
78100 -0.611356
78200 -0.586978
78300 -0.695614
78400 -0.475517
78500 -0.750914
78600 -0.518992
78700 -0.560335
78800 -0.51932
78900 -0.634986
79000 -0.649329
79100 -0.695018
79200 -0.594299
79300 -0.582509
79400 -0.435779
79500 -0.695506
79600 -0.63883
79700 -0.701925
79800 -0.636663
79900 -0.680415
80000 -0.686302
80100 -0.543452
80200 -0.742894
80300 -0.624062
80400 -0.61125
80500 -0.659199
80600 -0.576096
80700 -0.613911
80800 -0.586121
80900 -0.675857
81000 -0.597439
81100 -0.562951
81200 -0.509505
81300 -0.615664
81400 -0.599407
81500 -0.567989
81600 -0.59554
81700 -0.674138
81800 -0.692752
81900 -0.678545
82000 -0.700525
82100 -0.653412
82200 -0.537975
82300 -0.608358
82400 -0.723971
82500 -0.525584
82600 -0.666352
82700 -0.599418
82800 -0.64045
82900 -0.644765
83000 -0.648243
83100 -0.591315
83200 -0.647421
83300 -0.606169
83400 -0.608015
83500 -0.589587
83600 -0.604517
83700 -0.576557
83800 -0.692274
83900 -0.756506
84000 -0.615849
84100 -0.553947
84200 -0.528295
84300 -0.691551
84400 -0.541477
84500 -0.737307
84600 -0.61204
84700 -0.700418
84800 -0.680251
84900 -0.657189
85000 -0.706836
85100 -0.622243
85200 -0.606748
85300 -0.635
85400 -0.650003
85500 -0.775039
85600 -0.557375
85700 -0.546276
85800 -0.61747
85900 -0.620101
86000 -0.644141
86100 -0.647988
86200 -0.592422
86300 -0.620359
86400 -0.568827
86500 -0.61939
86600 -0.603859
86700 -0.741718
86800 -0.650005
86900 -0.619683
87000 -0.543165
87100 -0.689097
87200 -0.655628
87300 -0.641224
87400 -0.863469
87500 -0.671326
87600 -0.641264
87700 -0.785536
87800 -0.588054
87900 -0.673588
88000 -0.837692
88100 -0.62333
88200 -0.645709
88300 -0.653558
88400 -0.75292
88500 -0.618332
88600 -0.737574
88700 -0.545834
88800 -0.853718
88900 -0.665874
89000 -0.819816
89100 -0.854947
89200 -0.550026
89300 -0.620308
89400 -0.659776
89500 -0.727914
89600 -0.668852
89700 -0.628898
89800 -0.650088
89900 -0.630778
90000 -0.592454
90100 -0.572603
90200 -0.658102
90300 -0.63147
90400 -0.672337
90500 -0.584886
90600 -0.604859
90700 -0.635608
90800 -0.652601
90900 -0.634231
91000 -0.641508
91100 -0.476272
91200 -0.691598
91300 -0.582522
91400 -0.640553
91500 -0.688708
91600 -0.633847
91700 -0.550889
91800 -0.689259
91900 -0.655521
92000 -0.65417
92100 -0.65489
92200 -0.632631
92300 -0.629358
92400 -0.618302
92500 -0.696773
92600 -0.682078
92700 -0.720818
92800 -0.878159
92900 -0.741411
93000 -0.739433
93100 -0.723757
93200 -0.650506
93300 -0.652505
93400 -0.704627
93500 -0.561197
93600 -0.563801
93700 -0.678984
93800 -0.744879
93900 -0.717434
94000 -0.605806
94100 -0.510003
94200 -0.676659
94300 -0.700543
94400 -0.68436
94500 -0.708976
94600 -0.566108
94700 -0.599905
94800 -0.591755
94900 -0.62808
95000 -0.641997
95100 -0.649358
95200 -0.687522
95300 -0.705702
95400 -0.709065
95500 -0.589635
95600 -0.681697
95700 -0.717633
95800 -0.658553
95900 -0.676209
96000 -0.599368
96100 -0.73405
96200 -0.533469
96300 -0.609216
96400 -0.67987
96500 -0.697096
96600 -0.537809
96700 -0.576682
96800 -0.679135
96900 -0.70744
97000 -0.684299
97100 -0.744305
97200 -0.629025
97300 -0.662215
97400 -0.534913
97500 -0.689901
97600 -0.618888
97700 -0.580253
97800 -0.719118
97900 -0.808948
98000 -0.568275
98100 -0.724984
98200 -0.704273
98300 -0.703896
98400 -0.589768
98500 -0.578942
98600 -0.616937
98700 -0.737578
98800 -0.616278
98900 -0.615726
99000 -0.738172
99100 -0.61086
99200 -0.632123
99300 -0.587934
99400 -0.51933
99500 -0.584289
99600 -0.61449
99700 -0.626623
99800 -0.492457
99900 -0.560825
