0 -1.35841
100 -1.32563
200 -1.37034
300 -1.2743
400 -1.36774
500 -1.40783
600 -1.30925
700 -1.2693
800 -1.35081
900 -1.35773
1000 -1.35778
1100 -1.30697
1200 -1.35398
1300 -1.32237
1400 -1.30254
1500 -1.36038
1600 -1.33739
1700 -1.38647
1800 -1.46505
1900 -1.43151
2000 -1.3447
2100 -1.42398
2200 -1.31455
2300 -1.37565
2400 -1.34989
2500 -1.43707
2600 -1.43716
2700 -1.30562
2800 -1.45695
2900 -1.40215
3000 -1.50528
3100 -1.37176
3200 -1.30851
3300 -1.34382
3400 -1.43788
3500 -1.54968
3600 -1.3624
3700 -1.39918
3800 -1.55404
3900 -1.63089
4000 -1.42398
4100 -1.31773
4200 -1.37643
4300 -1.38567
4400 -1.4572
4500 -1.3874
4600 -1.33097
4700 -1.33135
4800 -1.38389
4900 -1.34542
5000 -1.45009
5100 -1.44078
5200 -1.42239
5300 -1.38178
5400 -1.43977
5500 -1.47159
5600 -1.41588
5700 -1.35598
5800 -1.32398
5900 -1.21064
6000 -1.34971
6100 -1.48619
6200 -1.4208
6300 -1.38953
6400 -1.40202
6500 -1.41641
6600 -1.32346
6700 -1.3845
6800 -1.52366
6900 -1.40435
7000 -1.35553
7100 -1.34115
7200 -1.34183
7300 -1.27336
7400 -1.35828
7500 -1.39603
7600 -1.31221
7700 -1.46546
7800 -1.36686
7900 -1.44622
8000 -1.38422
8100 -1.44856
8200 -1.47319
8300 -1.43712
8400 -1.36183
8500 -1.49676
8600 -1.41058
8700 -1.29902
8800 -1.44406
8900 -1.44732
9000 -1.35009
9100 -1.39974
9200 -1.31989
9300 -1.2992
9400 -1.36043
9500 -1.33256
9600 -1.51964
9700 -1.49413
9800 -1.39263
9900 -1.51122
10000 -1.36021
10100 -1.35821
10200 -1.37638
10300 -1.35523
10400 -1.29839
10500 -1.33662
10600 -1.36829
10700 -1.37145
10800 -1.36744
10900 -1.3307
11000 -1.37504
11100 -1.32883
11200 -1.41423
11300 -1.39956
11400 -1.28789
11500 -1.35729
11600 -1.29066
11700 -1.40015
11800 -1.32073
11900 -1.38538
12000 -1.24753
12100 -1.34701
12200 -1.38803
12300 -1.42494
12400 -1.36331
12500 -1.35135
12600 -1.26663
12700 -1.35356
12800 -1.40546
12900 -1.31093
13000 -1.49835
13100 -1.38796
13200 -1.32265
13300 -1.20082
13400 -1.28583
13500 -1.43579
13600 -1.40818
13700 -1.48485
13800 -1.37963
13900 -1.29758
14000 -1.39494
14100 -1.39705
14200 -1.4087
14300 -1.20674
14400 -1.34581
14500 -1.42555
14600 -1.38371
14700 -1.42769
14800 -1.33042
14900 -1.47368
15000 -1.36417
15100 -1.51636
15200 -1.53175
15300 -1.46414
15400 -1.43579
15500 -1.36205
15600 -1.40869
15700 -1.36311
15800 -1.43378
15900 -1.33149
16000 -1.3724
16100 -1.28893
16200 -1.3406
16300 -1.38045
16400 -1.33992
16500 -1.38474
16600 -1.40423
16700 -1.31809
16800 -1.39308
16900 -1.3633
17000 -1.40514
17100 -1.28683
17200 -1.44364
17300 -1.31965
17400 -1.36065
17500 -1.31469
17600 -1.31891
17700 -1.42317
17800 -1.40096
17900 -1.39117
18000 -1.32962
18100 -1.17848
18200 -1.352
18300 -1.29613
18400 -1.30005
18500 -1.27419
18600 -1.28281
18700 -1.3522
18800 -1.46037
18900 -1.34282
19000 -1.40508
19100 -1.48169
19200 -1.35576
19300 -1.46467
19400 -1.49582
19500 -1.38912
19600 -1.37122
19700 -1.30778
19800 -1.39344
19900 -1.39961
20000 -1.44251
20100 -1.38968
20200 -1.51715
20300 -1.41938
20400 -1.29096
20500 -1.30507
20600 -1.2902
20700 -1.36653
20800 -1.37072
20900 -1.4047
21000 -1.55013
21100 -1.46827
21200 -1.41567
21300 -1.36311
21400 -1.32837
21500 -1.28419
21600 -1.42162
21700 -1.36
21800 -1.35544
21900 -1.41321
22000 -1.36107
22100 -1.44659
22200 -1.22615
22300 -1.38392
22400 -1.29562
22500 -1.39496
22600 -1.32653
22700 -1.47993
22800 -1.4726
22900 -1.34327
23000 -1.48129
23100 -1.51273
23200 -1.38086
23300 -1.4411
23400 -1.34114
23500 -1.33055
23600 -1.31641
23700 -1.35907
23800 -1.37267
23900 -1.35729
24000 -1.39528
24100 -1.40905
24200 -1.29234
24300 -1.39804
24400 -1.34699
24500 -1.30885
24600 -1.50173
24700 -1.3638
24800 -1.32958
24900 -1.47086
25000 -1.46713
25100 -1.32857
25200 -1.356
25300 -1.36673
25400 -1.33645
25500 -1.28149
25600 -1.35211
25700 -1.3797
25800 -1.41535
25900 -1.3845
26000 -1.44854
26100 -1.3539
26200 -1.36475
26300 -1.29978
26400 -1.44419
26500 -1.41258
26600 -1.42116
26700 -1.38437
26800 -1.34671
26900 -1.44824
27000 -1.40411
27100 -1.3043
27200 -1.28044
27300 -1.39463
27400 -1.36396
27500 -1.32595
27600 -1.33678
27700 -1.4312
27800 -1.28767
27900 -1.44088
28000 -1.38315
28100 -1.35565
28200 -1.41781
28300 -1.561
28400 -1.3474
28500 -1.3616
28600 -1.40383
28700 -1.31437
28800 -1.26772
28900 -1.31974
29000 -1.42251
29100 -1.43536
29200 -1.31622
29300 -1.34556
29400 -1.35612
29500 -1.39689
29600 -1.35375
29700 -1.37248
29800 -1.50644
29900 -1.39238
30000 -1.41139
30100 -1.42903
30200 -1.31554
30300 -1.44985
30400 -1.24775
30500 -1.42605
30600 -1.40252
30700 -1.33541
30800 -1.39072
30900 -1.45589
31000 -1.46841
31100 -1.32269
31200 -1.37976
31300 -1.47474
31400 -1.34897
31500 -1.29052
31600 -1.40521
31700 -1.35892
31800 -1.32492
31900 -1.30412
32000 -1.34155
32100 -1.49643
32200 -1.41603
32300 -1.48156
32400 -1.4345
32500 -1.39547
32600 -1.33462
32700 -1.3162
32800 -1.4383
32900 -1.42323
33000 -1.34512
33100 -1.38327
33200 -1.25988
33300 -1.38259
33400 -1.4542
33500 -1.42712
33600 -1.249
33700 -1.28604
33800 -1.31129
33900 -1.31378
34000 -1.40703
34100 -1.336
34200 -1.27778
34300 -1.35264
34400 -1.42333
34500 -1.41586
34600 -1.45429
34700 -1.38842
34800 -1.48125
34900 -1.47251
35000 -1.26
35100 -1.31592
35200 -1.35129
35300 -1.34089
35400 -1.35404
35500 -1.32789
35600 -1.39541
35700 -1.44667
35800 -1.42465
35900 -1.27281
36000 -1.333
36100 -1.46861
36200 -1.39371
36300 -1.29643
36400 -1.30724
36500 -1.46922
36600 -1.3195
36700 -1.38642
36800 -1.37621
36900 -1.326
37000 -1.31167
37100 -1.33634
37200 -1.37938
37300 -1.28293
37400 -1.26495
37500 -1.46596
37600 -1.27656
37700 -1.50765
37800 -1.36033
37900 -1.25855
38000 -1.34406
38100 -1.40636
38200 -1.4687
38300 -1.47928
38400 -1.38211
38500 -1.33176
38600 -1.28762
38700 -1.41453
38800 -1.32386
38900 -1.36246
39000 -1.36203
39100 -1.40795
39200 -1.37117
39300 -1.29595
39400 -1.36337
39500 -1.26534
39600 -1.33532
39700 -1.35075
39800 -1.34522
39900 -1.11801
40000 -1.30069
40100 -1.38826
40200 -1.42139
40300 -1.37376
40400 -1.33447
40500 -1.31177
40600 -1.33133
40700 -1.40056
40800 -1.38188
40900 -1.34195
41000 -1.32683
41100 -1.42986
41200 -1.2799
41300 -1.40332
41400 -1.41258
41500 -1.38911
41600 -1.36728
41700 -1.42943
41800 -1.34041
41900 -1.34105
42000 -1.30013
42100 -1.37942
42200 -1.19139
42300 -1.39649
42400 -1.39278
42500 -1.38901
42600 -1.34993
42700 -1.32185
42800 -1.38772
42900 -1.28432
43000 -1.36942
43100 -1.52312
43200 -1.34804
43300 -1.29511
43400 -1.37107
43500 -1.36334
43600 -1.46122
43700 -1.36256
43800 -1.34408
43900 -1.20903
44000 -1.39426
44100 -1.33333
44200 -1.29455
44300 -1.48409
44400 -1.35402
44500 -1.37538
44600 -1.39318
44700 -1.32723
44800 -1.40403
44900 -1.57624
45000 -1.49414
45100 -1.41119
45200 -1.34465
45300 -1.35639
45400 -1.44622
45500 -1.41452
45600 -1.43769
45700 -1.38817
45800 -1.38053
45900 -1.38915
46000 -1.35499
46100 -1.35816
46200 -1.38521
46300 -1.28118
46400 -1.47428
46500 -1.46894
46600 -1.3999
46700 -1.37166
46800 -1.3339
46900 -1.34436
47000 -1.36017
47100 -1.43698
47200 -1.33082
47300 -1.4621
47400 -1.35581
47500 -1.34904
47600 -1.46841
47700 -1.52445
47800 -1.33083
47900 -1.28452
48000 -1.34596
48100 -1.40288
48200 -1.42471
48300 -1.32608
48400 -1.30132
48500 -1.29918
48600 -1.35586
48700 -1.46432
48800 -1.45136
48900 -1.41162
49000 -1.36499
49100 -1.5642
49200 -1.47797
49300 -1.32411
49400 -1.36397
49500 -1.45377
49600 -1.51849
49700 -1.50853
49800 -1.47129
49900 -1.47877
50000 -1.22901
50100 -1.23194
50200 -1.25631
50300 -1.40154
50400 -1.33064
50500 -1.38311
50600 -1.32809
50700 -1.46288
50800 -1.49165
50900 -1.40018
51000 -1.37466
51100 -1.3497
51200 -1.46336
51300 -1.47098
51400 -1.32849
51500 -1.3827
51600 -1.34543
51700 -1.4249
51800 -1.39684
51900 -1.3544
52000 -1.532
52100 -1.26264
52200 -1.34161
52300 -1.35131
52400 -1.3951
52500 -1.30387
52600 -1.40398
52700 -1.38317
52800 -1.39999
52900 -1.39999
53000 -1.37255
53100 -1.41522
53200 -1.33432
53300 -1.30942
53400 -1.41207
53500 -1.30353
53600 -1.39539
53700 -1.3801
53800 -1.43326
53900 -1.44072
54000 -1.3502
54100 -1.31964
54200 -1.45443
54300 -1.23697
54400 -1.3771
54500 -1.42024
54600 -1.2719
54700 -1.41201
54800 -1.39187
54900 -1.34076
55000 -1.37596
55100 -1.38903
55200 -1.377
55300 -1.42207
55400 -1.47137
55500 -1.40082
55600 -1.48434
55700 -1.32269
55800 -1.42813
55900 -1.40301
56000 -1.38531
56100 -1.42491
56200 -1.40465
56300 -1.22568
56400 -1.45122
56500 -1.38134
56600 -1.34134
56700 -1.31212
56800 -1.48657
56900 -1.48472
57000 -1.35554
57100 -1.29977
57200 -1.30862
57300 -1.38536
57400 -1.50659
57500 -1.27887
57600 -1.36741
57700 -1.32898
57800 -1.40698
57900 -1.4066
58000 -1.38003
58100 -1.40136
58200 -1.33857
58300 -1.342
58400 -1.37611
58500 -1.34713
58600 -1.35405
58700 -1.4534
58800 -1.40148
58900 -1.26438
59000 -1.36783
59100 -1.32919
59200 -1.33383
59300 -1.43298
59400 -1.35082
59500 -1.41621
59600 -1.31996
59700 -1.28523
59800 -1.47362
59900 -1.41518
60000 -1.39725
60100 -1.33393
60200 -1.34736
60300 -1.33686
60400 -1.3588
60500 -1.33607
60600 -1.52805
60700 -1.37379
60800 -1.40023
60900 -1.3786
61000 -1.33629
61100 -1.35182
61200 -1.41586
61300 -1.37526
61400 -1.3733
61500 -1.43026
61600 -1.33611
61700 -1.3035
61800 -1.3124
61900 -1.43681
62000 -1.32461
62100 -1.42801
62200 -1.49743
62300 -1.36947
62400 -1.34868
62500 -1.3425
62600 -1.40507
62700 -1.37011
62800 -1.35277
62900 -1.24926
63000 -1.44702
63100 -1.33489
63200 -1.35061
63300 -1.35275
63400 -1.34214
63500 -1.27866
63600 -1.40004
63700 -1.2012
63800 -1.32029
63900 -1.34546
64000 -1.35508
64100 -1.49692
64200 -1.41616
64300 -1.33046
64400 -1.23232
64500 -1.44093
64600 -1.39854
64700 -1.50174
64800 -1.23416
64900 -1.41144
65000 -1.2321
65100 -1.40561
65200 -1.48803
65300 -1.46191
65400 -1.24005
65500 -1.46114
65600 -1.37898
65700 -1.38915
65800 -1.37169
65900 -1.4095
66000 -1.39614
66100 -1.31351
66200 -1.39282
66300 -1.26941
66400 -1.30771
66500 -1.32901
66600 -1.41579
66700 -1.49265
66800 -1.31667
66900 -1.31164
67000 -1.38054
67100 -1.35306
67200 -1.41611
67300 -1.31165
67400 -1.41183
67500 -1.39716
67600 -1.27181
67700 -1.4743
67800 -1.36772
67900 -1.3241
68000 -1.51746
68100 -1.29435
68200 -1.42422
68300 -1.34516
68400 -1.42654
68500 -1.35395
68600 -1.41521
68700 -1.41171
68800 -1.35517
68900 -1.37306
69000 -1.35526
69100 -1.31012
69200 -1.28994
69300 -1.41975
69400 -1.41376
69500 -1.26448
69600 -1.31349
69700 -1.48527
69800 -1.37058
69900 -1.41956
70000 -1.3777
70100 -1.42386
70200 -1.53112
70300 -1.43829
70400 -1.3393
70500 -1.49045
70600 -1.41431
70700 -1.33327
70800 -1.43011
70900 -1.34538
71000 -1.49397
71100 -1.23543
71200 -1.33956
71300 -1.24005
71400 -1.47011
71500 -1.45979
71600 -1.36919
71700 -1.42254
71800 -1.35658
71900 -1.49134
72000 -1.43257
72100 -1.26127
72200 -1.28986
72300 -1.37876
72400 -1.29107
72500 -1.37671
72600 -1.41324
72700 -1.35796
72800 -1.33328
72900 -1.39226
73000 -1.31668
73100 -1.30452
73200 -1.40183
73300 -1.46381
73400 -1.42021
73500 -1.37088
73600 -1.35946
73700 -1.3065
73800 -1.36174
73900 -1.32794
74000 -1.41638
74100 -1.42001
74200 -1.31443
74300 -1.29144
74400 -1.38173
74500 -1.38734
74600 -1.39065
74700 -1.28868
74800 -1.35616
74900 -1.3593
75000 -1.41109
75100 -1.41489
75200 -1.29736
75300 -1.29249
75400 -1.38214
75500 -1.45448
75600 -1.36575
75700 -1.38641
75800 -1.2914
75900 -1.43322
76000 -1.27923
76100 -1.42066
76200 -1.40277
76300 -1.45042
76400 -1.35979
76500 -1.46202
76600 -1.42044
76700 -1.40442
76800 -1.4143
76900 -1.35928
77000 -1.54915
77100 -1.3629
77200 -1.39265
77300 -1.50329
77400 -1.40789
77500 -1.43303
77600 -1.41594
77700 -1.42108
77800 -1.4177
77900 -1.26746
78000 -1.33458
78100 -1.31341
78200 -1.36368
78300 -1.31446
78400 -1.31865
78500 -1.3807
78600 -1.36522
78700 -1.31138
78800 -1.34848
78900 -1.26951
79000 -1.43488
79100 -1.37652
79200 -1.37666
79300 -1.30942
79400 -1.43064
79500 -1.44437
79600 -1.52114
79700 -1.49406
79800 -1.42056
79900 -1.37985
80000 -1.43848
80100 -1.31601
80200 -1.25594
80300 -1.3064
80400 -1.38781
80500 -1.3794
80600 -1.27512
80700 -1.32194
80800 -1.342
80900 -1.55095
81000 -1.45938
81100 -1.31119
81200 -1.3538
81300 -1.39444
81400 -1.20005
81500 -1.42401
81600 -1.29
81700 -1.43067
81800 -1.38564
81900 -1.44501
82000 -1.47235
82100 -1.42193
82200 -1.3731
82300 -1.34947
82400 -1.37041
82500 -1.40143
82600 -1.34112
82700 -1.29788
82800 -1.39867
82900 -1.3959
83000 -1.23022
83100 -1.39813
83200 -1.3908
83300 -1.39636
83400 -1.3491
83500 -1.36936
83600 -1.51955
83700 -1.56404
83800 -1.43295
83900 -1.3035
84000 -1.45226
84100 -1.33482
84200 -1.31944
84300 -1.36195
84400 -1.26231
84500 -1.42431
84600 -1.39735
84700 -1.33794
84800 -1.48408
84900 -1.38113
85000 -1.26436
85100 -1.45494
85200 -1.35322
85300 -1.36134
85400 -1.49841
85500 -1.35712
85600 -1.44852
85700 -1.32963
85800 -1.37351
85900 -1.3184
86000 -1.29554
86100 -1.38402
86200 -1.37163
86300 -1.43619
86400 -1.35582
86500 -1.35645
86600 -1.37811
86700 -1.24192
86800 -1.39488
86900 -1.38664
87000 -1.3359
87100 -1.36328
87200 -1.34874
87300 -1.40095
87400 -1.40474
87500 -1.34676
87600 -1.27728
87700 -1.48267
87800 -1.43742
87900 -1.36751
88000 -1.30744
88100 -1.34496
88200 -1.34948
88300 -1.34435
88400 -1.40285
88500 -1.35857
88600 -1.26659
88700 -1.37267
88800 -1.26563
88900 -1.37981
89000 -1.29355
89100 -1.54732
89200 -1.43379
89300 -1.37803
89400 -1.34689
89500 -1.37561
89600 -1.32963
89700 -1.34195
89800 -1.47241
89900 -1.42882
90000 -1.38994
90100 -1.45763
90200 -1.41349
90300 -1.42085
90400 -1.46119
90500 -1.32461
90600 -1.4515
90700 -1.25943
90800 -1.21959
90900 -1.27537
91000 -1.3617
91100 -1.35257
91200 -1.43657
91300 -1.46704
91400 -1.40517
91500 -1.42417
91600 -1.44176
91700 -1.39542
91800 -1.43053
91900 -1.3438
92000 -1.33011
92100 -1.43203
92200 -1.28299
92300 -1.39867
92400 -1.43827
92500 -1.35122
92600 -1.326
92700 -1.21492
92800 -1.44632
92900 -1.51434
93000 -1.2773
93100 -1.44316
93200 -1.34031
93300 -1.32654
93400 -1.38218
93500 -1.26152
93600 -1.30199
93700 -1.43982
93800 -1.4071
93900 -1.34399
94000 -1.38882
94100 -1.34866
94200 -1.33988
94300 -1.43982
94400 -1.33011
94500 -1.30433
94600 -1.36848
94700 -1.46759
94800 -1.46577
94900 -1.3898
95000 -1.29486
95100 -1.35154
95200 -1.37769
95300 -1.41404
95400 -1.3246
95500 -1.44393
95600 -1.39496
95700 -1.24649
95800 -1.2977
95900 -1.3935
96000 -1.39854
96100 -1.44239
96200 -1.34351
96300 -1.34612
96400 -1.34719
96500 -1.38161
96600 -1.35846
96700 -1.33176
96800 -1.39755
96900 -1.27829
97000 -1.36812
97100 -1.35489
97200 -1.30267
97300 -1.34099
97400 -1.40998
97500 -1.26433
97600 -1.39483
97700 -1.39297
97800 -1.38046
97900 -1.28685
98000 -1.35131
98100 -1.29993
98200 -1.34439
98300 -1.38687
98400 -1.38124
98500 -1.43391
98600 -1.28359
98700 -1.53924
98800 -1.33814
98900 -1.3379
99000 -1.44014
99100 -1.34037
99200 -1.34557
99300 -1.43943
99400 -1.36963
99500 -1.35487
99600 -1.40501
99700 -1.2542
99800 -1.38952
99900 -1.40103
