0 -1.26304
100 -1.22783
200 -1.16676
300 -1.20747
400 -1.00039
500 -1.08918
600 -1.19542
700 -1.08548
800 -1.20038
900 -1.2482
1000 -1.07592
1100 -1.06888
1200 -1.26278
1300 -1.0781
1400 -1.1715
1500 -1.1746
1600 -1.12281
1700 -1.09621
1800 -0.996256
1900 -1.13956
2000 -1.14274
2100 -1.23474
2200 -1.12907
2300 -1.13246
2400 -1.19977
2500 -1.22577
2600 -1.17386
2700 -1.31417
2800 -1.19729
2900 -1.18437
3000 -1.16787
3100 -1.21521
3200 -1.19526
3300 -1.09554
3400 -1.20075
3500 -1.1912
3600 -1.21773
3700 -1.14575
3800 -1.1384
3900 -1.18832
4000 -1.30616
4100 -1.22873
4200 -1.15168
4300 -1.24273
4400 -1.17805
4500 -1.15145
4600 -1.30589
4700 -1.11713
4800 -1.18893
4900 -1.03506
5000 -1.07749
5100 -1.1357
5200 -1.01739
5300 -1.06071
5400 -1.07023
5500 -1.13071
5600 -1.19145
5700 -1.02715
5800 -1.0189
5900 -1.12702
6000 -1.07555
6100 -1.13419
6200 -1.08558
6300 -1.13255
6400 -1.06354
6500 -0.946302
6600 -1.10199
6700 -1.25867
6800 -1.00587
6900 -1.13663
7000 -1.21012
7100 -1.15517
7200 -1.12637
7300 -1.08502
7400 -1.22643
7500 -1.07306
7600 -1.0517
7700 -1.07933
7800 -1.1941
7900 -1.16114
8000 -1.06594
8100 -1.00789
8200 -1.08736
8300 -1.0997
8400 -1.05197
8500 -1.20079
8600 -1.23484
8700 -1.10965
8800 -1.10094
8900 -1.28988
9000 -1.19011
9100 -1.19619
9200 -1.04212
9300 -1.19247
9400 -1.24957
9500 -1.18261
9600 -1.06868
9700 -1.18433
9800 -1.13825
9900 -1.10936
10000 -1.06699
10100 -1.06668
10200 -1.20703
10300 -1.14447
10400 -1.14331
10500 -1.04212
10600 -1.14365
10700 -1.18927
10800 -1.15741
10900 -1.03155
11000 -1.08854
11100 -1.12921
11200 -1.18948
11300 -1.27257
11400 -1.12987
11500 -1.05786
11600 -1.07983
11700 -1.11371
11800 -1.30204
11900 -1.25603
12000 -1.22514
12100 -1.15775
12200 -1.19854
12300 -1.21153
12400 -1.12054
12500 -0.990031
12600 -1.03903
12700 -1.11913
12800 -1.15543
12900 -1.13118
13000 -1.00972
13100 -1.10128
13200 -1.02604
13300 -0.980702
13400 -1.15252
13500 -1.13382
13600 -1.12503
13700 -1.08274
13800 -1.06196
13900 -1.0913
14000 -1.13018
14100 -1.14286
14200 -1.21557
14300 -1.22767
14400 -1.05975
14500 -1.12764
14600 -1.09589
14700 -1.12265
14800 -1.11463
14900 -1.00886
15000 -1.23704
15100 -1.22125
15200 -1.06338
15300 -1.23198
15400 -1.11954
15500 -1.20468
15600 -1.11261
15700 -1.09503
15800 -1.15023
15900 -1.11998
16000 -1.192
16100 -0.983686
16200 -1.16593
16300 -1.05151
16400 -1.10489
16500 -1.07735
16600 -1.15238
16700 -1.33369
16800 -1.17597
16900 -1.19498
17000 -1.05134
17100 -1.16
17200 -1.18337
17300 -1.186
17400 -1.00957
17500 -1.12179
17600 -1.17937
17700 -1.16394
17800 -1.01187
17900 -1.00201
18000 -1.11271
18100 -1.13341
18200 -1.10731
18300 -1.10838
18400 -1.13906
18500 -1.08347
18600 -1.15066
18700 -1.13379
18800 -1.13689
18900 -1.11181
19000 -1.08828
19100 -1.07236
19200 -1.33315
19300 -1.05875
19400 -0.990851
19500 -1.15058
19600 -1.03705
19700 -1.23687
19800 -1.04586
19900 -1.22434
20000 -1.22119
20100 -1.09377
20200 -1.10404
20300 -1.21538
20400 -1.18563
20500 -1.29911
20600 -1.15185
20700 -1.13963
20800 -0.995654
20900 -1.02364
21000 -1.10415
21100 -1.16679
21200 -1.2751
21300 -1.20032
21400 -1.17327
21500 -1.10736
21600 -1.1394
21700 -1.14968
21800 -1.19345
21900 -1.30295
22000 -1.03478
22100 -1.12718
22200 -1.24384
22300 -1.17131
22400 -1.21706
22500 -1.04105
22600 -1.21974
22700 -1.17836
22800 -1.04654
22900 -1.08033
23000 -1.12504
23100 -1.19014
23200 -1.09137
23300 -1.16314
23400 -1.13473
23500 -1.15974
23600 -1.23181
23700 -1.11462
23800 -1.11703
23900 -1.13693
24000 -1.11279
24100 -1.13486
24200 -1.23198
24300 -1.22364
24400 -1.25414
24500 -1.21431
24600 -1.02835
24700 -1.10721
24800 -1.06241
24900 -1.09644
25000 -1.07453
25100 -1.11501
25200 -1.14841
25300 -1.14036
25400 -1.08107
25500 -1.1983
25600 -1.08644
25700 -1.11642
25800 -1.09181
25900 -1.1427
26000 -1.30194
26100 -1.11471
26200 -1.05611
26300 -1.11591
26400 -1.09584
26500 -1.15323
26600 -1.18946
26700 -1.26644
26800 -1.18351
26900 -1.19364
27000 -1.13438
27100 -1.18052
27200 -1.04909
27300 -1.14618
27400 -1.05346
27500 -1.13516
27600 -1.24366
27700 -1.03833
27800 -1.15204
27900 -1.18337
28000 -1.11653
28100 -1.04237
28200 -1.13546
28300 -1.11063
28400 -1.22991
28500 -1.04131
28600 -1.15069
28700 -1.15514
28800 -1.09217
28900 -1.23335
29000 -1.15362
29100 -1.02012
29200 -1.12113
29300 -1.09845
29400 -1.04272
29500 -1.14194
29600 -1.08441
29700 -1.12603
29800 -1.12944
29900 -1.21225
30000 -1.19909
30100 -1.16855
30200 -1.15923
30300 -1.24784
30400 -1.10269
30500 -1.17334
30600 -1.01887
30700 -1.09217
30800 -1.11203
30900 -1.13704
31000 -1.05872
31100 -1.19647
31200 -1.2505
31300 -1.07734
31400 -1.23827
31500 -1.08222
31600 -1.10591
31700 -1.11954
31800 -1.06938
31900 -1.03251
32000 -1.15751
32100 -1.16012
32200 -1.23791
32300 -1.05147
32400 -1.05427
32500 -1.21108
32600 -1.08943
32700 -0.961359
32800 -0.966611
32900 -1.20323
33000 -1.08075
33100 -1.10912
33200 -1.23835
33300 -0.990407
33400 -1.13196
33500 -1.24566
33600 -1.23614
33700 -1.05714
33800 -1.24393
33900 -1.1538
34000 -1.18495
34100 -1.25308
34200 -1.13538
34300 -1.2316
34400 -1.14541
34500 -1.12988
34600 -1.16012
34700 -1.25199
34800 -1.16827
34900 -1.14257
35000 -1.23318
35100 -1.21691
35200 -1.11933
35300 -1.18159
35400 -1.11338
35500 -1.14269
35600 -1.22657
35700 -1.1724
35800 -1.09456
35900 -1.19704
36000 -1.18347
36100 -1.16046
36200 -1.02426
36300 -1.11974
36400 -1.08022
36500 -1.07366
36600 -1.1757
36700 -1.07998
36800 -1.15902
36900 -0.964169
37000 -1.10879
37100 -1.03287
37200 -1.18185
37300 -1.17565
37400 -1.26659
37500 -1.30108
37600 -1.10339
37700 -1.20355
37800 -1.20329
37900 -1.15094
38000 -1.2415
38100 -1.12575
38200 -1.08977
38300 -1.07312
38400 -1.12845
38500 -1.07004
38600 -1.26027
38700 -1.20502
38800 -1.32195
38900 -1.0834
39000 -1.10786
39100 -1.22359
39200 -1.20611
39300 -1.05975
39400 -0.960755
39500 -1.14123
39600 -1.21332
39700 -1.07213
39800 -1.23586
39900 -1.09251
40000 -1.13449
40100 -1.1264
40200 -1.10735
40300 -1.03308
40400 -1.11168
40500 -1.1552
40600 -1.15448
40700 -1.08095
40800 -1.07049
40900 -1.07123
41000 -1.10568
41100 -1.10848
41200 -1.17153
41300 -1.15078
41400 -1.07277
41500 -1.16968
41600 -1.06402
41700 -1.11078
41800 -1.14032
41900 -1.11507
42000 -1.15631
42100 -1.17392
42200 -1.15361
42300 -1.16437
42400 -1.13561
42500 -1.24138
42600 -1.10388
42700 -1.25579
42800 -1.03334
42900 -1.2935
43000 -1.19778
43100 -1.16033
43200 -1.1272
43300 -1.23085
43400 -1.02545
43500 -1.14456
43600 -1.20381
43700 -1.16313
43800 -1.16985
43900 -1.25317
44000 -1.0516
44100 -1.26312
44200 -1.07619
44300 -1.08837
44400 -1.0882
44500 -1.09623
44600 -1.16129
44700 -1.11598
44800 -1.09107
44900 -1.08409
45000 -1.23401
45100 -1.25934
45200 -1.12114
45300 -1.23577
45400 -1.08851
45500 -1.12889
45600 -1.10081
45700 -1.14135
45800 -1.10701
45900 -1.31654
46000 -1.12198
46100 -1.17357
46200 -1.12691
46300 -1.25745
46400 -1.11684
46500 -1.07208
46600 -1.17312
46700 -1.11157
46800 -1.24781
46900 -1.08234
47000 -1.12281
47100 -1.14287
47200 -1.04696
47300 -1.10891
47400 -1.10645
47500 -1.09418
47600 -1.23125
47700 -1.26753
47800 -1.11274
47900 -1.24189
48000 -1.19938
48100 -1.16191
48200 -1.10075
48300 -1.27806
48400 -1.09527
48500 -1.19476
48600 -1.10814
48700 -1.1215
48800 -1.12808
48900 -1.09615
49000 -1.20565
49100 -1.0756
49200 -1.0804
49300 -1.08657
49400 -1.20583
49500 -1.13776
49600 -1.23344
49700 -1.15781
49800 -1.14424
49900 -0.994703
50000 -1.01236
50100 -1.06247
50200 -1.16572
50300 -1.04482
50400 -0.974118
50500 -1.08877
50600 -1.0413
50700 -1.13617
50800 -1.24049
50900 -1.29416
51000 -1.18346
51100 -1.09882
51200 -1.19313
51300 -1.18145
51400 -1.18107
51500 -1.01047
51600 -1.17882
51700 -1.01252
51800 -1.20723
51900 -1.2917
52000 -1.13396
52100 -1.42375
52200 -1.09183
52300 -1.14786
52400 -1.05822
52500 -1.14511
52600 -1.0525
52700 -1.13774
52800 -1.06944
52900 -1.15868
53000 -1.06837
53100 -1.10995
53200 -1.0225
53300 -1.09691
53400 -1.23498
53500 -1.12958
53600 -1.17887
53700 -1.24564
53800 -1.11311
53900 -1.1806
54000 -1.31121
54100 -1.09974
54200 -1.13051
54300 -1.09894
54400 -1.23106
54500 -1.20468
54600 -1.10366
54700 -0.982125
54800 -1.23023
54900 -1.10517
55000 -1.30523
55100 -1.21143
55200 -1.27704
55300 -1.18684
55400 -1.184
55500 -1.11679
55600 -1.14398
55700 -1.16052
55800 -1.15911
55900 -1.06038
56000 -1.20041
56100 -1.15065
56200 -1.08524
56300 -1.1527
56400 -1.15491
56500 -1.18683
56600 -1.1078
56700 -1.07542
56800 -1.15632
56900 -1.05545
57000 -1.12094
57100 -1.17468
57200 -1.01874
57300 -1.07142
57400 -1.04141
57500 -1.08688
57600 -1.26628
57700 -1.16794
57800 -1.06625
57900 -1.10676
58000 -1.13107
58100 -1.13774
58200 -1.22663
58300 -1.16614
58400 -1.16647
58500 -1.07748
58600 -1.07874
58700 -1.10299
58800 -1.12085
58900 -1.17452
59000 -1.14605
59100 -1.01222
59200 -1.17699
59300 -1.21097
59400 -1.03065
59500 -0.917387
59600 -1.09988
59700 -1.07587
59800 -1.18035
59900 -1.17783
60000 -1.08045
60100 -1.09132
60200 -1.04966
60300 -1.15803
60400 -1.08904
60500 -1.14686
60600 -1.18095
60700 -1.13168
60800 -1.08852
60900 -1.20037
61000 -1.11171
61100 -1.17503
61200 -1.09741
61300 -1.19167
61400 -1.11738
61500 -1.02763
61600 -1.18884
61700 -1.00282
61800 -1.08588
61900 -1.23855
62000 -1.165
62100 -1.22282
62200 -1.16398
62300 -1.22265
62400 -0.998255
62500 -1.07665
62600 -1.18516
62700 -1.13151
62800 -0.998177
62900 -1.06659
63000 -1.14938
63100 -1.07432
63200 -1.15406
63300 -1.05784
63400 -1.12186
63500 -1.18937
63600 -0.976181
63700 -1.00256
63800 -1.15776
63900 -1.05433
64000 -1.22959
64100 -1.25061
64200 -1.12595
64300 -1.19247
64400 -1.29657
64500 -1.2865
64600 -1.14065
64700 -1.18522
64800 -1.13414
64900 -1.20069
65000 -1.08608
65100 -1.17339
65200 -1.24355
65300 -1.14185
65400 -1.03971
65500 -1.16194
65600 -1.0421
65700 -1.1122
65800 -1.01156
65900 -1.0858
66000 -1.10092
66100 -1.08792
66200 -1.19975
66300 -0.924694
66400 -1.07327
66500 -1.19017
66600 -1.09681
66700 -1.27607
66800 -1.17619
66900 -1.07186
67000 -1.16107
67100 -1.23679
67200 -1.0048
67300 -1.14899
67400 -1.14153
67500 -1.10168
67600 -1.19253
67700 -1.22709
67800 -1.21066
67900 -1.03745
68000 -1.1736
68100 -1.06017
68200 -1.09808
68300 -1.21451
68400 -1.15348
68500 -1.1232
68600 -1.10284
68700 -1.10399
68800 -1.27217
68900 -1.15633
69000 -1.2584
69100 -1.22594
69200 -1.10018
69300 -1.09216
69400 -1.11343
69500 -1.09852
69600 -1.23674
69700 -1.11375
69800 -1.21487
69900 -1.05899
70000 -1.19531
70100 -1.20774
70200 -1.08039
70300 -1.1467
70400 -1.14278
70500 -1.23871
70600 -1.1238
70700 -1.0827
70800 -1.09101
70900 -1.08578
71000 -1.02205
71100 -1.15271
71200 -1.18261
71300 -1.08201
71400 -1.08434
71500 -1.0981
71600 -1.18828
71700 -0.988776
71800 -1.05638
71900 -1.1213
72000 -1.14908
72100 -1.31338
72200 -1.16645
72300 -1.21327
72400 -1.03384
72500 -1.15543
72600 -1.08443
72700 -1.09407
72800 -1.15156
72900 -1.11906
73000 -1.22992
73100 -1.06521
73200 -1.16899
73300 -1.09807
73400 -1.18244
73500 -1.13055
73600 -1.10398
73700 -1.15762
73800 -1.21845
73900 -1.05475
74000 -1.155
74100 -1.03135
74200 -1.0628
74300 -1.1006
74400 -1.09022
74500 -1.16132
74600 -1.06283
74700 -1.12929
74800 -1.18385
74900 -1.13209
75000 -1.11589
75100 -1.16606
75200 -1.17173
75300 -1.03958
75400 -1.13599
75500 -1.01195
75600 -1.16124
75700 -1.06796
75800 -1.21197
75900 -1.22551
76000 -1.2908
76100 -1.08863
76200 -1.18209
76300 -1.11904
76400 -1.09886
76500 -1.1811
76600 -1.13635
76700 -1.26526
76800 -1.16079
76900 -1.21709
77000 -1.13205
77100 -1.14129
77200 -1.16859
77300 -1.25335
77400 -1.10261
77500 -1.03543
77600 -1.06336
77700 -1.08883
77800 -1.10036
77900 -1.27862
78000 -1.19612
78100 -1.0879
78200 -1.16222
78300 -1.12102
78400 -1.02618
78500 -1.12436
78600 -1.14891
78700 -1.14605
78800 -1.19632
78900 -1.14846
79000 -1.18361
79100 -1.2198
79200 -1.05851
79300 -1.11848
79400 -1.07137
79500 -1.16039
79600 -1.08371
79700 -1.20302
79800 -1.13658
79900 -1.00397
80000 -1.14232
80100 -1.12603
80200 -1.11731
80300 -1.04878
80400 -1.12559
80500 -1.15876
80600 -1.19189
80700 -1.13831
80800 -1.18902
80900 -1.17662
81000 -1.25011
81100 -1.22564
81200 -1.17908
81300 -1.09383
81400 -1.13372
81500 -1.14108
81600 -1.1559
81700 -1.10357
81800 -1.18668
81900 -1.24591
82000 -1.08175
82100 -1.12114
82200 -1.12981
82300 -1.09687
82400 -1.26227
82500 -1.13981
82600 -1.30111
82700 -1.13975
82800 -1.11507
82900 -1.12692
83000 -1.18407
83100 -1.18506
83200 -1.0849
83300 -1.07126
83400 -1.05779
83500 -1.11277
83600 -0.989708
83700 -1.11144
83800 -1.18216
83900 -1.23431
84000 -1.1258
84100 -1.1295
84200 -1.16783
84300 -1.01138
84400 -1.18082
84500 -1.12589
84600 -1.23608
84700 -1.14244
84800 -1.21623
84900 -1.10002
85000 -1.08331
85100 -1.1597
85200 -1.19248
85300 -1.24557
85400 -1.07275
85500 -1.13898
85600 -1.11688
85700 -1.0849
85800 -1.16014
85900 -1.1043
86000 -1.17294
86100 -1.13025
86200 -1.21943
86300 -1.15456
86400 -1.08043
86500 -1.20199
86600 -1.0951
86700 -1.13944
86800 -0.986777
86900 -1.09739
87000 -1.14192
87100 -1.15097
87200 -1.13288
87300 -1.13503
87400 -1.10674
87500 -1.11497
87600 -1.07514
87700 -1.12094
87800 -1.08554
87900 -1.06929
88000 -1.23835
88100 -1.19752
88200 -1.25325
88300 -1.02483
88400 -1.16869
88500 -1.1479
88600 -1.07375
88700 -1.15867
88800 -1.11348
88900 -1.05734
89000 -1.03558
89100 -1.14797
89200 -1.14947
89300 -1.08826
89400 -1.17982
89500 -1.1598
89600 -1.01427
89700 -1.10203
89800 -1.16218
89900 -1.06886
90000 -1.10518
90100 -1.18062
90200 -1.03935
90300 -1.19593
90400 -1.16234
90500 -1.10087
90600 -1.16724
90700 -1.0629
90800 -1.11149
90900 -1.12275
91000 -1.14365
91100 -1.00157
91200 -1.15925
91300 -1.08654
91400 -1.1398
91500 -1.01487
91600 -1.15585
91700 -1.11454
91800 -1.14545
91900 -1.15174
92000 -1.14641
92100 -1.14131
92200 -1.1342
92300 -1.04083
92400 -1.08597
92500 -1.11885
92600 -0.982054
92700 -0.878314
92800 -1.03991
92900 -1.07428
93000 -1.22258
93100 -1.14679
93200 -1.08386
93300 -1.0656
93400 -1.19828
93500 -1.17855
93600 -1.03223
93700 -1.03766
93800 -1.03377
93900 -1.03088
94000 -1.13808
94100 -1.13565
94200 -1.15259
94300 -0.976485
94400 -1.17122
94500 -1.0035
94600 -1.26869
94700 -1.16997
94800 -1.07438
94900 -1.11531
95000 -1.2502
95100 -1.01607
95200 -1.12921
95300 -1.13492
95400 -1.14177
95500 -1.10186
95600 -1.18686
95700 -1.19445
95800 -1.09155
95900 -1.21426
96000 -1.28323
96100 -1.10387
96200 -1.15924
96300 -1.29864
96400 -1.19013
96500 -1.1741
96600 -1.20475
96700 -1.07192
96800 -1.19977
96900 -1.16532
97000 -1.09526
97100 -1.01642
97200 -1.20229
97300 -1.17909
97400 -1.08432
97500 -1.14909
97600 -1.11162
97700 -1.19505
97800 -1.16739
97900 -1.24165
98000 -1.17685
98100 -1.23612
98200 -1.17623
98300 -1.08224
98400 -1.08605
98500 -1.17537
98600 -1.25192
98700 -1.09223
98800 -1.13194
98900 -1.05154
99000 -1.17123
99100 -1.1107
99200 -1.18776
99300 -1.1356
99400 -1.19434
99500 -1.14674
99600 -0.982571
99700 -1.07826
99800 -1.10666
99900 -1.06518
