0 -2.06336
100 -2.02704
200 -2.1306
300 -1.90651
400 -2.07956
500 -2.12841
600 -2.20448
700 -2.09508
800 -1.97158
900 -2.25375
1000 -2.1301
1100 -2.13824
1200 -2.03135
1300 -2.13409
1400 -2.06283
1500 -2.17595
1600 -2.06516
1700 -2.09892
1800 -2.13263
1900 -2.22166
2000 -2.1489
2100 -1.91913
2200 -2.15201
2300 -2.1237
2400 -2.12755
2500 -2.11598
2600 -2.2146
2700 -2.1769
2800 -2.13307
2900 -2.05833
3000 -1.99397
3100 -2.03341
3200 -2.1246
3300 -2.13401
3400 -2.27163
3500 -2.1119
3600 -1.79206
3700 -2.00858
3800 -1.95848
3900 -2.01173
4000 -2.01045
4100 -2.15101
4200 -1.82216
4300 -2.24212
4400 -2.09404
4500 -1.99407
4600 -2.00437
4700 -2.106
4800 -2.07868
4900 -1.97096
5000 -2.14986
5100 -2.18338
5200 -1.99562
5300 -2.08077
5400 -2.05369
5500 -2.1073
5600 -2.18848
5700 -2.10524
5800 -2.21328
5900 -2.08092
6000 -2.10066
6100 -1.94398
6200 -2.09382
6300 -2.08095
6400 -2.12363
6500 -2.13718
6600 -2.03622
6700 -2.14559
6800 -1.96453
6900 -1.95224
7000 -2.09008
7100 -2.21438
7200 -2.05088
7300 -2.03743
7400 -1.98163
7500 -2.13153
7600 -1.86003
7700 -2.00952
7800 -2.16888
7900 -2.00871
8000 -2.14711
8100 -2.20046
8200 -2.08464
8300 -2.02917
8400 -2.16952
8500 -2.10797
8600 -2.20112
8700 -2.13959
8800 -2.06516
8900 -2.06794
9000 -2.14883
9100 -2.07778
9200 -2.11079
9300 -2.08056
9400 -2.07073
9500 -2.04193
9600 -2.17554
9700 -2.03991
9800 -2.12122
9900 -2.18929
10000 -2.13406
10100 -2.23973
10200 -1.90878
10300 -1.93761
10400 -2.01389
10500 -2.19767
10600 -2.16649
10700 -1.83496
10800 -2.04543
10900 -2.13895
11000 -1.93166
11100 -2.20894
11200 -2.11573
11300 -2.01098
11400 -2.10329
11500 -1.97152
11600 -2.20882
11700 -2.04281
11800 -2.08026
11900 -2.19193
12000 -2.2212
12100 -1.94098
12200 -2.17723
12300 -2.08615
12400 -1.89318
12500 -2.13104
12600 -2.04002
12700 -1.99977
12800 -2.22115
12900 -1.8535
13000 -1.94797
13100 -2.00189
13200 -1.98194
13300 -2.1208
13400 -2.06455
13500 -1.94532
13600 -2.16742
13700 -2.04966
13800 -2.08817
13900 -1.88569
14000 -2.12687
14100 -2.06993
14200 -2.12195
14300 -2.04593
14400 -2.18167
14500 -2.0609
14600 -1.87406
14700 -2.0769
14800 -1.97451
14900 -2.15244
15000 -2.08056
15100 -2.10185
15200 -2.07533
15300 -2.09764
15400 -2.01771
15500 -2.0517
15600 -2.03183
15700 -2.08188
15800 -2.26231
15900 -1.94793
16000 -2.20812
16100 -1.98137
16200 -2.12433
16300 -2.0605
16400 -2.14763
16500 -2.20504
16600 -1.98723
16700 -2.02205
16800 -2.1747
16900 -1.85746
17000 -2.1787
17100 -2.24638
17200 -2.26726
17300 -1.91108
17400 -2.13508
17500 -2.08713
17600 -2.13366
17700 -1.88854
17800 -1.90768
17900 -2.03227
18000 -2.03158
18100 -2.05334
18200 -1.97562
18300 -2.21344
18400 -2.1531
18500 -2.02573
18600 -2.01032
18700 -2.27915
18800 -2.10259
18900 -2.1376
19000 -2.09803
19100 -2.02712
19200 -1.99175
19300 -2.03518
19400 -2.20172
19500 -1.96254
19600 -2.07263
19700 -2.16651
19800 -2.22974
19900 -2.04677
20000 -2.09025
20100 -2.00419
20200 -1.89742
20300 -2.06977
20400 -1.91515
20500 -2.12618
20600 -2.11969
20700 -2.1849
20800 -2.19465
20900 -1.98917
21000 -1.96434
21100 -2.23987
21200 -1.91418
21300 -2.17094
21400 -2.25218
21500 -2.09761
21600 -2.10669
21700 -2.03984
21800 -2.13738
21900 -1.94202
22000 -2.15189
22100 -2.1604
22200 -2.13937
22300 -2.10034
22400 -2.14261
22500 -1.93098
22600 -2.1167
22700 -2.1715
22800 -2.00545
22900 -2.11687
23000 -2.09982
23100 -2.06649
23200 -2.1306
23300 -2.07843
23400 -2.13363
23500 -1.93245
23600 -2.10681
23700 -1.9739
23800 -2.05506
23900 -2.12081
24000 -2.03057
24100 -2.11765
24200 -2.17799
24300 -1.87524
24400 -2.19562
24500 -1.93454
24600 -2.10633
24700 -1.97714
24800 -2.134
24900 -2.09438
25000 -2.09218
25100 -1.86696
25200 -2.0588
25300 -1.8647
25400 -2.04081
25500 -2.10004
25600 -2.30242
25700 -2.18438
25800 -2.18098
25900 -2.2454
26000 -2.07415
26100 -2.16025
26200 -2.03644
26300 -2.15418
26400 -2.06667
26500 -2.05797
26600 -2.14096
26700 -2.15401
26800 -2.16617
26900 -2.04673
27000 -1.95562
27100 -2.0332
27200 -2.01558
27300 -2.04321
27400 -2.21056
27500 -2.03443
27600 -2.09364
27700 -2.03385
27800 -1.96858
27900 -2.10872
28000 -2.16834
28100 -2.07393
28200 -2.04702
28300 -2.33146
28400 -2.03337
28500 -2.12845
28600 -2.12459
28700 -1.84281
28800 -1.99282
28900 -2.09644
29000 -2.05001
29100 -2.22373
29200 -2.17482
29300 -2.08694
29400 -2.00019
29500 -2.09936
29600 -2.06212
29700 -2.22405
29800 -2.27097
29900 -2.25573
30000 -2.06874
30100 -2.02422
30200 -2.11497
30300 -2.1805
30400 -2.10157
30500 -2.19338
30600 -2.01116
30700 -1.7779
30800 -2.20951
30900 -2.22172
31000 -2.00442
31100 -2.14089
31200 -2.18933
31300 -2.11413
31400 -2.2042
31500 -1.97695
31600 -1.97415
31700 -2.0513
31800 -2.14067
31900 -2.12167
32000 -2.09622
32100 -2.08231
32200 -2.20959
32300 -2.02095
32400 -2.29821
32500 -2.15146
32600 -1.86365
32700 -2.23057
32800 -2.17583
32900 -2.29389
33000 -2.05514
33100 -1.87096
33200 -2.09399
33300 -2.11792
33400 -2.23286
33500 -2.13349
33600 -2.13213
33700 -2.1261
33800 -1.91571
33900 -2.04991
34000 -2.01027
34100 -2.18318
34200 -2.12222
34300 -2.17813
34400 -2.01492
34500 -2.02884
34600 -2.22153
34700 -2.07913
34800 -2.11323
34900 -2.08113
35000 -2.00621
35100 -2.15263
35200 -2.13288
35300 -2.03066
35400 -2.03968
35500 -2.10829
35600 -1.84656
35700 -2.09558
35800 -2.18283
35900 -2.07964
36000 -1.88067
36100 -2.0835
36200 -2.03038
36300 -2.08196
36400 -2.15056
36500 -2.17015
36600 -1.8532
36700 -1.96565
36800 -2.04071
36900 -2.16383
37000 -2.17234
37100 -1.82769
37200 -1.95417
37300 -2.00538
37400 -2.10098
37500 -2.19954
37600 -2.10091
37700 -1.99324
37800 -1.92718
37900 -2.1008
38000 -2.10782
38100 -2.05893
38200 -2.12767
38300 -2.19384
38400 -1.99284
38500 -2.19242
38600 -2.1379
38700 -2.20982
38800 -2.23854
38900 -2.09751
39000 -2.20852
39100 -2.17218
39200 -2.08751
39300 -2.04074
39400 -1.94121
39500 -2.20422
39600 -2.113
39700 -2.08374
39800 -2.13002
39900 -2.19222
40000 -2.12083
40100 -2.12852
40200 -2.17314
40300 -2.06792
40400 -2.22753
40500 -2.12102
40600 -2.277
40700 -2.05352
40800 -1.8704
40900 -2.17323
41000 -2.05468
41100 -2.12555
41200 -2.15927
41300 -2.06183
41400 -2.21707
41500 -2.09934
41600 -1.9891
41700 -2.0703
41800 -2.05001
41900 -2.19786
42000 -2.04447
42100 -1.97664
42200 -2.10128
42300 -2.15041
42400 -2.22464
42500 -2.12848
42600 -1.78524
42700 -1.87256
42800 -1.962
42900 -2.02823
43000 -2.06548
43100 -2.12331
43200 -2.15503
43300 -2.00645
43400 -2.09499
43500 -2.13769
43600 -2.05118
43700 -2.02432
43800 -2.00175
43900 -2.17869
44000 -1.92249
44100 -2.13591
44200 -2.09482
44300 -2.25284
44400 -1.8976
44500 -2.19516
44600 -2.09736
44700 -2.11366
44800 -2.05347
44900 -2.11332
45000 -2.15229
45100 -2.06125
45200 -2.02762
45300 -2.17725
45400 -2.15921
45500 -2.07651
45600 -1.91083
45700 -2.046
45800 -2.162
45900 -2.2327
46000 -2.08164
46100 -2.03384
46200 -2.04717
46300 -2.13559
46400 -2.16662
46500 -2.05905
46600 -2.1367
46700 -2.13863
46800 -2.1108
46900 -2.19674
47000 -2.23205
47100 -2.13833
47200 -2.15527
47300 -2.10573
47400 -2.00204
47500 -2.01976
47600 -2.0116
47700 -1.93546
47800 -2.0223
47900 -2.072
48000 -2.17538
48100 -2.06446
48200 -2.08405
48300 -2.2149
48400 -2.03265
48500 -2.03518
48600 -1.97781
48700 -2.18434
48800 -2.18511
48900 -2.04814
49000 -2.09225
49100 -1.92281
49200 -2.11932
49300 -1.99675
49400 -2.04745
49500 -2.09038
49600 -2.06659
49700 -2.08778
49800 -2.11478
49900 -2.09843
50000 -2.13421
50100 -2.00771
50200 -2.12036
50300 -2.02477
50400 -2.05339
50500 -2.12418
50600 -2.10258
50700 -2.08944
50800 -2.30294
50900 -2.13503
51000 -2.07771
51100 -2.12436
51200 -2.03852
51300 -2.0736
51400 -2.13902
51500 -2.06392
51600 -2.08982
51700 -1.78718
51800 -2.14886
51900 -2.20199
52000 -1.83044
52100 -2.23805
52200 -2.10885
52300 -2.19731
52400 -2.02683
52500 -2.16164
52600 -2.06946
52700 -2.22903
52800 -2.09965
52900 -2.06305
53000 -2.00344
53100 -1.96809
53200 -2.13191
53300 -2.22716
53400 -2.16889
53500 -2.15033
53600 -2.26307
53700 -2.24698
53800 -2.10117
53900 -2.23505
54000 -2.08038
54100 -1.97217
54200 -1.97077
54300 -2.15141
54400 -2.10247
54500 -2.07349
54600 -1.99943
54700 -1.98423
54800 -1.9002
54900 -2.1691
55000 -2.109
55100 -1.92617
55200 -2.15148
55300 -1.96132
55400 -2.09762
55500 -2.0823
55600 -2.12783
55700 -2.06959
55800 -2.13317
55900 -2.12839
56000 -2.21797
56100 -2.16863
56200 -2.11024
56300 -2.11683
56400 -2.1121
56500 -2.01758
56600 -2.02291
56700 -1.96102
56800 -2.17842
56900 -1.99748
57000 -2.06981
57100 -2.09648
57200 -2.0963
57300 -2.23679
57400 -2.00141
57500 -2.04021
57600 -2.24368
57700 -2.11092
57800 -2.12846
57900 -2.14077
58000 -2.326
58100 -1.98411
58200 -2.06441
58300 -2.07832
58400 -1.97322
58500 -2.21623
58600 -2.02992
58700 -2.14243
58800 -2.11332
58900 -2.09952
59000 -2.18554
59100 -1.9993
59200 -2.14031
59300 -2.30046
59400 -2.19319
59500 -2.11379
59600 -2.10757
59700 -1.9642
59800 -2.01372
59900 -2.06833
60000 -2.1265
60100 -1.89955
60200 -2.09679
60300 -2.07298
60400 -2.14874
60500 -2.12339
60600 -2.17414
60700 -2.23034
60800 -2.07039
60900 -2.03124
61000 -1.99283
61100 -2.18391
61200 -2.06071
61300 -2.11475
61400 -1.99419
61500 -2.06373
61600 -2.14036
61700 -2.00269
61800 -2.00834
61900 -2.07278
62000 -2.14179
62100 -2.07084
62200 -2.21055
62300 -2.08171
62400 -2.09174
62500 -2.16656
62600 -2.16633
62700 -2.18966
62800 -2.05755
62900 -2.04126
63000 -2.13728
63100 -2.1116
63200 -1.93375
63300 -2.05836
63400 -2.0712
63500 -2.08149
63600 -1.98684
63700 -2.10049
63800 -2.13475
63900 -1.89219
64000 -2.15478
64100 -2.1581
64200 -2.16928
64300 -2.06963
64400 -1.96605
64500 -2.09997
64600 -2.07693
64700 -2.12469
64800 -2.10769
64900 -2.13806
65000 -2.14956
65100 -2.08048
65200 -1.8624
65300 -2.11962
65400 -2.06018
65500 -2.19111
65600 -2.2015
65700 -2.03239
65800 -2.12175
65900 -2.0823
66000 -1.9737
66100 -2.16781
66200 -2.05859
66300 -2.18196
66400 -2.17758
66500 -2.08463
66600 -1.77519
66700 -2.07463
66800 -2.21215
66900 -1.99967
67000 -2.17722
67100 -2.16166
67200 -2.09057
67300 -2.13972
67400 -2.00791
67500 -1.92491
67600 -2.09921
67700 -2.18254
67800 -2.18918
67900 -2.07024
68000 -2.04082
68100 -2.22816
68200 -1.98697
68300 -2.05141
68400 -2.19363
68500 -2.16085
68600 -2.19094
68700 -2.05856
68800 -1.96809
68900 -1.90054
69000 -2.11833
69100 -2.25455
69200 -2.25316
69300 -2.04534
69400 -2.11184
69500 -2.13744
69600 -2.26161
69700 -2.11072
69800 -2.10798
69900 -2.11686
70000 -2.10229
70100 -2.13149
70200 -2.06957
70300 -1.93652
70400 -2.1474
70500 -2.21016
70600 -1.97794
70700 -2.02475
70800 -1.9551
70900 -2.16856
71000 -2.07955
71100 -2.06119
71200 -2.23678
71300 -2.09181
71400 -2.17128
71500 -2.13276
71600 -2.09813
71700 -2.05151
71800 -2.10697
71900 -2.02456
72000 -1.95745
72100 -2.04385
72200 -2.07499
72300 -1.91201
72400 -2.07501
72500 -2.16402
72600 -2.01141
72700 -2.11665
72800 -2.17642
72900 -2.18551
73000 -2.1128
73100 -1.96364
73200 -2.09693
73300 -2.06017
73400 -2.06602
73500 -1.99907
73600 -2.04829
73700 -2.00049
73800 -2.14038
73900 -2.09502
74000 -2.28028
74100 -1.92705
74200 -2.09182
74300 -2.05415
74400 -2.07218
74500 -2.17491
74600 -2.05926
74700 -2.07951
74800 -2.21142
74900 -2.181
75000 -2.10233
75100 -2.1233
75200 -2.09335
75300 -2.14131
75400 -1.84045
75500 -2.00249
75600 -2.04531
75700 -2.1443
75800 -2.20621
75900 -2.106
76000 -2.04499
76100 -2.00934
76200 -2.08507
76300 -2.22065
76400 -2.2552
76500 -2.09725
76600 -2.21571
76700 -2.12079
76800 -2.07755
76900 -2.13489
77000 -2.14864
77100 -2.15503
77200 -2.22217
77300 -2.17135
77400 -2.00794
77500 -2.0635
77600 -2.07472
77700 -2.03789
77800 -2.10702
77900 -2.0161
78000 -2.07398
78100 -2.0115
78200 -2.05811
78300 -1.97017
78400 -1.94314
78500 -2.03745
78600 -1.96035
78700 -2.00328
78800 -2.1479
78900 -2.12296
79000 -2.15368
79100 -2.20662
79200 -2.10405
79300 -2.15429
79400 -2.22763
79500 -2.12369
79600 -2.13181
79700 -2.20204
79800 -2.06367
79900 -2.09642
80000 -2.0091
80100 -1.9764
80200 -2.05253
80300 -2.06683
80400 -2.13296
80500 -2.2488
80600 -2.03006
80700 -2.15097
80800 -2.05086
80900 -2.06697
81000 -1.82606
81100 -2.14899
81200 -2.05714
81300 -2.15764
81400 -2.20555
81500 -2.04126
81600 -2.01074
81700 -2.00271
81800 -2.04863
81900 -1.93817
82000 -2.12065
82100 -2.18921
82200 -2.1686
82300 -2.07026
82400 -2.05684
82500 -1.95449
82600 -2.14488
82700 -1.91403
82800 -2.26166
82900 -2.04353
83000 -1.96586
83100 -1.91807
83200 -2.14265
83300 -2.1355
83400 -2.15774
83500 -2.01003
83600 -2.20952
83700 -1.92057
83800 -2.22262
83900 -2.02513
84000 -2.12022
84100 -1.99772
84200 -1.94992
84300 -2.27397
84400 -2.1199
84500 -1.95793
84600 -1.89349
84700 -2.16617
84800 -2.17214
84900 -2.01315
85000 -2.28469
85100 -2.04728
85200 -2.11706
85300 -2.08061
85400 -1.86055
85500 -2.0321
85600 -1.94736
85700 -1.96777
85800 -2.18245
85900 -2.03786
86000 -2.07156
86100 -1.9545
86200 -2.06667
86300 -1.9779
86400 -2.19066
86500 -2.16598
86600 -2.11682
86700 -2.01269
86800 -1.99939
86900 -1.88579
87000 -2.17969
87100 -2.22032
87200 -2.11909
87300 -2.05931
87400 -1.9995
87500 -2.05312
87600 -2.25594
87700 -2.14429
87800 -2.05518
87900 -2.00743
88000 -2.07409
88100 -2.02133
88200 -2.00434
88300 -2.21489
88400 -2.07335
88500 -2.11793
88600 -2.16228
88700 -2.11701
88800 -2.1154
88900 -2.18647
89000 -2.06357
89100 -2.01374
89200 -2.0899
89300 -2.10476
89400 -2.07036
89500 -2.0893
89600 -2.01843
89700 -2.08232
89800 -2.08482
89900 -2.16491
90000 -2.07194
90100 -2.12085
90200 -2.06948
90300 -2.19677
90400 -2.04903
90500 -2.23496
90600 -2.08436
90700 -2.07028
90800 -2.03316
90900 -2.13676
91000 -2.16004
91100 -2.03252
91200 -2.01688
91300 -2.03599
91400 -2.1809
91500 -2.25782
91600 -1.95687
91700 -2.10306
91800 -2.03736
91900 -2.0573
92000 -2.13674
92100 -1.98694
92200 -1.94629
92300 -2.12294
92400 -2.01209
92500 -1.98211
92600 -2.24007
92700 -2.24698
92800 -2.19631
92900 -1.94836
93000 -2.05813
93100 -2.08528
93200 -2.09989
93300 -2.23899
93400 -2.02965
93500 -2.1273
93600 -2.04783
93700 -1.96884
93800 -2.02424
93900 -1.92309
94000 -2.06978
94100 -2.16519
94200 -2.13861
94300 -2.15535
94400 -2.14714
94500 -2.25007
94600 -2.0503
94700 -1.92437
94800 -2.25055
94900 -2.15041
95000 -2.16779
95100 -2.12103
95200 -1.91279
95300 -2.16286
95400 -2.13368
95500 -2.15161
95600 -1.92792
95700 -1.99622
95800 -2.05648
95900 -1.92493
96000 -2.0756
96100 -2.11884
96200 -2.10565
96300 -2.036
96400 -2.02211
96500 -1.96792
96600 -2.12291
96700 -2.30766
96800 -2.13202
96900 -2.14616
97000 -2.20655
97100 -2.22229
97200 -2.06854
97300 -2.0916
97400 -2.30273
97500 -2.07713
97600 -2.08306
97700 -2.11093
97800 -1.96478
97900 -2.22531
98000 -2.10864
98100 -2.17341
98200 -2.06161
98300 -2.15495
98400 -2.043
98500 -2.20368
98600 -2.18514
98700 -2.10757
98800 -2.19972
98900 -2.01454
99000 -2.16542
99100 -1.9931
99200 -2.18129
99300 -2.01459
99400 -2.17183
99500 -1.9526
99600 -2.0529
99700 -2.05695
99800 -2.27903
99900 -2.08586
