0 -1.54983
100 -1.66831
200 -1.71296
300 -1.66157
400 -1.62917
500 -1.55853
600 -1.65547
700 -1.69308
800 -1.65831
900 -1.54859
1000 -1.54619
1100 -1.66886
1200 -1.67435
1300 -1.50328
1400 -1.64864
1500 -1.5437
1600 -1.53552
1700 -1.64232
1800 -1.58613
1900 -1.60841
2000 -1.71581
2100 -1.70068
2200 -1.65227
2300 -1.70884
2400 -1.64684
2500 -1.60626
2600 -1.63617
2700 -1.55053
2800 -1.54496
2900 -1.63749
3000 -1.63017
3100 -1.63702
3200 -1.6614
3300 -1.66597
3400 -1.52655
3500 -1.70593
3600 -1.65687
3700 -1.60865
3800 -1.73704
3900 -1.71254
4000 -1.64434
4100 -1.60544
4200 -1.63232
4300 -1.72249
4400 -1.62279
4500 -1.67296
4600 -1.66636
4700 -1.77225
4800 -1.49359
4900 -1.59822
5000 -1.66643
5100 -1.58642
5200 -1.71141
5300 -1.71825
5400 -1.67345
5500 -1.76673
5600 -1.67415
5700 -1.64456
5800 -1.60189
5900 -1.64605
6000 -1.6201
6100 -1.68197
6200 -1.7304
6300 -1.65368
6400 -1.62813
6500 -1.68443
6600 -1.58423
6700 -1.75646
6800 -1.61451
6900 -1.65769
7000 -1.63691
7100 -1.66644
7200 -1.65251
7300 -1.65203
7400 -1.65326
7500 -1.6448
7600 -1.71993
7700 -1.55472
7800 -1.70191
7900 -1.70227
8000 -1.5346
8100 -1.51006
8200 -1.65959
8300 -1.5632
8400 -1.58556
8500 -1.64022
8600 -1.54309
8700 -1.52734
8800 -1.65271
8900 -1.74393
9000 -1.70316
9100 -1.62121
9200 -1.64683
9300 -1.57428
9400 -1.65358
9500 -1.61288
9600 -1.62068
9700 -1.65916
9800 -1.68453
9900 -1.64718
10000 -1.75417
10100 -1.63851
10200 -1.6822
10300 -1.64667
10400 -1.67938
10500 -1.69578
10600 -1.74109
10700 -1.56801
10800 -1.527
10900 -1.69665
11000 -1.5911
11100 -1.58509
11200 -1.60812
11300 -1.65475
11400 -1.68327
11500 -1.60495
11600 -1.64983
11700 -1.67307
11800 -1.74131
11900 -1.65532
12000 -1.70798
12100 -1.65044
12200 -1.65902
12300 -1.60292
12400 -1.60776
12500 -1.69021
12600 -1.63012
12700 -1.48817
12800 -1.67638
12900 -1.5563
13000 -1.61377
13100 -1.72128
13200 -1.56907
13300 -1.74178
13400 -1.66806
13500 -1.6383
13600 -1.59249
13700 -1.67253
13800 -1.62773
13900 -1.55051
14000 -1.74659
14100 -1.63643
14200 -1.69316
14300 -1.64718
14400 -1.53515
14500 -1.51265
14600 -1.66814
14700 -1.58907
14800 -1.65213
14900 -1.62358
15000 -1.63459
15100 -1.64896
15200 -1.68543
15300 -1.61436
15400 -1.65312
15500 -1.65203
15600 -1.70944
15700 -1.63126
15800 -1.66115
15900 -1.6736
16000 -1.64611
16100 -1.59619
16200 -1.77038
16300 -1.60526
16400 -1.67693
16500 -1.67936
16600 -1.55736
16700 -1.6196
16800 -1.52754
16900 -1.66649
17000 -1.70083
17100 -1.64835
17200 -1.54603
17300 -1.53817
17400 -1.60538
17500 -1.71568
17600 -1.62066
17700 -1.66954
17800 -1.72184
17900 -1.57194
18000 -1.60902
18100 -1.73448
18200 -1.57347
18300 -1.68798
18400 -1.57902
18500 -1.62285
18600 -1.65805
18700 -1.50639
18800 -1.64285
18900 -1.66064
19000 -1.64871
19100 -1.73131
19200 -1.55518
19300 -1.60041
19400 -1.60704
19500 -1.61456
19600 -1.75669
19700 -1.65211
19800 -1.67657
19900 -1.70675
20000 -1.6609
20100 -1.71386
20200 -1.64373
20300 -1.73766
20400 -1.68223
20500 -1.63496
20600 -1.68898
20700 -1.72128
20800 -1.67268
20900 -1.63159
21000 -1.65964
21100 -1.67995
21200 -1.71707
21300 -1.47623
21400 -1.54871
21500 -1.52775
21600 -1.58165
21700 -1.59022
21800 -1.66489
21900 -1.57065
22000 -1.62866
22100 -1.64978
22200 -1.61847
22300 -1.57959
22400 -1.65034
22500 -1.78431
22600 -1.65045
22700 -1.7147
22800 -1.6244
22900 -1.69287
23000 -1.64072
23100 -1.55398
23200 -1.63434
23300 -1.56086
23400 -1.58756
23500 -1.5303
23600 -1.75529
23700 -1.59168
23800 -1.60507
23900 -1.64702
24000 -1.55049
24100 -1.54851
24200 -1.71937
24300 -1.80571
24400 -1.64446
24500 -1.7185
24600 -1.71682
24700 -1.66662
24800 -1.57977
24900 -1.60153
25000 -1.60692
25100 -1.60414
25200 -1.6034
25300 -1.65911
25400 -1.69207
25500 -1.70177
25600 -1.62493
25700 -1.62337
25800 -1.6789
25900 -1.6654
26000 -1.60636
26100 -1.75568
26200 -1.82175
26300 -1.49638
26400 -1.68868
26500 -1.65957
26600 -1.70373
26700 -1.57574
26800 -1.63299
26900 -1.67408
27000 -1.70979
27100 -1.63044
27200 -1.61162
27300 -1.65594
27400 -1.58398
27500 -1.57233
27600 -1.77104
27700 -1.61405
27800 -1.62622
27900 -1.54601
28000 -1.56603
28100 -1.61383
28200 -1.62776
28300 -1.61494
28400 -1.58436
28500 -1.65765
28600 -1.69
28700 -1.73278
28800 -1.60674
28900 -1.64703
29000 -1.5794
29100 -1.54911
29200 -1.63237
29300 -1.71742
29400 -1.74685
29500 -1.73191
29600 -1.60575
29700 -1.55389
29800 -1.64541
29900 -1.74311
30000 -1.61059
30100 -1.64404
30200 -1.65745
30300 -1.60077
30400 -1.74768
30500 -1.6616
30600 -1.64035
30700 -1.65158
30800 -1.70436
30900 -1.65392
31000 -1.79274
31100 -1.6244
31200 -1.57477
31300 -1.64829
31400 -1.64631
31500 -1.68577
31600 -1.66702
31700 -1.62847
31800 -1.64483
31900 -1.59792
32000 -1.69882
32100 -1.523
32200 -1.69526
32300 -1.61623
32400 -1.54349
32500 -1.50782
32600 -1.65766
32700 -1.65037
32800 -1.52555
32900 -1.53343
33000 -1.68316
33100 -1.63858
33200 -1.57841
33300 -1.64104
33400 -1.7139
33500 -1.69769
33600 -1.57958
33700 -1.63783
33800 -1.65403
33900 -1.58249
34000 -1.62187
34100 -1.61528
34200 -1.48779
34300 -1.62387
34400 -1.64981
34500 -1.56651
34600 -1.65156
34700 -1.67328
34800 -1.64105
34900 -1.78733
35000 -1.56732
35100 -1.5909
35200 -1.72827
35300 -1.62266
35400 -1.65646
35500 -1.70308
35600 -1.55153
35700 -1.71325
35800 -1.73091
35900 -1.61799
36000 -1.62635
36100 -1.54894
36200 -1.58042
36300 -1.65945
36400 -1.5818
36500 -1.65476
36600 -1.5735
36700 -1.71692
36800 -1.6942
36900 -1.66358
37000 -1.62244
37100 -1.67351
37200 -1.60832
37300 -1.6186
37400 -1.62668
37500 -1.62019
37600 -1.71213
37700 -1.63483
37800 -1.59636
37900 -1.51423
38000 -1.75917
38100 -1.548
38200 -1.58562
38300 -1.65307
38400 -1.68725
38500 -1.62577
38600 -1.74089
38700 -1.59693
38800 -1.59981
38900 -1.53495
39000 -1.496
39100 -1.63558
39200 -1.55327
39300 -1.70267
39400 -1.70714
39500 -1.59206
39600 -1.56518
39700 -1.64889
39800 -1.6595
39900 -1.61097
40000 -1.55563
40100 -1.61842
40200 -1.59939
40300 -1.7015
40400 -1.64029
40500 -1.62899
40600 -1.55314
40700 -1.44454
40800 -1.68487
40900 -1.64377
41000 -1.57011
41100 -1.64831
41200 -1.60876
41300 -1.55931
41400 -1.63143
41500 -1.73603
41600 -1.55577
41700 -1.63492
41800 -1.79533
41900 -1.66211
42000 -1.59665
42100 -1.65547
42200 -1.68183
42300 -1.5689
42400 -1.6065
42500 -1.63096
42600 -1.73397
42700 -1.5152
42800 -1.68095
42900 -1.66542
43000 -1.73534
43100 -1.62184
43200 -1.67113
43300 -1.63797
43400 -1.69708
43500 -1.57375
43600 -1.66454
43700 -1.64617
43800 -1.69619
43900 -1.55784
44000 -1.62151
44100 -1.63296
44200 -1.65727
44300 -1.50707
44400 -1.53995
44500 -1.63579
44600 -1.69121
44700 -1.64417
44800 -1.64052
44900 -1.62022
45000 -1.5719
45100 -1.58979
45200 -1.71769
45300 -1.69692
45400 -1.567
45500 -1.58091
45600 -1.69801
45700 -1.66561
45800 -1.6624
45900 -1.63704
46000 -1.70025
46100 -1.62484
46200 -1.62039
46300 -1.6489
46400 -1.5155
46500 -1.54734
46600 -1.73971
46700 -1.59593
46800 -1.6091
46900 -1.64041
47000 -1.51777
47100 -1.51137
47200 -1.57715
47300 -1.55397
47400 -1.66103
47500 -1.70718
47600 -1.70024
47700 -1.64641
47800 -1.63645
47900 -1.68427
48000 -1.58434
48100 -1.59804
48200 -1.73617
48300 -1.78383
48400 -1.54145
48500 -1.73026
48600 -1.58409
48700 -1.75706
48800 -1.66729
48900 -1.58987
49000 -1.66037
49100 -1.6549
49200 -1.63538
49300 -1.68809
49400 -1.61135
49500 -1.61731
49600 -1.53878
49700 -1.67329
49800 -1.65801
49900 -1.71857
50000 -1.62333
50100 -1.67134
50200 -1.65196
50300 -1.74294
50400 -1.62558
50500 -1.59159
50600 -1.64511
50700 -1.41833
50800 -1.74405
50900 -1.62613
51000 -1.65681
51100 -1.6754
51200 -1.59
51300 -1.59455
51400 -1.44744
51500 -1.59065
51600 -1.67866
51700 -1.66729
51800 -1.62975
51900 -1.6377
52000 -1.59413
52100 -1.64766
52200 -1.59011
52300 -1.64744
52400 -1.50512
52500 -1.55798
52600 -1.65709
52700 -1.44787
52800 -1.64971
52900 -1.67544
53000 -1.66084
53100 -1.61276
53200 -1.67276
53300 -1.61229
53400 -1.61839
53500 -1.51804
53600 -1.66206
53700 -1.56552
53800 -1.61787
53900 -1.64403
54000 -1.61683
54100 -1.62905
54200 -1.77514
54300 -1.61893
54400 -1.70304
54500 -1.71981
54600 -1.66128
54700 -1.62839
54800 -1.67419
54900 -1.67726
55000 -1.63408
55100 -1.64989
55200 -1.64766
55300 -1.61835
55400 -1.65091
55500 -1.58019
55600 -1.68879
55700 -1.6632
55800 -1.71433
55900 -1.62937
56000 -1.5765
56100 -1.68985
56200 -1.76678
56300 -1.50873
56400 -1.55608
56500 -1.70946
56600 -1.69053
56700 -1.72976
56800 -1.70008
56900 -1.55342
57000 -1.55541
57100 -1.74187
57200 -1.56904
57300 -1.66675
57400 -1.66443
57500 -1.61095
57600 -1.62384
57700 -1.61319
57800 -1.59633
57900 -1.65181
58000 -1.57805
58100 -1.70921
58200 -1.6446
58300 -1.61931
58400 -1.6093
58500 -1.69204
58600 -1.73721
58700 -1.61561
58800 -1.66598
58900 -1.65535
59000 -1.63833
59100 -1.64693
59200 -1.59029
59300 -1.61586
59400 -1.68442
59500 -1.67314
59600 -1.62662
59700 -1.58472
59800 -1.55121
59900 -1.62915
60000 -1.67578
60100 -1.63964
60200 -1.61243
60300 -1.75686
60400 -1.61454
60500 -1.62571
60600 -1.66937
60700 -1.58108
60800 -1.57783
60900 -1.5666
61000 -1.59182
61100 -1.6422
61200 -1.60552
61300 -1.78991
61400 -1.59292
61500 -1.6152
61600 -1.65149
61700 -1.5791
61800 -1.65545
61900 -1.64516
62000 -1.40103
62100 -1.64607
62200 -1.55267
62300 -1.5828
62400 -1.60434
62500 -1.66041
62600 -1.64904
62700 -1.57414
62800 -1.57669
62900 -1.59175
63000 -1.66265
63100 -1.63615
63200 -1.70639
63300 -1.70394
63400 -1.61791
63500 -1.6582
63600 -1.59478
63700 -1.56505
63800 -1.62231
63900 -1.5554
64000 -1.62563
64100 -1.70546
64200 -1.6374
64300 -1.57051
64400 -1.74901
64500 -1.51794
64600 -1.65899
64700 -1.61083
64800 -1.58937
64900 -1.5319
65000 -1.64398
65100 -1.5376
65200 -1.69202
65300 -1.62551
65400 -1.62859
65500 -1.75941
65600 -1.61694
65700 -1.64095
65800 -1.68079
65900 -1.69708
66000 -1.64857
66100 -1.64735
66200 -1.69059
66300 -1.53427
66400 -1.53731
66500 -1.58781
66600 -1.63653
66700 -1.74086
66800 -1.67959
66900 -1.71876
67000 -1.56168
67100 -1.57815
67200 -1.65769
67300 -1.63194
67400 -1.62848
67500 -1.54315
67600 -1.64855
67700 -1.64473
67800 -1.63631
67900 -1.71773
68000 -1.68535
68100 -1.59617
68200 -1.57152
68300 -1.75916
68400 -1.57687
68500 -1.62461
68600 -1.55476
68700 -1.5909
68800 -1.52958
68900 -1.73851
69000 -1.65585
69100 -1.63201
69200 -1.65468
69300 -1.65317
69400 -1.68643
69500 -1.73629
69600 -1.64017
69700 -1.5858
69800 -1.51909
69900 -1.55355
70000 -1.57621
70100 -1.63311
70200 -1.58062
70300 -1.52747
70400 -1.61263
70500 -1.54987
70600 -1.70486
70700 -1.69022
70800 -1.62078
70900 -1.58346
71000 -1.68093
71100 -1.71116
71200 -1.58605
71300 -1.63637
71400 -1.60492
71500 -1.60869
71600 -1.59575
71700 -1.69881
71800 -1.62061
71900 -1.64136
72000 -1.67995
72100 -1.52965
72200 -1.63604
72300 -1.69621
72400 -1.64926
72500 -1.59174
72600 -1.60049
72700 -1.72818
72800 -1.70475
72900 -1.61648
73000 -1.64365
73100 -1.56797
73200 -1.65793
73300 -1.63372
73400 -1.6874
73500 -1.67916
73600 -1.64645
73700 -1.53981
73800 -1.58516
73900 -1.61768
74000 -1.69946
74100 -1.61242
74200 -1.55127
74300 -1.5815
74400 -1.6259
74500 -1.66079
74600 -1.71693
74700 -1.68682
74800 -1.73683
74900 -1.61152
75000 -1.64347
75100 -1.65216
75200 -1.61431
75300 -1.66159
75400 -1.59907
75500 -1.62374
75600 -1.75574
75700 -1.69414
75800 -1.5969
75900 -1.51885
76000 -1.57376
76100 -1.57163
76200 -1.5633
76300 -1.76831
76400 -1.73866
76500 -1.60747
76600 -1.70691
76700 -1.63895
76800 -1.67383
76900 -1.68574
77000 -1.51752
77100 -1.62274
77200 -1.6043
77300 -1.61752
77400 -1.73308
77500 -1.63136
77600 -1.63592
77700 -1.60094
77800 -1.71502
77900 -1.61443
78000 -1.59338
78100 -1.57694
78200 -1.60397
78300 -1.6418
78400 -1.62685
78500 -1.67828
78600 -1.69488
78700 -1.71259
78800 -1.54521
78900 -1.65779
79000 -1.74287
79100 -1.55919
79200 -1.63096
79300 -1.55381
79400 -1.69325
79500 -1.49227
79600 -1.60765
79700 -1.66816
79800 -1.64942
79900 -1.57797
80000 -1.68669
80100 -1.69128
80200 -1.72098
80300 -1.56024
80400 -1.60496
80500 -1.70369
80600 -1.58215
80700 -1.57874
80800 -1.64163
80900 -1.7157
81000 -1.74216
81100 -1.55008
81200 -1.65412
81300 -1.63701
81400 -1.54319
81500 -1.64298
81600 -1.59126
81700 -1.65055
81800 -1.6443
81900 -1.56137
82000 -1.67539
82100 -1.66291
82200 -1.706
82300 -1.69277
82400 -1.63358
82500 -1.62423
82600 -1.6534
82700 -1.67547
82800 -1.71821
82900 -1.59758
83000 -1.68132
83100 -1.50982
83200 -1.62887
83300 -1.57696
83400 -1.60039
83500 -1.5287
83600 -1.62497
83700 -1.56744
83800 -1.69786
83900 -1.66312
84000 -1.64149
84100 -1.6855
84200 -1.71264
84300 -1.65943
84400 -1.69525
84500 -1.61423
84600 -1.70532
84700 -1.66622
84800 -1.62206
84900 -1.66542
85000 -1.61831
85100 -1.60768
85200 -1.72675
85300 -1.60516
85400 -1.60477
85500 -1.6333
85600 -1.54436
85700 -1.54672
85800 -1.60742
85900 -1.62189
86000 -1.60751
86100 -1.59498
86200 -1.691
86300 -1.60313
86400 -1.67165
86500 -1.63686
86600 -1.65533
86700 -1.60569
86800 -1.65265
86900 -1.60081
87000 -1.52359
87100 -1.59378
87200 -1.59044
87300 -1.61545
87400 -1.59312
87500 -1.73636
87600 -1.66323
87700 -1.53298
87800 -1.53661
87900 -1.65768
88000 -1.64265
88100 -1.56753
88200 -1.63573
88300 -1.62173
88400 -1.69334
88500 -1.69498
88600 -1.60541
88700 -1.61609
88800 -1.64469
88900 -1.66508
89000 -1.7376
89100 -1.7096
89200 -1.66988
89300 -1.67234
89400 -1.62527
89500 -1.48451
89600 -1.62464
89700 -1.70518
89800 -1.60436
89900 -1.74665
90000 -1.57601
90100 -1.63395
90200 -1.63017
90300 -1.72212
90400 -1.57535
90500 -1.71529
90600 -1.68048
90700 -1.52649
90800 -1.65108
90900 -1.65763
91000 -1.6124
91100 -1.58034
91200 -1.64235
91300 -1.5841
91400 -1.66553
91500 -1.60414
91600 -1.64386
91700 -1.7027
91800 -1.66412
91900 -1.58178
92000 -1.54962
92100 -1.61199
92200 -1.66534
92300 -1.68177
92400 -1.58311
92500 -1.66418
92600 -1.69397
92700 -1.64817
92800 -1.65625
92900 -1.59398
93000 -1.65123
93100 -1.65316
93200 -1.63729
93300 -1.7134
93400 -1.64912
93500 -1.65939
93600 -1.54339
93700 -1.70309
93800 -1.58626
93900 -1.64141
94000 -1.57918
94100 -1.59195
94200 -1.63431
94300 -1.57986
94400 -1.63989
94500 -1.67569
94600 -1.58326
94700 -1.74619
94800 -1.67147
94900 -1.56397
95000 -1.65646
95100 -1.73361
95200 -1.60713
95300 -1.51361
95400 -1.52828
95500 -1.77313
95600 -1.55072
95700 -1.73136
95800 -1.67019
95900 -1.66717
96000 -1.61866
96100 -1.59225
96200 -1.62482
96300 -1.62179
96400 -1.69424
96500 -1.64776
96600 -1.68618
96700 -1.69873
96800 -1.65352
96900 -1.52403
97000 -1.63041
97100 -1.59698
97200 -1.57365
97300 -1.62235
97400 -1.53061
97500 -1.54597
97600 -1.51528
97700 -1.65747
97800 -1.63819
97900 -1.6756
98000 -1.66252
98100 -1.67355
98200 -1.65303
98300 -1.68916
98400 -1.67209
98500 -1.65202
98600 -1.59393
98700 -1.61771
98800 -1.6615
98900 -1.59308
99000 -1.64223
99100 -1.58061
99200 -1.60971
99300 -1.73169
99400 -1.64114
99500 -1.65
99600 -1.68901
99700 -1.57883
99800 -1.7274
99900 -1.59928
