0 -0.614159
100 -0.551418
200 -0.522822
300 -0.498229
400 -0.612246
500 -0.44089
600 -0.578866
700 -0.434197
800 -0.421553
900 -0.563858
1000 -0.593745
1100 -0.424157
1200 -0.572563
1300 -0.473272
1400 -0.397125
1500 -0.434212
1600 -0.626345
1700 -0.496228
1800 -0.572465
1900 -0.508907
2000 -0.382088
2100 -0.449283
2200 -0.387627
2300 -0.458142
2400 -0.541254
2500 -0.535672
2600 -0.494629
2700 -0.587683
2800 -0.497605
2900 -0.483281
3000 -0.401299
3100 -0.463645
3200 -0.458879
3300 -0.511415
3400 -0.433908
3500 -0.484815
3600 -0.441929
3700 -0.42457
3800 -0.587886
3900 -0.535781
4000 -0.464556
4100 -0.476632
4200 -0.460367
4300 -0.577939
4400 -0.558978
4500 -0.437537
4600 -0.384184
4700 -0.718673
4800 -0.483567
4900 -0.742543
5000 -0.63069
5100 -0.587479
5200 -0.539808
5300 -0.469687
5400 -0.549987
5500 -0.58786
5600 -0.523622
5700 -0.598212
5800 -0.546247
5900 -0.524811
6000 -0.521793
6100 -0.582125
6200 -0.590638
6300 -0.585704
6400 -0.588633
6500 -0.59079
6600 -0.523707
6700 -0.485526
6800 -0.471224
6900 -0.669738
7000 -0.51141
7100 -0.564295
7200 -0.565923
7300 -0.45613
7400 -0.425505
7500 -0.496759
7600 -0.422207
7700 -0.418186
7800 -0.635476
7900 -0.487532
8000 -0.450464
8100 -0.492521
8200 -0.394236
8300 -0.354295
8400 -0.474505
8500 -0.440455
8600 -0.472661
8700 -0.584839
8800 -0.536436
8900 -0.450769
9000 -0.400551
9100 -0.571712
9200 -0.475835
9300 -0.461008
9400 -0.453694
9500 -0.495065
9600 -0.518973
9700 -0.448138
9800 -0.492068
9900 -0.524816
10000 -0.480326
10100 -0.470231
10200 -0.42795
10300 -0.589029
10400 -0.532049
10500 -0.343983
10600 -0.556728
10700 -0.582713
10800 -0.406041
10900 -0.535985
11000 -0.561391
11100 -0.545254
11200 -0.565666
11300 -0.535766
11400 -0.591331
11500 -0.543682
11600 -0.481564
11700 -0.593679
11800 -0.480794
11900 -0.456936
12000 -0.539225
12100 -0.455785
12200 -0.506916
12300 -0.544958
12400 -0.463932
12500 -0.600473
12600 -0.414776
12700 -0.500991
12800 -0.528293
12900 -0.525856
13000 -0.512839
13100 -0.590562
13200 -0.542385
13300 -0.524454
13400 -0.398899
13500 -0.531537
13600 -0.49007
13700 -0.600932
13800 -0.627074
13900 -0.472672
14000 -0.457582
14100 -0.645213
14200 -0.649325
14300 -0.588221
14400 -0.625627
14500 -0.550443
14600 -0.508461
14700 -0.432711
14800 -0.444686
14900 -0.525838
15000 -0.479888
15100 -0.500739
15200 -0.503619
15300 -0.343645
15400 -0.601905
15500 -0.545741
15600 -0.455479
15700 -0.538093
15800 -0.519593
15900 -0.434231
16000 -0.429208
16100 -0.377448
16200 -0.44825
16300 -0.431058
16400 -0.54289
16500 -0.474135
16600 -0.387126
16700 -0.447781
16800 -0.533868
16900 -0.514922
17000 -0.728084
17100 -0.462939
17200 -0.619797
17300 -0.54925
17400 -0.569185
17500 -0.682381
17600 -0.639094
17700 -0.473464
17800 -0.49105
17900 -0.499888
18000 -0.446789
18100 -0.551906
18200 -0.575399
18300 -0.540978
18400 -0.619935
18500 -0.515222
18600 -0.534532
18700 -0.429212
18800 -0.51356
18900 -0.518687
19000 -0.537971
19100 -0.591342
19200 -0.569803
19300 -0.665153
19400 -0.565217
19500 -0.664415
19600 -0.499089
19700 -0.541801
19800 -0.409792
19900 -0.46138
20000 -0.464711
20100 -0.405246
20200 -0.432908
20300 -0.559788
20400 -0.427903
20500 -0.401389
20600 -0.49177
20700 -0.492562
20800 -0.450247
20900 -0.537414
21000 -0.552184
21100 -0.530859
21200 -0.529923
21300 -0.437071
21400 -0.462963
21500 -0.518528
21600 -0.554596
21700 -0.585207
21800 -0.56083
21900 -0.529201
22000 -0.45167
22100 -0.485648
22200 -0.465357
22300 -0.479305
22400 -0.476509
22500 -0.592268
22600 -0.375872
22700 -0.531075
22800 -0.6583
22900 -0.569525
23000 -0.455283
23100 -0.468086
23200 -0.602795
23300 -0.522671
23400 -0.558457
23500 -0.581963
23600 -0.575886
23700 -0.516427
23800 -0.483234
23900 -0.415637
24000 -0.432466
24100 -0.487432
24200 -0.552645
24300 -0.516395
24400 -0.401408
24500 -0.580438
24600 -0.474436
24700 -0.528818
24800 -0.492883
24900 -0.46296
25000 -0.577454
25100 -0.563973
25200 -0.622004
25300 -0.388679
25400 -0.438769
25500 -0.606244
25600 -0.479695
25700 -0.448131
25800 -0.520159
25900 -0.561989
26000 -0.595705
26100 -0.640264
26200 -0.701941
26300 -0.330527
26400 -0.568742
26500 -0.531412
26600 -0.548854
26700 -0.475977
26800 -0.405431
26900 -0.483087
27000 -0.60736
27100 -0.491923
27200 -0.570145
27300 -0.508474
27400 -0.480906
27500 -0.546396
27600 -0.595657
27700 -0.424763
27800 -0.477446
27900 -0.435348
28000 -0.408581
28100 -0.512474
28200 -0.517313
28300 -0.469029
28400 -0.45395
28500 -0.417474
28600 -0.515382
28700 -0.526104
28800 -0.498345
28900 -0.447916
29000 -0.421751
29100 -0.543703
29200 -0.478521
29300 -0.443983
29400 -0.476996
29500 -0.486948
29600 -0.428953
29700 -0.421882
29800 -0.545564
29900 -0.509269
30000 -0.490478
30100 -0.472916
30200 -0.649879
30300 -0.577712
30400 -0.466729
30500 -0.497903
30600 -0.600326
30700 -0.520007
30800 -0.408099
30900 -0.517326
31000 -0.544957
31100 -0.466671
31200 -0.37918
31300 -0.510779
31400 -0.42374
31500 -0.368447
31600 -0.526018
31700 -0.438024
31800 -0.431727
31900 -0.470936
32000 -0.415858
32100 -0.519359
32200 -0.56743
32300 -0.465265
32400 -0.556325
32500 -0.409925
32600 -0.636549
32700 -0.451553
32800 -0.529945
32900 -0.574567
33000 -0.471201
33100 -0.442074
33200 -0.446441
33300 -0.395026
33400 -0.509044
33500 -0.567218
33600 -0.427255
33700 -0.446953
33800 -0.334654
33900 -0.419921
34000 -0.50434
34100 -0.528197
34200 -0.501312
34300 -0.534162
34400 -0.445382
34500 -0.444545
34600 -0.473921
34700 -0.50535
34800 -0.41947
34900 -0.494067
35000 -0.539916
35100 -0.569217
35200 -0.511548
35300 -0.520197
35400 -0.480824
35500 -0.590122
35600 -0.554802
35700 -0.540418
35800 -0.490187
35900 -0.432616
36000 -0.577416
36100 -0.581668
36200 -0.570456
36300 -0.56022
36400 -0.646922
36500 -0.402578
36600 -0.494351
36700 -0.553268
36800 -0.533738
36900 -0.497414
37000 -0.565681
37100 -0.510539
37200 -0.528992
37300 -0.542667
37400 -0.501398
37500 -0.636421
37600 -0.529692
37700 -0.495406
37800 -0.525822
37900 -0.427641
38000 -0.514289
38100 -0.485658
38200 -0.415294
38300 -0.536987
38400 -0.521576
38500 -0.535607
38600 -0.475564
38700 -0.524058
38800 -0.555152
38900 -0.457295
39000 -0.51162
39100 -0.380436
39200 -0.496848
39300 -0.485528
39400 -0.473299
39500 -0.504784
39600 -0.584236
39700 -0.586656
39800 -0.55305
39900 -0.540433
40000 -0.572688
40100 -0.629119
40200 -0.443557
40300 -0.516823
40400 -0.493926
40500 -0.376575
40600 -0.428991
40700 -0.511056
40800 -0.498574
40900 -0.52064
41000 -0.427607
41100 -0.486926
41200 -0.542015
41300 -0.520072
41400 -0.484581
41500 -0.534794
41600 -0.461011
41700 -0.510626
41800 -0.54691
41900 -0.445882
42000 -0.53403
42100 -0.428185
42200 -0.436754
42300 -0.539827
42400 -0.510052
42500 -0.457356
42600 -0.424918
42700 -0.652134
42800 -0.542245
42900 -0.496236
43000 -0.416662
43100 -0.48375
43200 -0.564448
43300 -0.471316
43400 -0.428189
43500 -0.524219
43600 -0.508547
43700 -0.489064
43800 -0.488399
43900 -0.513903
44000 -0.442264
44100 -0.357089
44200 -0.581768
44300 -0.470476
44400 -0.429276
44500 -0.461773
44600 -0.493999
44700 -0.529726
44800 -0.551164
44900 -0.486151
45000 -0.535636
45100 -0.512124
45200 -0.466249
45300 -0.476228
45400 -0.451143
45500 -0.445067
45600 -0.551126
45700 -0.57385
45800 -0.508625
45900 -0.479949
46000 -0.486154
46100 -0.374753
46200 -0.461784
46300 -0.465271
46400 -0.510789
46500 -0.547397
46600 -0.522136
46700 -0.40259
46800 -0.497667
46900 -0.603866
47000 -0.621549
47100 -0.509384
47200 -0.615613
47300 -0.550651
47400 -0.371013
47500 -0.541888
47600 -0.551852
47700 -0.438603
47800 -0.508496
47900 -0.468428
48000 -0.484063
48100 -0.527768
48200 -0.560823
48300 -0.542206
48400 -0.560237
48500 -0.524877
48600 -0.645934
48700 -0.499637
48800 -0.538453
48900 -0.588146
49000 -0.490935
49100 -0.537225
49200 -0.53232
49300 -0.453428
49400 -0.540629
49500 -0.595939
49600 -0.52908
49700 -0.535703
49800 -0.494691
49900 -0.548029
50000 -0.590991
50100 -0.498682
50200 -0.653097
50300 -0.448756
50400 -0.390692
50500 -0.403424
50600 -0.496079
50700 -0.466909
50800 -0.395772
50900 -0.503442
51000 -0.550983
51100 -0.405632
51200 -0.610981
51300 -0.514779
51400 -0.492148
51500 -0.564437
51600 -0.618673
51700 -0.696116
51800 -0.591676
51900 -0.634542
52000 -0.435578
52100 -0.47234
52200 -0.400912
52300 -0.433654
52400 -0.515538
52500 -0.349793
52600 -0.385224
52700 -0.389079
52800 -0.422362
52900 -0.415423
53000 -0.508587
53100 -0.586257
53200 -0.459749
53300 -0.480911
53400 -0.428634
53500 -0.458307
53600 -0.295329
53700 -0.396954
53800 -0.532618
53900 -0.506062
54000 -0.460416
54100 -0.446069
54200 -0.418737
54300 -0.540987
54400 -0.561513
54500 -0.533683
54600 -0.473034
54700 -0.425664
54800 -0.480687
54900 -0.429125
55000 -0.610113
55100 -0.509595
55200 -0.477969
55300 -0.447016
55400 -0.373956
55500 -0.494011
55600 -0.383115
55700 -0.580305
55800 -0.462647
55900 -0.507666
56000 -0.576274
56100 -0.545561
56200 -0.482799
56300 -0.497277
56400 -0.496651
56500 -0.382714
56600 -0.41682
56700 -0.451003
56800 -0.410765
56900 -0.447046
57000 -0.514879
57100 -0.381505
57200 -0.466264
57300 -0.541599
57400 -0.516054
57500 -0.48808
57600 -0.474979
57700 -0.55291
57800 -0.502148
57900 -0.493554
58000 -0.548247
58100 -0.685657
58200 -0.54942
58300 -0.557088
58400 -0.450921
58500 -0.72348
58600 -0.601515
58700 -0.518899
58800 -0.572103
58900 -0.605844
59000 -0.595222
59100 -0.532354
59200 -0.60245
59300 -0.551404
59400 -0.52571
59500 -0.542728
59600 -0.607877
59700 -0.637256
59800 -0.543131
59900 -0.550666
60000 -0.580124
60100 -0.456413
60200 -0.473056
60300 -0.460648
60400 -0.493013
60500 -0.440965
60600 -0.434429
60700 -0.513455
60800 -0.497638
60900 -0.430387
61000 -0.453005
61100 -0.387588
61200 -0.538892
61300 -0.546264
61400 -0.480454
61500 -0.501782
61600 -0.640837
61700 -0.639756
61800 -0.542092
61900 -0.57258
62000 -0.549904
62100 -0.517551
62200 -0.534123
62300 -0.467853
62400 -0.442464
62500 -0.462457
62600 -0.488991
62700 -0.500356
62800 -0.55929
62900 -0.432551
63000 -0.397868
63100 -0.40463
63200 -0.385148
63300 -0.403278
63400 -0.549833
63500 -0.576663
63600 -0.33948
63700 -0.633498
63800 -0.418911
63900 -0.646761
64000 -0.602663
64100 -0.486893
64200 -0.585385
64300 -0.525911
64400 -0.415439
64500 -0.623909
64600 -0.466267
64700 -0.488485
64800 -0.542539
64900 -0.525142
65000 -0.563658
65100 -0.534434
65200 -0.54729
65300 -0.395882
65400 -0.502544
65500 -0.444169
65600 -0.566014
65700 -0.520587
65800 -0.633407
65900 -0.564508
66000 -0.513566
66100 -0.61855
66200 -0.380743
66300 -0.562829
66400 -0.450498
66500 -0.388123
66600 -0.414001
66700 -0.421421
66800 -0.348892
66900 -0.544284
67000 -0.51843
67100 -0.404243
67200 -0.523807
67300 -0.537607
67400 -0.473641
67500 -0.609091
67600 -0.482068
67700 -0.529466
67800 -0.519196
67900 -0.491659
68000 -0.46007
68100 -0.462963
68200 -0.429394
68300 -0.417596
68400 -0.452923
68500 -0.529732
68600 -0.56048
68700 -0.365151
68800 -0.418958
68900 -0.520416
69000 -0.512004
69100 -0.522238
69200 -0.468288
69300 -0.505347
69400 -0.451829
69500 -0.652203
69600 -0.540281
69700 -0.501299
69800 -0.500871
69900 -0.438014
70000 -0.572711
70100 -0.500056
70200 -0.524264
70300 -0.490289
70400 -0.495286
70500 -0.570044
70600 -0.501937
70700 -0.602615
70800 -0.645573
70900 -0.454024
71000 -0.504862
71100 -0.461085
71200 -0.536403
71300 -0.578818
71400 -0.42402
71500 -0.397597
71600 -0.476858
71700 -0.482788
71800 -0.539729
71900 -0.501421
72000 -0.429171
72100 -0.569753
72200 -0.441229
72300 -0.548798
72400 -0.372558
72500 -0.454061
72600 -0.358503
72700 -0.493781
72800 -0.497891
72900 -0.613131
73000 -0.555908
73100 -0.465453
73200 -0.517085
73300 -0.491132
73400 -0.533649
73500 -0.515679
73600 -0.456063
73700 -0.564158
73800 -0.51907
73900 -0.520641
74000 -0.407106
74100 -0.51669
74200 -0.429513
74300 -0.37673
74400 -0.4034
74500 -0.502629
74600 -0.500078
74700 -0.524123
74800 -0.421725
74900 -0.454962
75000 -0.571859
75100 -0.452798
75200 -0.456919
75300 -0.601525
75400 -0.50031
75500 -0.452611
75600 -0.429742
75700 -0.612042
75800 -0.501183
75900 -0.596956
76000 -0.590478
76100 -0.561162
76200 -0.483226
76300 -0.544999
76400 -0.481571
76500 -0.446247
76600 -0.486307
76700 -0.494431
76800 -0.496196
76900 -0.43536
77000 -0.359893
77100 -0.387685
77200 -0.426572
77300 -0.531827
77400 -0.5319
77500 -0.55357
77600 -0.438346
77700 -0.592808
77800 -0.494582
77900 -0.567735
78000 -0.452376
78100 -0.456625
78200 -0.429015
78300 -0.456797
78400 -0.491056
78500 -0.478803
78600 -0.576824
78700 -0.471818
78800 -0.507775
78900 -0.563168
79000 -0.5128
79100 -0.426773
79200 -0.396634
79300 -0.553938
79400 -0.483042
79500 -0.382983
79600 -0.460789
79700 -0.384298
79800 -0.541014
79900 -0.547309
80000 -0.422248
80100 -0.50622
80200 -0.54023
80300 -0.506334
80400 -0.537557
80500 -0.393143
80600 -0.537153
80700 -0.430719
80800 -0.490831
80900 -0.561073
81000 -0.441087
81100 -0.547144
81200 -0.540007
81300 -0.583607
81400 -0.401681
81500 -0.554066
81600 -0.50692
81700 -0.544777
81800 -0.452498
81900 -0.499911
82000 -0.553569
82100 -0.451064
82200 -0.411929
82300 -0.413244
82400 -0.591879
82500 -0.444883
82600 -0.434577
82700 -0.406231
82800 -0.419435
82900 -0.504204
83000 -0.556261
83100 -0.520222
83200 -0.514091
83300 -0.398002
83400 -0.525854
83500 -0.425544
83600 -0.471428
83700 -0.471785
83800 -0.486331
83900 -0.417172
84000 -0.523187
84100 -0.509953
84200 -0.437969
84300 -0.428304
84400 -0.502478
84500 -0.38374
84600 -0.566092
84700 -0.542488
84800 -0.554253
84900 -0.499336
85000 -0.502234
85100 -0.403128
85200 -0.479298
85300 -0.539836
85400 -0.615019
85500 -0.504383
85600 -0.554718
85700 -0.422673
85800 -0.422311
85900 -0.434412
86000 -0.668385
86100 -0.474544
86200 -0.579473
86300 -0.553759
86400 -0.539174
86500 -0.59706
86600 -0.512504
86700 -0.538401
86800 -0.460715
86900 -0.441788
87000 -0.473978
87100 -0.523495
87200 -0.530134
87300 -0.494351
87400 -0.534972
87500 -0.591843
87600 -0.529851
87700 -0.639027
87800 -0.529815
87900 -0.428978
88000 -0.547779
88100 -0.464183
88200 -0.392383
88300 -0.536421
88400 -0.608443
88500 -0.58746
88600 -0.429187
88700 -0.506938
88800 -0.484316
88900 -0.547812
89000 -0.606447
89100 -0.552621
89200 -0.654749
89300 -0.446523
89400 -0.546864
89500 -0.520429
89600 -0.611364
89700 -0.500165
89800 -0.459192
89900 -0.457146
90000 -0.437269
90100 -0.419934
90200 -0.551232
90300 -0.406593
90400 -0.489301
90500 -0.544982
90600 -0.401678
90700 -0.430227
90800 -0.430441
90900 -0.500225
91000 -0.47445
91100 -0.457194
91200 -0.490933
91300 -0.48416
91400 -0.50623
91500 -0.596222
91600 -0.491821
91700 -0.463336
91800 -0.54416
91900 -0.492407
92000 -0.493194
92100 -0.5094
92200 -0.514343
92300 -0.452166
92400 -0.427422
92500 -0.471445
92600 -0.436586
92700 -0.512536
92800 -0.405465
92900 -0.579134
93000 -0.593775
93100 -0.483531
93200 -0.526765
93300 -0.48439
93400 -0.513856
93500 -0.384309
93600 -0.390258
93700 -0.461246
93800 -0.52892
93900 -0.499618
94000 -0.455536
94100 -0.434244
94200 -0.427972
94300 -0.480772
94400 -0.438149
94500 -0.502735
94600 -0.378708
94700 -0.433146
94800 -0.518961
94900 -0.385197
95000 -0.478003
95100 -0.389694
95200 -0.430882
95300 -0.523498
95400 -0.41862
95500 -0.469163
95600 -0.500181
95700 -0.479615
95800 -0.507876
95900 -0.430874
96000 -0.50099
96100 -0.521563
96200 -0.529383
96300 -0.49366
96400 -0.544457
96500 -0.488776
96600 -0.484699
96700 -0.615735
96800 -0.618155
96900 -0.417594
97000 -0.505663
97100 -0.444574
97200 -0.477734
97300 -0.598817
97400 -0.47608
97500 -0.440431
97600 -0.552201
97700 -0.497769
97800 -0.432953
97900 -0.536841
98000 -0.60455
98100 -0.544682
98200 -0.515419
98300 -0.514433
98400 -0.430812
98500 -0.346106
98600 -0.459439
98700 -0.493706
98800 -0.570672
98900 -0.489306
99000 -0.444395
99100 -0.508448
99200 -0.526461
99300 -0.461628
99400 -0.518444
99500 -0.601379
99600 -0.523194
99700 -0.492299
99800 -0.534832
99900 -0.378355
