0 -1.98931
100 -2.04955
200 -2.02498
300 -1.94565
400 -2.08784
500 -1.97994
600 -2.13009
700 -2.17355
800 -2.06921
900 -2.01447
1000 -2.04607
1100 -2.04129
1200 -2.02261
1300 -2.05047
1400 -2.03789
1500 -2.10999
1600 -2.064
1700 -2.08827
1800 -2.07892
1900 -2.1075
2000 -2.09718
2100 -2.02492
2200 -2.05103
2300 -2.09012
2400 -2.04752
2500 -2.09918
2600 -2.09936
2700 -2.09065
2800 -2.0458
2900 -2.06566
3000 -2.12891
3100 -2.10156
3200 -2.08245
3300 -2.24215
3400 -2.12918
3500 -2.09291
3600 -2.10608
3700 -2.11056
3800 -2.12056
3900 -2.05901
4000 -2.06013
4100 -2.04048
4200 -2.07792
4300 -2.02143
4400 -2.01989
4500 -2.05404
4600 -2.07008
4700 -1.98908
4800 -2.09572
4900 -2.1072
5000 -2.0494
5100 -2.12222
5200 -2.06753
5300 -2.0718
5400 -2.01106
5500 -2.05268
5600 -1.99574
5700 -2.02322
5800 -2.13531
5900 -1.9896
6000 -1.98536
6100 -2.0666
6200 -2.09608
6300 -2.15266
6400 -2.0078
6500 -2.10976
6600 -2.11364
6700 -1.97865
6800 -2.04196
6900 -2.07718
7000 -2.04349
7100 -2.01209
7200 -2.19177
7300 -2.08227
7400 -2.04667
7500 -2.02562
7600 -2.08271
7700 -1.9885
7800 -2.05822
7900 -2.06369
8000 -2.07774
8100 -2.02822
8200 -2.05921
8300 -2.11911
8400 -1.95503
8500 -2.0106
8600 -2.04502
8700 -2.05151
8800 -2.16824
8900 -2.14025
9000 -2.14701
9100 -2.08483
9200 -2.08172
9300 -2.07101
9400 -2.02766
9500 -2.02375
9600 -2.04745
9700 -2.09699
9800 -2.00916
9900 -1.9551
10000 -2.1206
10100 -2.05388
10200 -2.08733
10300 -2.04832
10400 -2.1718
10500 -2.07211
10600 -2.11383
10700 -2.10107
10800 -2.07388
10900 -2.08445
11000 -2.12098
11100 -2.04334
11200 -2.02107
11300 -2.03499
11400 -2.08234
11500 -1.98499
11600 -2.05151
11700 -2.10712
11800 -2.03306
11900 -1.99825
12000 -2.06745
12100 -2.05581
12200 -2.03031
12300 -2.07969
12400 -2.01133
12500 -2.06809
12600 -2.12393
12700 -2.01868
12800 -2.05312
12900 -2.05913
13000 -2.13643
13100 -2.08357
13200 -2.05459
13300 -2.05023
13400 -2.06417
13500 -1.97164
13600 -2.06939
13700 -2.07104
13800 -1.98385
13900 -2.06774
14000 -2.02508
14100 -2.04649
14200 -2.08208
14300 -2.01937
14400 -2.05073
14500 -2.04341
14600 -2.08572
14700 -1.99438
14800 -2.07855
14900 -2.12061
15000 -2.11067
15100 -2.05805
15200 -2.05758
15300 -1.99307
15400 -2.11139
15500 -2.14105
15600 -2.02777
15700 -2.07145
15800 -2.10179
15900 -2.11187
16000 -2.12354
16100 -2.10747
16200 -2.01427
16300 -2.08077
16400 -2.12307
16500 -2.08814
16600 -2.03549
16700 -2.03815
16800 -2.05784
16900 -2.02307
17000 -2.02658
17100 -2.08863
17200 -2.05395
17300 -2.08796
17400 -2.06088
17500 -2.08353
17600 -2.13353
17700 -2.18538
17800 -2.12671
17900 -1.98757
18000 -2.09373
18100 -1.99853
18200 -2.04904
18300 -2.11114
18400 -2.04612
18500 -1.95927
18600 -2.11254
18700 -2.05519
18800 -2.11269
18900 -2.03853
19000 -1.99822
19100 -2.03928
19200 -2.08444
19300 -2.09124
19400 -2.08221
19500 -2.02025
19600 -2.02346
19700 -2.01969
19800 -2.09802
19900 -2.0432
20000 -2.17306
20100 -2.10996
20200 -2.10419
20300 -2.08273
20400 -2.04196
20500 -2.06521
20600 -2.06529
20700 -2.18746
20800 -2.0733
20900 -2.09998
21000 -2.06736
21100 -1.98521
21200 -2.08903
21300 -2.10379
21400 -2.01616
21500 -2.06029
21600 -1.99401
21700 -1.96114
21800 -2.10398
21900 -2.03634
22000 -2.05452
22100 -2.05989
22200 -2.14156
22300 -2.0466
22400 -2.03149
22500 -2.03855
22600 -2.19154
22700 -2.05801
22800 -2.0399
22900 -2.05361
23000 -2.0659
23100 -2.0794
23200 -2.01998
23300 -2.16665
23400 -2.12164
23500 -2.07853
23600 -2.12891
23700 -2.00424
23800 -1.98945
23900 -2.10378
24000 -2.05007
24100 -2.08399
24200 -2.11431
24300 -2.07671
24400 -2.06029
24500 -2.13993
24600 -2.10779
24700 -2.01631
24800 -2.06428
24900 -2.12536
25000 -2.09406
25100 -2.0549
25200 -2.00251
25300 -2.07703
25400 -2.08863
25500 -1.99301
25600 -2.0084
25700 -2.02549
25800 -2.07497
25900 -2.09328
26000 -2.10549
26100 -2.04356
26200 -2.03713
26300 -2.13626
26400 -2.00833
26500 -2.02604
26600 -2.06774
26700 -2.08763
26800 -2.04665
26900 -2.07133
27000 -2.08466
27100 -2.0394
27200 -2.09857
27300 -1.93344
27400 -2.11729
27500 -2.0487
27600 -2.12278
27700 -2.0221
27800 -2.04898
27900 -2.06842
28000 -2.05071
28100 -2.08263
28200 -2.09787
28300 -2.05232
28400 -2.04073
28500 -1.99741
28600 -2.11313
28700 -2.09029
28800 -2.03548
28900 -2.15502
29000 -2.05717
29100 -2.09641
29200 -2.05139
29300 -2.09605
29400 -2.09817
29500 -2.07498
29600 -2.08085
29700 -2.08887
29800 -2.12564
29900 -1.9714
30000 -2.03724
30100 -2.06371
30200 -2.10847
30300 -2.0508
30400 -2.17591
30500 -2.14484
30600 -2.09791
30700 -2.13383
30800 -2.09287
30900 -2.04092
31000 -2.11306
31100 -2.07152
31200 -2.00407
31300 -2.09906
31400 -2.07452
31500 -2.16246
31600 -2.08087
31700 -2.07791
31800 -2.03609
31900 -2.01058
32000 -2.08496
32100 -2.09698
32200 -2.14158
32300 -2.16106
32400 -2.01087
32500 -2.12437
32600 -2.05822
32700 -2.10394
32800 -2.05754
32900 -2.11191
33000 -2.07343
33100 -2.06181
33200 -2.05733
33300 -2.06466
33400 -2.10151
33500 -2.05804
33600 -2.10038
33700 -2.0874
33800 -2.02242
33900 -1.93725
34000 -2.14633
34100 -2.05632
34200 -1.9928
34300 -2.13433
34400 -2.18613
34500 -2.11839
34600 -2.0475
34700 -2.04615
34800 -2.02478
34900 -2.06998
35000 -2.12697
35100 -2.11352
35200 -2.04757
35300 -2.1041
35400 -2.11146
35500 -2.12867
35600 -2.04831
35700 -2.11283
35800 -2.11666
35900 -2.11527
36000 -2.03688
36100 -2.13625
36200 -2.087
36300 -2.08563
36400 -2.15518
36500 -2.18657
36600 -2.08961
36700 -2.02324
36800 -2.07188
36900 -2.02964
37000 -2.04956
37100 -2.04381
37200 -2.02661
37300 -2.00255
37400 -2.11533
37500 -2.08301
37600 -2.08271
37700 -2.07117
37800 -2.04294
37900 -2.0111
38000 -2.06282
38100 -2.07263
38200 -2.05718
38300 -1.97314
38400 -2.10355
38500 -2.02409
38600 -2.1347
38700 -2.18196
38800 -2.05824
38900 -2.09057
39000 -2.06197
39100 -2.06333
39200 -2.03396
39300 -2.1146
39400 -2.11927
39500 -2.05442
39600 -2.13897
39700 -2.10346
39800 -1.98552
39900 -2.06444
40000 -2.05481
40100 -2.04033
40200 -2.0205
40300 -2.11524
40400 -2.06054
40500 -2.09502
40600 -2.08253
40700 -2.10532
40800 -2.03882
40900 -1.99151
41000 -2.08187
41100 -2.06427
41200 -2.08885
41300 -2.15791
41400 -2.08653
41500 -2.10985
41600 -2.0678
41700 -2.00438
41800 -2.13624
41900 -2.0786
42000 -2.12365
42100 -2.05025
42200 -2.0893
42300 -2.06316
42400 -2.03712
42500 -2.09928
42600 -2.02623
42700 -2.03431
42800 -2.02573
42900 -2.06263
43000 -1.97095
43100 -2.07506
43200 -2.06376
43300 -2.0416
43400 -2.07826
43500 -1.96196
43600 -2.00026
43700 -2.04583
43800 -2.01335
43900 -2.01332
44000 -2.04175
44100 -2.03905
44200 -2.11316
44300 -2.14933
44400 -2.02984
44500 -2.06234
44600 -2.04774
44700 -2.11664
44800 -2.06254
44900 -2.15075
45000 -2.0736
45100 -2.06107
45200 -2.11828
45300 -2.07399
45400 -2.13283
45500 -2.07358
45600 -2.03553
45700 -2.07892
45800 -2.07695
45900 -2.11036
46000 -2.08659
46100 -2.05801
46200 -2.0312
46300 -2.0706
46400 -2.03178
46500 -2.03459
46600 -2.03945
46700 -2.06993
46800 -2.021
46900 -1.99422
47000 -2.09612
47100 -2.06764
47200 -2.10928
47300 -2.08446
47400 -2.11364
47500 -2.00516
47600 -1.9781
47700 -2.06382
47800 -2.11831
47900 -2.0667
48000 -2.05265
48100 -2.11058
48200 -2.02649
48300 -2.11399
48400 -2.07127
48500 -2.08996
48600 -2.08376
48700 -2.09976
48800 -2.05513
48900 -2.08426
49000 -2.06284
49100 -2.07727
49200 -2.00732
49300 -2.0546
49400 -2.15948
49500 -2.10208
49600 -2.06345
49700 -2.10934
49800 -2.0121
49900 -2.03833
50000 -2.04254
50100 -2.08495
50200 -2.09705
50300 -2.10804
50400 -2.10485
50500 -2.09663
50600 -2.11292
50700 -2.02795
50800 -2.12239
50900 -2.09195
51000 -2.0539
51100 -2.02186
51200 -2.09925
51300 -2.08228
51400 -2.1384
51500 -2.09956
51600 -2.08789
51700 -2.07418
51800 -2.08828
51900 -2.08177
52000 -2.00574
52100 -2.06567
52200 -2.06647
52300 -2.06759
52400 -2.0773
52500 -1.94653
52600 -2.11649
52700 -2.05413
52800 -2.13371
52900 -2.10147
53000 -2.05683
53100 -2.14932
53200 -2.0616
53300 -2.07958
53400 -1.99645
53500 -2.08311
53600 -2.03925
53700 -2.01879
53800 -2.08819
53900 -2.14643
54000 -2.01827
54100 -2.07899
54200 -2.173
54300 -2.10576
54400 -2.0877
54500 -1.95971
54600 -2.00916
54700 -2.22885
54800 -2.02612
54900 -2.0432
55000 -2.06648
55100 -2.16536
55200 -2.03191
55300 -2.11408
55400 -2.04797
55500 -2.1303
55600 -2.03571
55700 -2.11604
55800 -2.08546
55900 -2.0003
56000 -2.05347
56100 -2.026
56200 -2.01798
56300 -1.98687
56400 -2.08329
56500 -2.07462
56600 -1.94418
56700 -2.05058
56800 -2.06332
56900 -1.97253
57000 -2.11201
57100 -2.01544
57200 -2.13062
57300 -2.11198
57400 -1.99042
57500 -2.07285
57600 -2.10801
57700 -1.9785
57800 -2.09122
57900 -2.03511
58000 -2.13361
58100 -2.01336
58200 -2.09109
58300 -2.12755
58400 -2.10664
58500 -2.1433
58600 -2.10079
58700 -2.18954
58800 -2.0882
58900 -2.01794
59000 -2.14101
59100 -2.1103
59200 -2.13281
59300 -2.08166
59400 -2.12697
59500 -2.06958
59600 -2.08183
59700 -2.1113
59800 -2.07149
59900 -2.11816
60000 -2.10542
60100 -2.02407
60200 -2.17766
60300 -1.98026
60400 -2.0375
60500 -2.07377
60600 -2.04874
60700 -2.05032
60800 -2.12972
60900 -2.0633
61000 -2.16222
61100 -2.0811
61200 -2.06785
61300 -2.13124
61400 -2.14204
61500 -2.02503
61600 -2.08259
61700 -2.10286
61800 -2.11385
61900 -2.01072
62000 -2.07402
62100 -2.14916
62200 -2.11952
62300 -2.03815
62400 -2.09695
62500 -2.08052
62600 -2.04756
62700 -2.09422
62800 -2.09475
62900 -2.06578
63000 -2.02279
63100 -2.1498
63200 -2.0656
63300 -2.06992
63400 -2.05735
63500 -2.02642
63600 -2.11113
63700 -2.10748
63800 -2.06644
63900 -2.10925
64000 -2.08159
64100 -2.07044
64200 -2.11899
64300 -1.98051
64400 -2.04978
64500 -2.05333
64600 -2.05645
64700 -2.17446
64800 -2.11515
64900 -2.08561
65000 -2.06137
65100 -2.02089
65200 -2.1058
65300 -2.11903
65400 -2.089
65500 -2.04153
65600 -2.04795
65700 -2.0661
65800 -2.08156
65900 -2.06738
66000 -1.97737
66100 -2.08288
66200 -2.06958
66300 -2.13442
66400 -2.09281
66500 -2.01699
66600 -2.05857
66700 -1.99786
66800 -2.00169
66900 -2.05618
67000 -2.07734
67100 -2.12152
67200 -2.06092
67300 -2.06312
67400 -2.10614
67500 -1.96129
67600 -2.05258
67700 -2.10122
67800 -2.03641
67900 -2.10393
68000 -2.04578
68100 -1.96747
68200 -2.12103
68300 -2.09791
68400 -2.06792
68500 -2.13615
68600 -2.07984
68700 -1.95413
68800 -1.97835
68900 -1.99539
69000 -2.14196
69100 -2.08227
69200 -1.97918
69300 -2.02683
69400 -2.12465
69500 -2.1157
69600 -1.97644
69700 -2.13611
69800 -2.04656
69900 -1.98948
70000 -2.09692
70100 -2.11751
70200 -2.07009
70300 -2.11821
70400 -2.08928
70500 -2.17429
70600 -2.05714
70700 -1.98545
70800 -2.0269
70900 -2.03801
71000 -2.02024
71100 -2.0428
71200 -2.03084
71300 -2.05484
71400 -2.0994
71500 -2.07849
71600 -2.07262
71700 -2.09478
71800 -2.0803
71900 -2.04508
72000 -2.14137
72100 -2.15377
72200 -2.21793
72300 -2.23271
72400 -2.19569
72500 -1.98203
72600 -2.13043
72700 -2.14745
72800 -2.06753
72900 -2.05329
73000 -2.04944
73100 -2.12397
73200 -2.16808
73300 -2.09425
73400 -2.12123
73500 -2.12522
73600 -2.13908
73700 -2.14053
73800 -2.05012
73900 -2.08545
74000 -2.028
74100 -2.04484
74200 -2.12117
74300 -2.01872
74400 -2.03984
74500 -2.01385
74600 -2.06656
74700 -2.09467
74800 -2.0471
74900 -2.04915
75000 -2.07424
75100 -2.05478
75200 -2.11515
75300 -2.10167
75400 -2.1204
75500 -1.95936
75600 -2.04597
75700 -2.03974
75800 -2.08809
75900 -2.1062
76000 -2.10932
76100 -2.06303
76200 -2.05567
76300 -2.02884
76400 -2.111
76500 -2.03792
76600 -2.11153
76700 -2.07069
76800 -2.09072
76900 -2.02862
77000 -2.07576
77100 -2.07764
77200 -2.09953
77300 -2.00891
77400 -2.07569
77500 -2.12964
77600 -2.17026
77700 -2.04386
77800 -2.09753
77900 -2.04555
78000 -2.04095
78100 -2.07499
78200 -2.01706
78300 -2.09073
78400 -2.14038
78500 -2.07197
78600 -2.07659
78700 -2.09455
78800 -1.98373
78900 -2.04641
79000 -1.99477
79100 -2.08546
79200 -2.1544
79300 -2.07968
79400 -2.05662
79500 -2.02167
79600 -2.0727
79700 -2.13072
79800 -2.09799
79900 -2.0398
80000 -2.0651
80100 -2.04115
80200 -2.08418
80300 -2.0602
80400 -2.0829
80500 -2.10517
80600 -2.03721
80700 -2.00536
80800 -1.9852
80900 -2.09693
81000 -2.10827
81100 -2.11351
81200 -2.09442
81300 -2.06661
81400 -2.07835
81500 -2.13255
81600 -1.95705
81700 -2.10204
81800 -2.15428
81900 -2.07326
82000 -2.1145
82100 -2.07424
82200 -2.04466
82300 -2.05805
82400 -2.07093
82500 -2.13588
82600 -2.06074
82700 -2.12852
82800 -2.04017
82900 -2.12562
83000 -2.0659
83100 -2.13569
83200 -2.09886
83300 -2.17437
83400 -2.0628
83500 -2.1384
83600 -2.08313
83700 -2.10009
83800 -2.02821
83900 -2.03777
84000 -2.06142
84100 -2.05413
84200 -2.11229
84300 -2.08843
84400 -2.05559
84500 -2.08022
84600 -1.96513
84700 -2.08439
84800 -2.10955
84900 -2.0548
85000 -2.05899
85100 -1.97979
85200 -2.08467
85300 -2.05927
85400 -1.96109
85500 -2.10064
85600 -2.06209
85700 -1.99345
85800 -2.09113
85900 -2.08619
86000 -2.09813
86100 -2.02443
86200 -2.00185
86300 -2.03843
86400 -2.14498
86500 -1.97409
86600 -2.0476
86700 -2.11841
86800 -2.11745
86900 -2.09778
87000 -2.08604
87100 -2.06711
87200 -1.98429
87300 -2.11277
87400 -2.1301
87500 -2.11323
87600 -2.12473
87700 -2.01118
87800 -2.04118
87900 -1.97651
88000 -2.07551
88100 -2.0655
88200 -2.06033
88300 -2.11851
88400 -2.12869
88500 -2.09301
88600 -2.08077
88700 -2.09859
88800 -2.04539
88900 -2.10752
89000 -2.15716
89100 -2.02558
89200 -2.02566
89300 -2.02704
89400 -2.03046
89500 -2.09987
89600 -2.0702
89700 -1.93588
89800 -2.19621
89900 -2.09935
90000 -2.02217
90100 -2.10935
90200 -2.0247
90300 -2.01769
90400 -2.09447
90500 -2.01531
90600 -2.08449
90700 -2.10365
90800 -2.04462
90900 -2.10329
91000 -2.09063
91100 -2.09063
91200 -2.07403
91300 -2.0196
91400 -2.04133
91500 -2.05009
91600 -2.15076
91700 -2.1156
91800 -2.11142
91900 -2.02739
92000 -1.98831
92100 -2.0896
92200 -2.04915
92300 -2.05299
92400 -2.00925
92500 -2.12857
92600 -2.07563
92700 -1.99464
92800 -2.03037
92900 -2.01962
93000 -2.09859
93100 -2.12309
93200 -2.09737
93300 -2.0255
93400 -2.10027
93500 -2.13125
93600 -1.99911
93700 -2.08639
93800 -2.05945
93900 -2.12833
94000 -1.98337
94100 -2.072
94200 -2.06628
94300 -2.10282
94400 -2.07921
94500 -1.95323
94600 -2.10749
94700 -2.11028
94800 -2.05113
94900 -2.12208
95000 -2.11597
95100 -2.15558
95200 -2.0103
95300 -1.96817
95400 -2.01019
95500 -2.0246
95600 -2.03422
95700 -2.01295
95800 -2.03532
95900 -2.00493
96000 -2.03479
96100 -2.01364
96200 -2.03497
96300 -2.01276
96400 -2.07139
96500 -2.06812
96600 -1.99788
96700 -2.07994
96800 -2.0313
96900 -2.14631
97000 -2.10937
97100 -2.04003
97200 -2.08309
97300 -2.14485
97400 -2.13758
97500 -2.01812
97600 -2.11233
97700 -1.92563
97800 -1.90411
97900 -2.01099
98000 -2.00988
98100 -2.12701
98200 -2.07393
98300 -2.06104
98400 -1.9963
98500 -2.13401
98600 -2.08367
98700 -2.08543
98800 -2.0741
98900 -2.16517
99000 -1.98722
99100 -1.96748
99200 -2.06067
99300 -2.12862
99400 -2.11241
99500 -2.08273
99600 -2.02158
99700 -2.00999
99800 -2.08176
99900 -2.07869
