0 -2.09417
100 -1.99934
200 -2.14954
300 -2.06932
400 -1.97384
500 -2.09014
600 -1.96281
700 -1.99238
800 -1.99147
900 -2.02798
1000 -2.05411
1100 -1.9552
1200 -2.04624
1300 -2.04265
1400 -2.04385
1500 -1.98687
1600 -2.03853
1700 -1.98543
1800 -2.01754
1900 -2.04848
2000 -2.01133
2100 -1.98349
2200 -2.00127
2300 -1.94342
2400 -2.06145
2500 -1.97974
2600 -2.06522
2700 -2.03124
2800 -2.00514
2900 -1.94172
3000 -1.99913
3100 -2.06758
3200 -2.01023
3300 -1.81813
3400 -2.04607
3500 -1.9514
3600 -2.11568
3700 -1.99978
3800 -1.98562
3900 -2.04502
4000 -1.99177
4100 -1.92548
4200 -2.0582
4300 -2.09231
4400 -2.00805
4500 -2.09854
4600 -2.02887
4700 -1.96638
4800 -1.97537
4900 -2.00748
5000 -1.94244
5100 -2.06274
5200 -2.01929
5300 -2.00046
5400 -1.95544
5500 -2.04
5600 -2.0276
5700 -2.00049
5800 -1.99979
5900 -2.11042
6000 -1.9963
6100 -2.05603
6200 -1.95664
6300 -1.99944
6400 -1.93994
6500 -1.92432
6600 -2.03074
6700 -2.04036
6800 -2.07848
6900 -1.8621
7000 -2.01369
7100 -2.05482
7200 -2.02834
7300 -2.02167
7400 -2.01065
7500 -2.08426
7600 -2.02448
7700 -2.03526
7800 -2.02647
7900 -2.01996
8000 -1.99601
8100 -2.04339
8200 -2.05387
8300 -2.04356
8400 -2.01253
8500 -2.07075
8600 -1.97585
8700 -2.08206
8800 -2.00506
8900 -1.98099
9000 -1.95403
9100 -1.93125
9200 -1.98161
9300 -2.02772
9400 -1.98019
9500 -1.92025
9600 -2.12881
9700 -1.88827
9800 -2.00796
9900 -1.97867
10000 -2.0037
10100 -2.09538
10200 -2.04781
10300 -1.94131
10400 -2.01593
10500 -2.00758
10600 -2.02603
10700 -2.04971
10800 -2.01788
10900 -2.03973
11000 -2.0245
11100 -2.04422
11200 -1.99298
11300 -2.02978
11400 -2.0646
11500 -2.07787
11600 -2.05617
11700 -2.03764
11800 -2.02245
11900 -1.97086
12000 -2.06634
12100 -2.10322
12200 -1.95716
12300 -2.02633
12400 -2.01011
12500 -2.03651
12600 -1.98397
12700 -1.99575
12800 -2.04845
12900 -2.04178
13000 -1.99143
13100 -2.03329
13200 -1.98423
13300 -2.00333
13400 -2.0759
13500 -1.99267
13600 -1.90594
13700 -1.93538
13800 -1.92297
13900 -2.0571
14000 -2.00275
14100 -2.02223
14200 -2.01924
14300 -2.07098
14400 -2.08225
14500 -2.10197
14600 -1.9748
14700 -2.0325
14800 -1.99802
14900 -2.08259
15000 -2.01033
15100 -2.00307
15200 -1.91261
15300 -1.84068
15400 -2.00524
15500 -2.00658
15600 -2.03259
15700 -1.98715
15800 -2.00698
15900 -1.8806
16000 -2.0334
16100 -2.10295
16200 -2.01813
16300 -2.08589
16400 -1.96294
16500 -2.03142
16600 -2.0912
16700 -2.02862
16800 -2.12354
16900 -1.93223
17000 -2.02933
17100 -1.93854
17200 -2.0496
17300 -1.98285
17400 -1.96089
17500 -2.03766
17600 -2.04806
17700 -1.96524
17800 -2.00479
17900 -1.95928
18000 -1.99571
18100 -2.0532
18200 -1.96525
18300 -2.09957
18400 -1.97075
18500 -2.06319
18600 -2.01595
18700 -2.01613
18800 -1.96864
18900 -2.05557
19000 -2.02465
19100 -2.07725
19200 -1.93975
19300 -2.06711
19400 -1.9816
19500 -2.02302
19600 -2.04133
19700 -2.00726
19800 -2.01627
19900 -2.00919
20000 -1.97521
20100 -2.03793
20200 -2.07544
20300 -2.01452
20400 -1.93556
20500 -2.00809
20600 -2.03843
20700 -1.99065
20800 -2.06305
20900 -1.93786
21000 -2.07968
21100 -2.0122
21200 -2.03491
21300 -2.12416
21400 -2.02539
21500 -2.03634
21600 -2.05571
21700 -2.03596
21800 -1.94121
21900 -1.96974
22000 -2.02707
22100 -2.09086
22200 -1.92062
22300 -2.02487
22400 -2.00716
22500 -2.00305
22600 -2.1156
22700 -2.01593
22800 -1.9688
22900 -2.06715
23000 -2.12548
23100 -2.06067
23200 -2.12194
23300 -1.99831
23400 -2.04664
23500 -2.00794
23600 -1.99851
23700 -2.05478
23800 -2.07798
23900 -2.04193
24000 -2.03103
24100 -2.10318
24200 -1.99387
24300 -2.04037
24400 -1.96321
24500 -2.06912
24600 -2.02394
24700 -1.97535
24800 -1.95962
24900 -2.05113
25000 -2.03168
25100 -2.06058
25200 -2.03405
25300 -1.98814
25400 -2.0452
25500 -2.05752
25600 -2.01405
25700 -2.02226
25800 -2.0131
25900 -2.0598
26000 -1.98241
26100 -2.0647
26200 -2.07474
26300 -2.03339
26400 -2.04394
26500 -1.99649
26600 -2.07485
26700 -2.0072
26800 -1.94402
26900 -2.08874
27000 -2.07567
27100 -2.06413
27200 -2.05051
27300 -1.99708
27400 -1.95362
27500 -2.02858
27600 -2.05917
27700 -1.95214
27800 -2.10027
27900 -1.93791
28000 -2.07825
28100 -2.01813
28200 -2.01474
28300 -1.99028
28400 -1.9953
28500 -1.92117
28600 -1.98875
28700 -2.02403
28800 -2.00244
28900 -1.95378
29000 -1.99348
29100 -2.00297
29200 -1.95773
29300 -2.03113
29400 -2.01277
29500 -2.05324
29600 -2.07777
29700 -1.87773
29800 -1.97618
29900 -2.00069
30000 -2.01206
30100 -1.9994
30200 -1.92654
30300 -2.03367
30400 -2.05182
30500 -2.08811
30600 -1.99348
30700 -1.93441
30800 -2.01377
30900 -1.98091
31000 -1.99215
31100 -2.06829
31200 -2.02737
31300 -2.07992
31400 -2.0251
31500 -1.97157
31600 -1.89609
31700 -2.01685
31800 -1.93763
31900 -2.06727
32000 -1.99087
32100 -1.93099
32200 -2.04181
32300 -1.95918
32400 -1.99664
32500 -1.91036
32600 -2.10342
32700 -2.02507
32800 -2.13852
32900 -2.03507
33000 -2.04181
33100 -2.08941
33200 -2.06456
33300 -2.06047
33400 -1.98806
33500 -1.89357
33600 -1.99616
33700 -2.04026
33800 -1.99635
33900 -1.94444
34000 -1.96433
34100 -1.91182
34200 -2.02769
34300 -1.98007
34400 -2.07514
34500 -2.06447
34600 -2.00499
34700 -1.97387
34800 -2.03243
34900 -2.0057
35000 -2.05741
35100 -2.05188
35200 -2.01385
35300 -1.90201
35400 -2.00849
35500 -1.99887
35600 -2.09636
35700 -2.05163
35800 -2.02218
35900 -2.15424
36000 -2.00082
36100 -2.00185
36200 -1.9477
36300 -2.09641
36400 -1.94871
36500 -2.13318
36600 -1.97269
36700 -2.06423
36800 -2.05709
36900 -2.0685
37000 -2.09266
37100 -1.94973
37200 -2.00729
37300 -2.05323
37400 -1.96069
37500 -2.04202
37600 -2.02448
37700 -2.07148
37800 -2.0087
37900 -2.03662
38000 -2.00647
38100 -1.98689
38200 -1.96571
38300 -2.01958
38400 -2.0488
38500 -1.95994
38600 -2.011
38700 -2.05648
38800 -2.13134
38900 -2.07477
39000 -2.10706
39100 -2.04379
39200 -1.98711
39300 -2.03974
39400 -1.91123
39500 -2.02341
39600 -2.02711
39700 -2.02376
39800 -2.02341
39900 -1.99148
40000 -2.0098
40100 -2.05595
40200 -2.01472
40300 -2.01239
40400 -2.08938
40500 -2.03998
40600 -1.84242
40700 -2.00254
40800 -1.93261
40900 -2.06585
41000 -1.90723
41100 -2.1262
41200 -1.9082
41300 -2.07245
41400 -2.05977
41500 -1.94757
41600 -2.01691
41700 -2.03584
41800 -2.0253
41900 -1.8961
42000 -1.9859
42100 -2.02576
42200 -2.14684
42300 -1.97042
42400 -1.9749
42500 -1.90597
42600 -2.04535
42700 -1.96942
42800 -2.04112
42900 -2.01251
43000 -2.06873
43100 -2.00341
43200 -1.99634
43300 -2.03324
43400 -2.02458
43500 -2.02268
43600 -2.022
43700 -2.00967
43800 -2.03983
43900 -1.85502
44000 -1.98056
44100 -2.01703
44200 -2.02972
44300 -2.07254
44400 -2.01984
44500 -2.07037
44600 -1.95826
44700 -1.9811
44800 -1.97927
44900 -2.05585
45000 -1.97326
45100 -1.96879
45200 -2.08342
45300 -1.97081
45400 -1.97485
45500 -2.04355
45600 -1.94128
45700 -2.00681
45800 -2.07628
45900 -1.95385
46000 -2.00797
46100 -2.09383
46200 -1.9791
46300 -2.08799
46400 -2.04736
46500 -1.98928
46600 -2.06215
46700 -2.01968
46800 -2.01163
46900 -2.08759
47000 -2.02671
47100 -2.06038
47200 -1.94417
47300 -2.02044
47400 -2.04724
47500 -2.07972
47600 -2.05903
47700 -1.91585
47800 -1.9592
47900 -2.04775
48000 -1.92611
48100 -1.90258
48200 -2.02053
48300 -2.04797
48400 -2.09801
48500 -2.16284
48600 -1.99614
48700 -2.00922
48800 -1.97655
48900 -1.93283
49000 -1.99508
49100 -2.02885
49200 -1.99714
49300 -2.00829
49400 -2.00046
49500 -1.98684
49600 -2.06323
49700 -2.12087
49800 -2.10384
49900 -1.89656
50000 -1.96746
50100 -1.98796
50200 -1.98388
50300 -1.94883
50400 -1.94928
50500 -2.02176
50600 -2.04506
50700 -2.06756
50800 -2.12976
50900 -1.91042
51000 -1.97978
51100 -1.98568
51200 -2.02346
51300 -1.99375
51400 -1.98431
51500 -2.07095
51600 -2.12463
51700 -2.09509
51800 -2.00554
51900 -1.89867
52000 -2.01063
52100 -2.03737
52200 -1.95166
52300 -2.03963
52400 -2.0047
52500 -1.9209
52600 -2.08041
52700 -1.94638
52800 -2.02973
52900 -2.04632
53000 -1.95096
53100 -2.06465
53200 -2.06113
53300 -1.95794
53400 -1.99496
53500 -2.00265
53600 -2.05144
53700 -2.03317
53800 -2.14987
53900 -2.05672
54000 -1.97124
54100 -2.08411
54200 -1.95527
54300 -2.00209
54400 -1.97984
54500 -1.90948
54600 -2.04746
54700 -2.00174
54800 -1.95875
54900 -2.06737
55000 -1.97729
55100 -2.01206
55200 -2.06512
55300 -2.03238
55400 -2.01331
55500 -1.98538
55600 -1.9892
55700 -2.06186
55800 -2.04574
55900 -2.04564
56000 -2.03365
56100 -1.97317
56200 -2.02041
56300 -2.03151
56400 -2.04822
56500 -1.94526
56600 -2.04616
56700 -2.00211
56800 -1.93507
56900 -1.99223
57000 -2.05629
57100 -2.0055
57200 -1.94294
57300 -1.94379
57400 -2.08192
57500 -2.10947
57600 -2.04687
57700 -2.05572
57800 -2.01508
57900 -2.03735
58000 -2.07518
58100 -2.06806
58200 -2.04738
58300 -1.99036
58400 -2.01238
58500 -1.94791
58600 -2.00453
58700 -1.99505
58800 -2.03575
58900 -2.03538
59000 -1.96253
59100 -1.9236
59200 -1.96522
59300 -2.02634
59400 -2.00263
59500 -2.02352
59600 -2.00063
59700 -1.99615
59800 -2.05941
59900 -2.04201
60000 -1.9915
60100 -1.99945
60200 -2.03847
60300 -2.13003
60400 -2.1173
60500 -2.03847
60600 -2.10871
60700 -2.05915
60800 -2.02565
60900 -2.03267
61000 -2.03274
61100 -2.06127
61200 -1.99083
61300 -2.10724
61400 -2.01685
61500 -1.92227
61600 -1.98658
61700 -2.01103
61800 -1.99164
61900 -2.03441
62000 -2.02447
62100 -1.98369
62200 -1.99129
62300 -2.05354
62400 -2.05226
62500 -2.04795
62600 -2.04764
62700 -2.03416
62800 -2.06065
62900 -2.11886
63000 -2.07423
63100 -2.03919
63200 -2.03467
63300 -1.95785
63400 -2.07824
63500 -2.09356
63600 -2.0542
63700 -1.99251
63800 -2.01596
63900 -1.98504
64000 -2.01672
64100 -2.02139
64200 -2.01065
64300 -2.02652
64400 -2.09609
64500 -1.9777
64600 -1.9925
64700 -1.98446
64800 -2.02519
64900 -1.97768
65000 -2.03068
65100 -1.94941
65200 -2.01066
65300 -1.95424
65400 -2.01184
65500 -1.96686
65600 -1.99044
65700 -1.94984
65800 -2.03493
65900 -1.99972
66000 -2.03089
66100 -1.93044
66200 -1.98575
66300 -2.03469
66400 -2.08734
66500 -2.07092
66600 -2.00715
66700 -2.03135
66800 -2.03841
66900 -2.06177
67000 -1.97327
67100 -2.00531
67200 -2.07526
67300 -1.9322
67400 -2.01007
67500 -2.03796
67600 -1.97527
67700 -2.04324
67800 -1.98278
67900 -1.96753
68000 -2.0417
68100 -2.01088
68200 -2.01722
68300 -2.00727
68400 -2.01076
68500 -2.08447
68600 -2.06835
68700 -1.97878
68800 -2.01309
68900 -2.00325
69000 -2.06788
69100 -2.0093
69200 -2.00984
69300 -2.01279
69400 -1.98113
69500 -2.07582
69600 -1.95695
69700 -1.92676
69800 -1.90752
69900 -1.96955
70000 -2.0387
70100 -1.99553
70200 -2.02943
70300 -2.01133
70400 -1.99124
70500 -1.98368
70600 -2.04625
70700 -2.00774
70800 -1.98341
70900 -2.01892
71000 -1.9759
71100 -2.01511
71200 -2.09363
71300 -2.02303
71400 -1.97376
71500 -1.99192
71600 -2.03396
71700 -1.98236
71800 -1.95168
71900 -2.05529
72000 -2.08047
72100 -2.01442
72200 -1.96586
72300 -2.06814
72400 -1.98717
72500 -1.96557
72600 -2.02945
72700 -2.0603
72800 -2.01043
72900 -2.04197
73000 -1.99912
73100 -1.90357
73200 -1.99961
73300 -2.09034
73400 -2.04456
73500 -1.92698
73600 -1.91152
73700 -2.04801
73800 -1.98811
73900 -2.03023
74000 -1.92283
74100 -1.94879
74200 -1.9876
74300 -2.03909
74400 -2.04481
74500 -1.97315
74600 -1.99986
74700 -1.93378
74800 -2.13447
74900 -1.96401
75000 -2.03487
75100 -2.00448
75200 -1.95271
75300 -2.04083
75400 -2.02379
75500 -1.97099
75600 -1.94091
75700 -2.02515
75800 -1.99544
75900 -2.02253
76000 -1.97328
76100 -2.05769
76200 -2.0318
76300 -2.08337
76400 -1.96131
76500 -2.06718
76600 -2.0201
76700 -1.99273
76800 -2.03175
76900 -1.91245
77000 -1.96872
77100 -1.93059
77200 -2.00615
77300 -1.97488
77400 -1.99339
77500 -2.0923
77600 -1.99698
77700 -1.96969
77800 -2.08497
77900 -1.91686
78000 -1.97556
78100 -2.0102
78200 -2.05759
78300 -2.01356
78400 -2.02458
78500 -2.04301
78600 -1.94736
78700 -1.99288
78800 -1.99903
78900 -2.03793
79000 -2.08056
79100 -2.04551
79200 -2.01952
79300 -2.02068
79400 -1.98343
79500 -2.03878
79600 -2.00479
79700 -1.98959
79800 -2.04409
79900 -2.09197
80000 -2.00232
80100 -1.9533
80200 -2.01682
80300 -2.11145
80400 -2.03152
80500 -1.96962
80600 -2.0413
80700 -1.91454
80800 -2.09395
80900 -2.01404
81000 -1.92585
81100 -1.91228
81200 -1.97133
81300 -2.00912
81400 -2.0118
81500 -2.02003
81600 -2.03504
81700 -2.05913
81800 -1.9272
81900 -1.98491
82000 -2.00207
82100 -1.98568
82200 -1.97794
82300 -1.95756
82400 -2.0208
82500 -2.00116
82600 -2.06131
82700 -1.97209
82800 -2.03962
82900 -1.99315
83000 -1.95396
83100 -2.07645
83200 -2.0307
83300 -1.95738
83400 -2.04203
83500 -2.03063
83600 -2.10936
83700 -2.05876
83800 -2.03853
83900 -1.95634
84000 -2.01972
84100 -1.9941
84200 -1.99756
84300 -2.01565
84400 -1.93056
84500 -2.00383
84600 -1.93893
84700 -1.95029
84800 -1.98066
84900 -1.96702
85000 -1.95465
85100 -2.02855
85200 -2.03832
85300 -1.91184
85400 -2.00366
85500 -2.07728
85600 -2.05587
85700 -2.04088
85800 -2.01878
85900 -2.08197
86000 -1.98471
86100 -1.97091
86200 -2.01409
86300 -2.01257
86400 -2.00147
86500 -2.01905
86600 -1.98
86700 -1.99963
86800 -1.91467
86900 -2.0929
87000 -1.96531
87100 -2.01108
87200 -2.03368
87300 -2.02086
87400 -1.9837
87500 -1.93922
87600 -1.99449
87700 -1.99101
87800 -2.06224
87900 -2.08245
88000 -2.0396
88100 -2.02207
88200 -1.98365
88300 -1.9505
88400 -1.93644
88500 -2.05504
88600 -2.03991
88700 -1.94307
88800 -1.99685
88900 -2.05651
89000 -1.98878
89100 -2.03928
89200 -1.92536
89300 -2.06255
89400 -2.09308
89500 -1.87212
89600 -2.04856
89700 -2.0548
89800 -2.03795
89900 -1.98622
90000 -1.9273
90100 -2.02285
90200 -1.96477
90300 -1.97013
90400 -1.99128
90500 -1.95434
90600 -2.00111
90700 -1.97986
90800 -2.04843
90900 -2.04128
91000 -1.98071
91100 -2.04871
91200 -1.95158
91300 -1.95471
91400 -2.0478
91500 -2.06916
91600 -2.04412
91700 -2.07714
91800 -1.9432
91900 -1.95959
92000 -2.03941
92100 -2.0177
92200 -2.01887
92300 -2.02863
92400 -2.0068
92500 -2.02974
92600 -1.93832
92700 -2.05359
92800 -2.04243
92900 -1.94173
93000 -2.05156
93100 -2.05616
93200 -1.97952
93300 -2.04159
93400 -2.05261
93500 -1.95544
93600 -1.96041
93700 -1.99382
93800 -2.07287
93900 -1.99324
94000 -1.95911
94100 -2.00551
94200 -2.05575
94300 -1.96512
94400 -1.95698
94500 -2.07544
94600 -1.97417
94700 -2.0487
94800 -1.99952
94900 -2.11886
95000 -2.01438
95100 -1.99663
95200 -1.97354
95300 -1.95131
95400 -2.02542
95500 -2.01886
95600 -2.06322
95700 -2.00011
95800 -1.96916
95900 -1.93733
96000 -2.07587
96100 -2.10049
96200 -2.05007
96300 -1.96446
96400 -2.03344
96500 -2.02853
96600 -2.10133
96700 -2.02996
96800 -2.08464
96900 -2.03164
97000 -1.97681
97100 -2.04283
97200 -1.99446
97300 -1.97026
97400 -1.91867
97500 -2.05502
97600 -1.95167
97700 -2.01447
97800 -2.02312
97900 -2.03249
98000 -2.01653
98100 -2.00655
98200 -2.06603
98300 -1.87663
98400 -2.10761
98500 -2.07544
98600 -2.02177
98700 -2.10866
98800 -2.00651
98900 -2.04147
99000 -1.95633
99100 -1.96449
99200 -1.94055
99300 -2.07693
99400 -2.00134
99500 -1.97782
99600 -1.98804
99700 -1.91589
99800 -1.9786
99900 -2.01828
