0 -1.15269
100 -1.21818
200 -1.29665
300 -1.10901
400 -1.33132
500 -1.12722
600 -1.15585
700 -1.16997
800 -1.31048
900 -1.22028
1000 -1.2453
1100 -1.29669
1200 -1.26607
1300 -1.26008
1400 -1.18783
1500 -1.14944
1600 -1.35021
1700 -1.09239
1800 -1.27617
1900 -1.16276
2000 -1.16927
2100 -1.14835
2200 -1.30567
2300 -1.30898
2400 -1.30639
2500 -1.24963
2600 -1.34832
2700 -1.22183
2800 -1.38177
2900 -1.25239
3000 -1.23488
3100 -1.24983
3200 -1.22252
3300 -1.13495
3400 -1.08608
3500 -1.19677
3600 -1.14379
3700 -1.11376
3800 -1.08826
3900 -1.14522
4000 -1.14823
4100 -1.14481
4200 -1.10187
4300 -1.14894
4400 -1.10462
4500 -1.28694
4600 -1.21042
4700 -1.25295
4800 -1.1723
4900 -1.0133
5000 -1.08006
5100 -1.13416
5200 -0.987282
5300 -1.10485
5400 -1.13298
5500 -1.14161
5600 -1.26434
5700 -1.19312
5800 -1.15542
5900 -1.20733
6000 -1.2148
6100 -1.27214
6200 -1.18666
6300 -1.27658
6400 -1.41353
6500 -1.30475
6600 -1.2302
6700 -1.16218
6800 -1.28217
6900 -1.34962
7000 -1.33168
7100 -1.29828
7200 -1.3528
7300 -1.48652
7400 -1.47613
7500 -1.42743
7600 -1.51112
7700 -1.50051
7800 -1.42215
7900 -1.44214
8000 -1.31139
8100 -1.26003
8200 -1.26314
8300 -1.24615
8400 -1.33864
8500 -1.23483
8600 -1.26753
8700 -1.30083
8800 -1.20883
8900 -1.40038
9000 -1.09712
9100 -1.24579
9200 -1.26083
9300 -1.17147
9400 -1.18708
9500 -1.21963
9600 -1.21097
9700 -1.08398
9800 -1.29486
9900 -1.10135
10000 -1.09759
10100 -0.925428
10200 -1.11939
10300 -1.08277
10400 -1.15886
10500 -1.2542
10600 -1.37376
10700 -1.30937
10800 -1.10724
10900 -1.21425
11000 -1.3105
11100 -1.1088
11200 -1.07461
11300 -1.23113
11400 -1.22249
11500 -1.14878
11600 -1.15923
11700 -1.19066
11800 -1.1444
11900 -1.29912
12000 -1.12537
12100 -1.14464
12200 -1.23061
12300 -1.30885
12400 -1.18059
12500 -1.32181
12600 -1.37877
12700 -1.247
12800 -1.33728
12900 -1.31369
13000 -1.34069
13100 -1.17513
13200 -1.23501
13300 -1.20464
13400 -1.29777
13500 -1.31929
13600 -1.471
13700 -1.40366
13800 -1.2819
13900 -1.20245
14000 -1.33458
14100 -1.24086
14200 -1.3408
14300 -1.26426
14400 -1.26615
14500 -1.41035
14600 -1.22261
14700 -1.34855
14800 -1.17319
14900 -1.30652
15000 -1.28955
15100 -1.26371
15200 -1.28824
15300 -1.23895
15400 -1.26052
15500 -1.26923
15600 -1.35452
15700 -1.56059
15800 -1.47839
15900 -1.57387
16000 -1.51121
16100 -1.3918
16200 -1.60103
16300 -1.57003
16400 -1.58606
16500 -1.56271
16600 -1.44903
16700 -1.41796
16800 -1.40758
16900 -1.23918
17000 -1.17401
17100 -1.43087
17200 -1.35662
17300 -1.44
17400 -1.36836
17500 -1.38252
17600 -1.27614
17700 -1.33587
17800 -1.13733
17900 -1.24334
18000 -1.13415
18100 -1.26603
18200 -1.19974
18300 -1.3532
18400 -1.28542
18500 -1.46622
18600 -1.34982
18700 -1.36235
18800 -1.38233
18900 -1.23491
19000 -1.2966
19100 -1.15689
19200 -1.39812
19300 -1.24696
19400 -1.22502
19500 -1.28363
19600 -1.3611
19700 -1.31097
19800 -1.18682
19900 -1.19129
20000 -1.15861
20100 -1.16874
20200 -1.25103
20300 -1.0941
20400 -1.27094
20500 -1.40766
20600 -1.39476
20700 -1.41407
20800 -1.51831
20900 -1.22001
21000 -1.34247
21100 -1.32517
21200 -1.44185
21300 -1.62843
21400 -1.5722
21500 -1.62821
21600 -1.56655
21700 -1.47141
21800 -1.59292
21900 -1.47439
22000 -1.40858
22100 -1.36344
22200 -1.15016
22300 -1.35559
22400 -1.4124
22500 -1.4244
22600 -1.41871
22700 -1.30821
22800 -1.25929
22900 -1.30012
23000 -1.35138
23100 -1.3699
23200 -1.44676
23300 -1.23727
23400 -1.24174
23500 -1.25223
23600 -1.38304
23700 -1.3362
23800 -1.13397
23900 -1.29746
24000 -1.29572
24100 -1.45033
24200 -1.3563
24300 -1.23796
24400 -1.34157
24500 -1.29827
24600 -1.3623
24700 -1.16745
24800 -1.11474
24900 -1.08886
25000 -1.15723
25100 -1.25672
25200 -1.28147
25300 -1.44434
25400 -1.32548
25500 -1.23845
25600 -1.33094
25700 -1.29787
25800 -1.34217
25900 -1.2642
26000 -1.38843
26100 -1.26815
26200 -1.23039
26300 -1.25819
26400 -1.25898
26500 -1.31578
26600 -1.29048
26700 -1.28581
26800 -1.19428
26900 -1.34017
27000 -1.27199
27100 -1.27725
27200 -1.00045
27300 -1.12664
27400 -1.15139
27500 -1.17387
27600 -1.06716
27700 -0.990379
27800 -1.11935
27900 -1.13312
28000 -1.17108
28100 -1.05546
28200 -1.01673
28300 -1.12528
28400 -1.2402
28500 -1.27744
28600 -1.24099
28700 -1.28663
28800 -1.15376
28900 -1.1389
29000 -1.17309
29100 -1.23899
29200 -1.34745
29300 -1.3208
29400 -1.20259
29500 -1.1998
29600 -1.31352
29700 -1.30118
29800 -1.22295
29900 -1.41988
30000 -1.24317
30100 -1.31283
30200 -1.20728
30300 -1.33271
30400 -1.23732
30500 -1.31422
30600 -1.27062
30700 -1.42322
30800 -1.23817
30900 -1.34776
31000 -1.24075
31100 -1.20951
31200 -1.28481
31300 -1.16646
31400 -1.27147
31500 -1.24566
31600 -1.12513
31700 -1.25252
31800 -1.05349
31900 -1.29234
32000 -1.17198
32100 -1.26984
32200 -1.19725
32300 -1.21692
32400 -1.11643
32500 -1.13987
32600 -1.22599
32700 -1.11911
32800 -1.21262
32900 -1.13689
33000 -1.11568
33100 -1.0544
33200 -1.21657
33300 -1.19583
33400 -1.11209
33500 -1.17738
33600 -1.21994
33700 -1.34828
33800 -1.20575
33900 -1.24693
34000 -1.2543
34100 -1.19277
34200 -1.21138
34300 -1.10105
34400 -1.08492
34500 -1.08279
34600 -1.01648
34700 -1.12913
34800 -1.13844
34900 -1.02313
35000 -1.06688
35100 -1.02664
35200 -1.00246
35300 -0.883854
35400 -0.938172
35500 -0.987898
35600 -1.07457
35700 -1.06228
35800 -1.09697
35900 -1.05992
36000 -1.08683
36100 -1.20853
36200 -1.09517
36300 -1.26721
36400 -1.12333
36500 -1.17014
36600 -1.12384
36700 -1.06393
36800 -1.08518
36900 -1.05106
37000 -1.12311
37100 -1.16113
37200 -1.19967
37300 -1.10829
37400 -1.19008
37500 -1.17004
37600 -1.21277
37700 -1.22321
37800 -1.24143
37900 -1.14652
38000 -1.12366
38100 -1.21977
38200 -1.23264
38300 -1.22192
38400 -1.19803
38500 -1.20383
38600 -1.15946
38700 -1.35917
38800 -1.3764
38900 -1.33461
39000 -1.35875
39100 -1.31436
39200 -1.28826
39300 -1.26466
39400 -1.03889
39500 -1.13687
39600 -1.12117
39700 -1.26879
39800 -1.28432
39900 -1.2324
40000 -1.23278
40100 -1.19715
40200 -1.26075
40300 -1.26531
40400 -1.01398
40500 -1.12378
40600 -1.03545
40700 -1.11394
40800 -1.09553
40900 -1.1026
41000 -1.15942
41100 -1.27308
41200 -1.24674
41300 -1.4073
41400 -1.32857
41500 -1.31406
41600 -1.37355
41700 -1.37257
41800 -1.39833
41900 -1.42564
42000 -1.32517
42100 -1.21602
42200 -1.23368
42300 -1.31084
42400 -1.38975
42500 -1.28721
42600 -1.23177
42700 -1.13197
42800 -1.20061
42900 -1.13475
43000 -1.31869
43100 -1.3815
43200 -1.36766
43300 -1.24543
43400 -1.35292
43500 -1.45255
43600 -1.4818
43700 -1.5702
43800 -1.40316
43900 -1.31457
44000 -1.5247
44100 -1.38601
44200 -1.31953
44300 -1.28417
44400 -1.20678
44500 -1.24061
44600 -1.28429
44700 -1.35508
44800 -1.33154
44900 -1.24967
45000 -1.35291
45100 -1.43467
45200 -1.34343
45300 -1.37567
45400 -1.39921
45500 -1.35972
45600 -1.41463
45700 -1.31253
45800 -1.39857
45900 -1.36776
46000 -1.33978
46100 -1.51568
46200 -1.35268
46300 -1.37757
46400 -1.32004
46500 -1.22239
46600 -1.46951
46700 -1.39534
46800 -1.15814
46900 -1.18125
47000 -1.32709
47100 -1.48209
47200 -1.27023
47300 -1.35961
47400 -1.26571
47500 -1.25232
47600 -1.19586
47700 -1.29806
47800 -1.24037
47900 -1.18337
48000 -1.18394
48100 -1.32748
48200 -1.37889
48300 -1.24411
48400 -1.29325
48500 -1.1897
48600 -1.37391
48700 -1.38565
48800 -1.3257
48900 -1.22509
49000 -1.23033
49100 -1.26093
49200 -1.40207
49300 -1.32993
49400 -1.43456
49500 -1.43406
49600 -1.50197
49700 -1.40948
49800 -1.33653
49900 -1.52603
50000 -1.28728
50100 -1.17495
50200 -1.31316
50300 -1.335
50400 -1.26135
50500 -1.35215
50600 -1.30515
50700 -1.1487
50800 -1.20431
50900 -1.30841
51000 -1.32396
51100 -1.19887
51200 -1.45989
51300 -1.43193
51400 -1.30868
51500 -1.38797
51600 -1.27171
51700 -1.24573
51800 -1.23668
51900 -1.32814
52000 -1.32621
52100 -1.46461
52200 -1.28674
52300 -1.19177
52400 -1.25613
52500 -1.19509
52600 -1.17195
52700 -1.12688
52800 -1.23748
52900 -1.17912
53000 -1.30803
53100 -1.11081
53200 -0.9593
53300 -1.21359
53400 -1.12967
53500 -1.07038
53600 -1.10453
53700 -1.25429
53800 -1.09607
53900 -1.16362
54000 -1.21272
54100 -1.08346
54200 -1.20125
54300 -1.21158
54400 -1.30097
54500 -1.30081
54600 -1.03775
54700 -1.21428
54800 -1.33347
54900 -1.07093
55000 -1.30765
55100 -1.11012
55200 -1.11429
55300 -1.09922
55400 -1.08515
55500 -1.16807
55600 -1.38719
55700 -1.46095
55800 -1.43656
55900 -1.4969
56000 -1.30795
56100 -1.31424
56200 -1.2499
56300 -1.14618
56400 -1.29575
56500 -1.32471
56600 -1.30171
56700 -1.38259
56800 -1.21405
56900 -1.38001
57000 -1.30789
57100 -1.1883
57200 -1.28584
57300 -1.29008
57400 -1.27611
57500 -1.15846
57600 -1.12865
57700 -1.34345
57800 -1.2108
57900 -1.15244
58000 -1.24275
58100 -1.13423
58200 -1.00964
58300 -1.2973
58400 -1.22241
58500 -1.32715
58600 -1.30137
58700 -1.22855
58800 -1.22307
58900 -1.24609
59000 -1.4032
59100 -1.33182
59200 -1.2193
59300 -1.31118
59400 -1.20969
59500 -1.14734
59600 -1.15906
59700 -1.24056
59800 -1.38008
59900 -1.29511
60000 -1.35551
60100 -1.29832
60200 -1.34274
60300 -1.48787
60400 -1.35076
60500 -1.31549
60600 -1.28515
60700 -1.14462
60800 -1.3529
60900 -1.31618
61000 -1.37783
61100 -1.43764
61200 -1.46475
61300 -1.32321
61400 -1.48358
61500 -1.47103
61600 -1.36673
61700 -1.42835
61800 -1.28932
61900 -1.16
62000 -1.13285
62100 -1.25315
62200 -1.12511
62300 -1.02755
62400 -1.17692
62500 -1.10272
62600 -1.12105
62700 -1.1795
62800 -1.25321
62900 -1.18254
63000 -1.03249
63100 -1.1532
63200 -1.10375
63300 -1.13463
63400 -1.14953
63500 -1.26351
63600 -1.28049
63700 -1.25283
63800 -1.21341
63900 -1.24797
64000 -1.1686
64100 -1.07565
64200 -1.25599
64300 -1.01844
64400 -1.10284
64500 -1.19727
64600 -1.16668
64700 -1.28182
64800 -1.18706
64900 -1.1228
65000 -1.17198
65100 -1.30853
65200 -1.01384
65300 -1.16092
65400 -1.2183
65500 -0.951288
65600 -1.10031
65700 -1.22103
65800 -1.21387
65900 -1.18162
66000 -1.11689
66100 -1.08772
66200 -1.09332
66300 -1.03373
66400 -1.14988
66500 -1.16489
66600 -1.2108
66700 -1.29765
66800 -1.37595
66900 -1.31467
67000 -1.24842
67100 -1.2464
67200 -1.18605
67300 -1.33062
67400 -1.3603
67500 -1.35737
67600 -1.47255
67700 -1.48521
67800 -1.4001
67900 -1.42142
68000 -1.44385
68100 -1.21606
68200 -1.37529
68300 -1.39405
68400 -1.19696
68500 -1.34253
68600 -1.2293
68700 -1.23104
68800 -1.27935
68900 -1.25444
69000 -1.22442
69100 -1.31713
69200 -1.38199
69300 -1.44242
69400 -1.38762
69500 -1.37254
69600 -1.38633
69700 -1.282
69800 -1.13986
69900 -1.25461
70000 -1.05049
70100 -1.09735
70200 -1.24124
70300 -1.23004
70400 -1.22093
70500 -1.15272
70600 -1.22534
70700 -1.23387
70800 -1.19831
70900 -1.11027
71000 -1.28477
71100 -1.21616
71200 -1.09141
71300 -1.22475
71400 -1.11756
71500 -1.03929
71600 -1.12364
71700 -1.15024
71800 -1.06642
71900 -1.16411
72000 -1.15172
72100 -1.27359
72200 -1.25317
72300 -1.15239
72400 -1.20148
72500 -1.10603
72600 -0.972368
72700 -1.15661
72800 -1.16943
72900 -1.08146
73000 -1.25986
73100 -1.26189
73200 -1.12938
73300 -1.0782
73400 -1.25771
73500 -1.21669
73600 -0.939229
73700 -0.98786
73800 -1.06606
73900 -1.00886
74000 -1.22023
74100 -1.09581
74200 -1.22472
74300 -1.16565
74400 -1.3031
74500 -1.05635
74600 -1.11581
74700 -1.11148
74800 -1.11404
74900 -1.25351
75000 -1.16309
75100 -1.28208
75200 -1.34403
75300 -1.373
75400 -1.20033
75500 -1.21796
75600 -1.12562
75700 -1.08169
75800 -1.27542
75900 -1.40299
76000 -1.29772
76100 -1.3132
76200 -1.18547
76300 -1.1159
76400 -1.34038
76500 -1.32175
76600 -1.17856
76700 -1.2832
76800 -1.08952
76900 -1.20405
77000 -1.11522
77100 -1.20067
77200 -1.13849
77300 -1.23665
77400 -1.15799
77500 -1.28436
77600 -1.21258
77700 -1.19867
77800 -1.19683
77900 -1.19908
78000 -1.33386
78100 -1.23378
78200 -1.1823
78300 -1.17361
78400 -1.17821
78500 -1.06322
78600 -1.22554
78700 -1.35799
78800 -1.26392
78900 -1.14543
79000 -1.17955
79100 -1.37913
79200 -1.22216
79300 -1.41174
79400 -1.27415
79500 -1.02886
79600 -1.13924
79700 -1.19066
79800 -1.2796
79900 -1.22284
80000 -1.18892
80100 -1.34796
80200 -1.19423
80300 -1.16903
80400 -1.23895
80500 -1.30844
80600 -1.1932
80700 -0.960841
80800 -1.19697
80900 -1.21386
81000 -1.21224
81100 -1.11538
81200 -1.22175
81300 -1.17436
81400 -1.19802
81500 -1.24755
81600 -1.36496
81700 -1.23724
81800 -1.19402
81900 -1.29815
82000 -1.20404
82100 -1.27941
82200 -1.08796
82300 -1.12861
82400 -1.29953
82500 -1.37872
82600 -1.33281
82700 -1.20249
82800 -1.13071
82900 -1.06335
83000 -1.16166
83100 -1.18842
83200 -1.16123
83300 -1.05963
83400 -1.20733
83500 -1.29281
83600 -1.36793
83700 -1.30429
83800 -1.28619
83900 -1.1751
84000 -1.29632
84100 -1.12533
84200 -1.16139
84300 -1.25891
84400 -1.07713
84500 -1.22679
84600 -1.1765
84700 -1.06455
84800 -0.999016
84900 -1.24373
85000 -1.0566
85100 -1.11334
85200 -1.14644
85300 -1.12387
85400 -1.08388
85500 -1.13354
85600 -0.944338
85700 -1.22516
85800 -1.25121
85900 -1.2132
86000 -1.13573
86100 -1.15931
86200 -1.08429
86300 -1.12645
86400 -1.13905
86500 -1.0707
86600 -1.05979
86700 -1.09521
86800 -1.00345
86900 -1.34839
87000 -1.29472
87100 -1.23912
87200 -1.22269
87300 -1.33509
87400 -1.5635
87500 -1.42254
87600 -1.41307
87700 -1.51245
87800 -1.4504
87900 -1.48063
88000 -1.3935
88100 -1.48495
88200 -1.39786
88300 -1.29869
88400 -1.07136
88500 -1.12603
88600 -1.11359
88700 -1.12009
88800 -1.24491
88900 -1.32586
89000 -1.36875
89100 -1.41352
89200 -1.32777
89300 -1.28348
89400 -1.34832
89500 -1.28064
89600 -1.21972
89700 -1.20559
89800 -1.2766
89900 -1.22179
90000 -1.20185
90100 -1.10847
90200 -1.15661
90300 -1.26347
90400 -1.18943
90500 -1.38038
90600 -1.33893
90700 -1.20689
90800 -1.38463
90900 -1.30063
91000 -1.24639
91100 -1.29679
91200 -1.28313
91300 -1.42338
91400 -1.34602
91500 -1.35004
91600 -1.36416
91700 -1.45934
91800 -1.54257
91900 -1.52817
92000 -1.37584
92100 -1.30313
92200 -1.34106
92300 -1.28764
92400 -1.28533
92500 -1.40963
92600 -1.17835
92700 -1.2156
92800 -1.18631
92900 -1.34249
93000 -1.27988
93100 -1.12725
93200 -1.38244
93300 -1.35843
93400 -1.34252
93500 -1.33267
93600 -1.27689
93700 -1.33735
93800 -1.29435
93900 -1.2638
94000 -1.34788
94100 -1.23684
94200 -1.28317
94300 -1.48052
94400 -1.39015
94500 -1.17893
94600 -1.10821
94700 -1.05898
94800 -0.993109
94900 -0.995415
95000 -1.32495
95100 -1.14447
95200 -1.16751
95300 -1.05527
95400 -0.905227
95500 -1.06673
95600 -1.10266
95700 -1.13615
95800 -1.09063
95900 -1.06283
96000 -1.19862
96100 -1.15865
96200 -1.03202
96300 -1.07511
96400 -1.06402
96500 -1.06424
96600 -1.10668
96700 -1.03922
96800 -0.980037
96900 -1.14038
97000 -1.09074
97100 -1.13102
97200 -1.07843
97300 -0.915159
97400 -1.00181
97500 -1.02631
97600 -1.09738
97700 -1.23125
97800 -1.33802
97900 -1.32625
98000 -1.24218
98100 -1.1713
98200 -1.13271
98300 -1.24267
98400 -1.15222
98500 -1.30635
98600 -1.15946
98700 -1.35828
98800 -1.20056
98900 -1.41922
99000 -1.18995
99100 -1.16425
99200 -1.01459
99300 -1.13321
99400 -1.13396
99500 -1.06956
99600 -1.28235
99700 -1.27516
99800 -1.29045
99900 -1.39157
