0 -2.28273
100 -2.36196
200 -2.36342
300 -2.34509
400 -2.40182
500 -2.36554
600 -2.38734
700 -2.3324
800 -2.40027
900 -2.36682
1000 -2.26571
1100 -2.21452
1200 -2.26761
1300 -2.316
1400 -2.29086
1500 -2.25787
1600 -2.34678
1700 -2.30313
1800 -2.33054
1900 -2.33201
2000 -2.32426
2100 -2.35106
2200 -2.25997
2300 -2.38357
2400 -2.25755
2500 -2.34946
2600 -2.40525
2700 -2.43886
2800 -2.35638
2900 -2.3485
3000 -2.36646
3100 -2.32525
3200 -2.31839
3300 -2.35963
3400 -2.43756
3500 -2.25321
3600 -2.44085
3700 -2.33233
3800 -2.43651
3900 -2.26119
4000 -2.25278
4100 -2.29884
4200 -2.34367
4300 -2.17427
4400 -2.3723
4500 -2.24883
4600 -2.34919
4700 -2.3382
4800 -2.39109
4900 -2.3401
5000 -2.37311
5100 -2.25539
5200 -2.30426
5300 -2.4005
5400 -2.2742
5500 -2.30867
5600 -2.26469
5700 -2.31152
5800 -2.364
5900 -2.37691
6000 -2.31812
6100 -2.39061
6200 -2.27205
6300 -2.30952
6400 -2.34802
6500 -2.29263
6600 -2.40438
6700 -2.43069
6800 -2.35597
6900 -2.36596
7000 -2.30003
7100 -2.35251
7200 -2.31171
7300 -2.42467
7400 -2.36369
7500 -2.27923
7600 -2.37491
7700 -2.32921
7800 -2.2603
7900 -2.27678
8000 -2.42489
8100 -2.24496
8200 -2.27046
8300 -2.30095
8400 -2.48142
8500 -2.40465
8600 -2.31137
8700 -2.38001
8800 -2.33371
8900 -2.35369
9000 -2.35647
9100 -2.34294
9200 -2.26719
9300 -2.28775
9400 -2.2829
9500 -2.33442
9600 -2.37048
9700 -2.43081
9800 -2.29563
9900 -2.30713
10000 -2.30541
10100 -2.26365
10200 -2.28303
10300 -2.3785
10400 -2.44764
10500 -2.37011
10600 -2.27105
10700 -2.34996
10800 -2.35822
10900 -2.36663
11000 -2.37362
11100 -2.36847
11200 -2.33318
11300 -2.34402
11400 -2.32328
11500 -2.39455
11600 -2.39468
11700 -2.30719
11800 -2.27957
11900 -2.30083
12000 -2.28435
12100 -2.19021
12200 -2.15784
12300 -2.33444
12400 -2.27246
12500 -2.39999
12600 -2.30271
12700 -2.3215
12800 -2.29191
12900 -2.2427
13000 -2.26993
13100 -2.33831
13200 -2.36134
13300 -2.35053
13400 -2.4033
13500 -2.38334
13600 -2.35711
13700 -2.25939
13800 -2.35645
13900 -2.2897
14000 -2.31496
14100 -2.41128
14200 -2.25125
14300 -2.2234
14400 -2.25627
14500 -2.34613
14600 -2.26184
14700 -2.31298
14800 -2.35583
14900 -2.43742
15000 -2.3178
15100 -2.32814
15200 -2.37811
15300 -2.38652
15400 -2.27755
15500 -2.22378
15600 -2.37793
15700 -2.24845
15800 -2.34674
15900 -2.39165
16000 -2.35444
16100 -2.34231
16200 -2.23235
16300 -2.2343
16400 -2.31307
16500 -2.3717
16600 -2.2943
16700 -2.42752
16800 -2.48388
16900 -2.27685
17000 -2.34863
17100 -2.33707
17200 -2.34143
17300 -2.36002
17400 -2.27766
17500 -2.36661
17600 -2.27634
17700 -2.26539
17800 -2.3562
17900 -2.371
18000 -2.27653
18100 -2.40216
18200 -2.44245
18300 -2.32518
18400 -2.39828
18500 -2.39661
18600 -2.39056
18700 -2.42591
18800 -2.2153
18900 -2.3427
19000 -2.23386
19100 -2.26101
19200 -2.38123
19300 -2.26728
19400 -2.2848
19500 -2.36136
19600 -2.33841
19700 -2.30463
19800 -2.41697
19900 -2.33323
20000 -2.38047
20100 -2.37343
20200 -2.3607
20300 -2.23313
20400 -2.29379
20500 -2.36126
20600 -2.37124
20700 -2.34752
20800 -2.32295
20900 -2.37959
21000 -2.33801
21100 -2.37361
21200 -2.29386
21300 -2.34036
21400 -2.25415
21500 -2.23344
21600 -2.36829
21700 -2.24505
21800 -2.38387
21900 -2.40871
22000 -2.23084
22100 -2.40081
22200 -2.31131
22300 -2.28987
22400 -2.20363
22500 -2.28052
22600 -2.22162
22700 -2.32767
22800 -2.33833
22900 -2.18759
23000 -2.36662
23100 -2.39508
23200 -2.23834
23300 -2.33733
23400 -2.39592
23500 -2.34764
23600 -2.25602
23700 -2.37236
23800 -2.39692
23900 -2.37792
24000 -2.38104
24100 -2.23269
24200 -2.23241
24300 -2.3103
24400 -2.38018
24500 -2.34118
24600 -2.19346
24700 -2.43678
24800 -2.31394
24900 -2.36754
25000 -2.23783
25100 -2.32666
25200 -2.33199
25300 -2.30287
25400 -2.35433
25500 -2.28575
25600 -2.28448
25700 -2.4868
25800 -2.39791
25900 -2.37912
26000 -2.42493
26100 -2.30919
26200 -2.4515
26300 -2.38931
26400 -2.43336
26500 -2.43845
26600 -2.3916
26700 -2.36611
26800 -2.3991
26900 -2.38312
27000 -2.39602
27100 -2.45052
27200 -2.30074
27300 -2.32958
27400 -2.42769
27500 -2.2399
27600 -2.33125
27700 -2.35208
27800 -2.33186
27900 -2.31629
28000 -2.38129
28100 -2.27144
28200 -2.21213
28300 -2.29663
28400 -2.46606
28500 -2.30609
28600 -2.31012
28700 -2.23849
28800 -2.40854
28900 -2.33622
29000 -2.41624
29100 -2.30582
29200 -2.31432
29300 -2.25799
29400 -2.34634
29500 -2.35816
29600 -2.32306
29700 -2.37229
29800 -2.43993
29900 -2.32935
30000 -2.29577
30100 -2.35312
30200 -2.40386
30300 -2.39679
30400 -2.35809
30500 -2.28812
30600 -2.18821
30700 -2.35798
30800 -2.37143
30900 -2.39606
31000 -2.40671
31100 -2.36193
31200 -2.41744
31300 -2.32465
31400 -2.37183
31500 -2.44819
31600 -2.34354
31700 -2.41939
31800 -2.38417
31900 -2.1871
32000 -2.39842
32100 -2.33887
32200 -2.33355
32300 -2.35637
32400 -2.1993
32500 -2.30944
32600 -2.25091
32700 -2.38325
32800 -2.36791
32900 -2.27591
33000 -2.17823
33100 -2.31207
33200 -2.37347
33300 -2.28981
33400 -2.36634
33500 -2.34343
33600 -2.25573
33700 -2.33794
33800 -2.42004
33900 -2.43495
34000 -2.22887
34100 -2.29548
34200 -2.35961
34300 -2.29033
34400 -2.23326
34500 -2.32102
34600 -2.22679
34700 -2.32762
34800 -2.35814
34900 -2.27703
35000 -2.36159
35100 -2.37816
35200 -2.40913
35300 -2.22041
35400 -2.33986
35500 -2.21988
35600 -2.2381
35700 -2.22669
35800 -2.28539
35900 -2.34126
36000 -2.3469
36100 -2.50118
36200 -2.33474
36300 -2.33496
36400 -2.33289
36500 -2.33855
36600 -2.37215
36700 -2.40715
36800 -2.36498
36900 -2.38081
37000 -2.37152
37100 -2.37474
37200 -2.3868
37300 -2.25321
37400 -2.34342
37500 -2.22429
37600 -2.30102
37700 -2.28676
37800 -2.33853
37900 -2.27603
38000 -2.23293
38100 -2.1909
38200 -2.23048
38300 -2.3008
38400 -2.27662
38500 -2.28893
38600 -2.25328
38700 -2.27512
38800 -2.38666
38900 -2.31276
39000 -2.32793
39100 -2.42116
39200 -2.33749
39300 -2.30836
39400 -2.27787
39500 -2.34868
39600 -2.34106
39700 -2.29459
39800 -2.33785
39900 -2.27042
40000 -2.36172
40100 -2.30928
40200 -2.39777
40300 -2.37767
40400 -2.33073
40500 -2.46732
40600 -2.27488
40700 -2.39047
40800 -2.40768
40900 -2.35595
41000 -2.44986
41100 -2.45957
41200 -2.34603
41300 -2.35257
41400 -2.35742
41500 -2.43163
41600 -2.33182
41700 -2.30662
41800 -2.32574
41900 -2.38246
42000 -2.28743
42100 -2.40536
42200 -2.34822
42300 -2.31486
42400 -2.31656
42500 -2.43091
42600 -2.30897
42700 -2.3179
42800 -2.36863
42900 -2.32074
43000 -2.30049
43100 -2.19814
43200 -2.336
43300 -2.26646
43400 -2.35205
43500 -2.34314
43600 -2.26107
43700 -2.29798
43800 -2.26163
43900 -2.28788
44000 -2.29673
44100 -2.38683
44200 -2.37444
44300 -2.37695
44400 -2.30993
44500 -2.3492
44600 -2.37504
44700 -2.34562
44800 -2.35867
44900 -2.24911
45000 -2.24073
45100 -2.4246
45200 -2.3325
45300 -2.30242
45400 -2.30848
45500 -2.3755
45600 -2.19721
45700 -2.26849
45800 -2.38128
45900 -2.31448
46000 -2.23503
46100 -2.26261
46200 -2.39698
46300 -2.30042
46400 -2.3173
46500 -2.30357
46600 -2.36398
46700 -2.38443
46800 -2.46943
46900 -2.24088
47000 -2.29222
47100 -2.37339
47200 -2.36446
47300 -2.37984
47400 -2.29464
47500 -2.36276
47600 -2.26935
47700 -2.34779
47800 -2.40681
47900 -2.42699
48000 -2.33462
48100 -2.40904
48200 -2.38872
48300 -2.38514
48400 -2.4602
48500 -2.34266
48600 -2.26761
48700 -2.3825
48800 -2.28975
48900 -2.23822
49000 -2.33721
49100 -2.21961
49200 -2.34096
49300 -2.27683
49400 -2.38217
49500 -2.29313
49600 -2.46602
49700 -2.40723
49800 -2.31701
49900 -2.31317
50000 -2.24879
50100 -2.30185
50200 -2.44376
50300 -2.18735
50400 -2.33895
50500 -2.33635
50600 -2.36374
50700 -2.36244
50800 -2.34595
50900 -2.39557
51000 -2.25774
51100 -2.38904
51200 -2.52658
51300 -2.29676
51400 -2.35772
51500 -2.38211
51600 -2.39178
51700 -2.25814
51800 -2.3319
51900 -2.33694
52000 -2.33913
52100 -2.28946
52200 -2.29785
52300 -2.27634
52400 -2.21957
52500 -2.38058
52600 -2.29102
52700 -2.38799
52800 -2.35675
52900 -2.27385
53000 -2.29219
53100 -2.23725
53200 -2.29609
53300 -2.3032
53400 -2.31363
53500 -2.34684
53600 -2.28656
53700 -2.25416
53800 -2.44761
53900 -2.41416
54000 -2.35344
54100 -2.21421
54200 -2.3455
54300 -2.43192
54400 -2.24503
54500 -2.29347
54600 -2.31446
54700 -2.25165
54800 -2.35925
54900 -2.38868
55000 -2.27402
55100 -2.28431
55200 -2.30835
55300 -2.28253
55400 -2.458
55500 -2.21881
55600 -2.18026
55700 -2.18579
55800 -2.3449
55900 -2.33163
56000 -2.28747
56100 -2.35676
56200 -2.37907
56300 -2.39675
56400 -2.31878
56500 -2.2675
56600 -2.13244
56700 -2.25053
56800 -2.4334
56900 -2.41278
57000 -2.33542
57100 -2.33088
57200 -2.27045
57300 -2.34756
57400 -2.36098
57500 -2.20839
57600 -2.22592
57700 -2.33482
57800 -2.31482
57900 -2.34032
58000 -2.42042
58100 -2.30632
58200 -2.27951
58300 -2.41213
58400 -2.32855
58500 -2.40431
58600 -2.35287
58700 -2.37951
58800 -2.2793
58900 -2.32042
59000 -2.29571
59100 -2.2126
59200 -2.25472
59300 -2.35839
59400 -2.18687
59500 -2.44255
59600 -2.34079
59700 -2.26692
59800 -2.23748
59900 -2.32333
60000 -2.20452
60100 -2.23993
60200 -2.33718
60300 -2.3738
60400 -2.28286
60500 -2.38836
60600 -2.25297
60700 -2.37919
60800 -2.15673
60900 -2.39827
61000 -2.27342
61100 -2.32437
61200 -2.27597
61300 -2.39026
61400 -2.34234
61500 -2.31471
61600 -2.37063
61700 -2.30975
61800 -2.32828
61900 -2.14259
62000 -2.31836
62100 -2.36527
62200 -2.2786
62300 -2.3919
62400 -2.40153
62500 -2.2897
62600 -2.32275
62700 -2.31176
62800 -2.39342
62900 -2.3341
63000 -2.18342
63100 -2.36996
63200 -2.39148
63300 -2.39955
63400 -2.26183
63500 -2.33667
63600 -2.33673
63700 -2.40348
63800 -2.30308
63900 -2.3547
64000 -2.16007
64100 -2.22053
64200 -2.37106
64300 -2.36322
64400 -2.4069
64500 -2.31453
64600 -2.20536
64700 -2.34211
64800 -2.27771
64900 -2.26685
65000 -2.3313
65100 -2.23109
65200 -2.35017
65300 -2.23863
65400 -2.25262
65500 -2.41356
65600 -2.37708
65700 -2.32739
65800 -2.38188
65900 -2.32804
66000 -2.31085
66100 -2.33761
66200 -2.24101
66300 -2.33252
66400 -2.34962
66500 -2.34921
66600 -2.3707
66700 -2.4461
66800 -2.26876
66900 -2.34833
67000 -2.27646
67100 -2.40129
67200 -2.31353
67300 -2.29639
67400 -2.3789
67500 -2.43981
67600 -2.44722
67700 -2.39418
67800 -2.36219
67900 -2.31604
68000 -2.27431
68100 -2.37337
68200 -2.30397
68300 -2.34504
68400 -2.3494
68500 -2.40064
68600 -2.30313
68700 -2.37312
68800 -2.23677
68900 -2.25824
69000 -2.28082
69100 -2.30057
69200 -2.322
69300 -2.33811
69400 -2.33777
69500 -2.35455
69600 -2.37519
69700 -2.51367
69800 -2.34531
69900 -2.37643
70000 -2.29558
70100 -2.29143
70200 -2.31375
70300 -2.3475
70400 -2.40905
70500 -2.3552
70600 -2.31704
70700 -2.24364
70800 -2.30781
70900 -2.39024
71000 -2.36124
71100 -2.33818
71200 -2.37366
71300 -2.36604
71400 -2.35175
71500 -2.38767
71600 -2.37294
71700 -2.43094
71800 -2.40568
71900 -2.38137
72000 -2.37233
72100 -2.3344
72200 -2.3741
72300 -2.30197
72400 -2.27084
72500 -2.4227
72600 -2.40296
72700 -2.37241
72800 -2.40053
72900 -2.34476
73000 -2.26947
73100 -2.27761
73200 -2.34193
73300 -2.33108
73400 -2.327
73500 -2.32125
73600 -2.33275
73700 -2.29092
73800 -2.28834
73900 -2.32754
74000 -2.38625
74100 -2.29253
74200 -2.34841
74300 -2.33658
74400 -2.35903
74500 -2.43301
74600 -2.31329
74700 -2.3272
74800 -2.2289
74900 -2.28589
75000 -2.25926
75100 -2.3343
75200 -2.34115
75300 -2.41679
75400 -2.36227
75500 -2.40743
75600 -2.32545
75700 -2.29616
75800 -2.30851
75900 -2.34762
76000 -2.34179
76100 -2.34496
76200 -2.349
76300 -2.37813
76400 -2.41356
76500 -2.42191
76600 -2.33213
76700 -2.34584
76800 -2.34435
76900 -2.414
77000 -2.42323
77100 -2.24286
77200 -2.4336
77300 -2.3298
77400 -2.40109
77500 -2.31061
77600 -2.23684
77700 -2.34819
77800 -2.38421
77900 -2.34255
78000 -2.24246
78100 -2.35779
78200 -2.34972
78300 -2.35197
78400 -2.31576
78500 -2.37148
78600 -2.29317
78700 -2.30736
78800 -2.35117
78900 -2.35644
79000 -2.34669
79100 -2.31654
79200 -2.33652
79300 -2.25508
79400 -2.39612
79500 -2.27808
79600 -2.3639
79700 -2.29895
79800 -2.23013
79900 -2.26065
80000 -2.3629
80100 -2.22226
80200 -2.39136
80300 -2.41362
80400 -2.26403
80500 -2.2198
80600 -2.13354
80700 -2.31413
80800 -2.31095
80900 -2.33664
81000 -2.22272
81100 -2.33166
81200 -2.25263
81300 -2.32703
81400 -2.39107
81500 -2.34182
81600 -2.27576
81700 -2.35098
81800 -2.31005
81900 -2.32016
82000 -2.3426
82100 -2.37497
82200 -2.34904
82300 -2.30275
82400 -2.36554
82500 -2.34709
82600 -2.29855
82700 -2.37413
82800 -2.27311
82900 -2.36331
83000 -2.47087
83100 -2.32314
83200 -2.42646
83300 -2.48269
83400 -2.37209
83500 -2.50666
83600 -2.32044
83700 -2.2772
83800 -2.45224
83900 -2.30101
84000 -2.4632
84100 -2.2854
84200 -2.29232
84300 -2.37195
84400 -2.22719
84500 -2.4635
84600 -2.38378
84700 -2.32788
84800 -2.3212
84900 -2.34834
85000 -2.32901
85100 -2.29785
85200 -2.36353
85300 -2.29576
85400 -2.34911
85500 -2.3284
85600 -2.43395
85700 -2.3235
85800 -2.31103
85900 -2.38357
86000 -2.30892
86100 -2.26025
86200 -2.26451
86300 -2.28576
86400 -2.31351
86500 -2.19294
86600 -2.33329
86700 -2.2877
86800 -2.2597
86900 -2.34205
87000 -2.41105
87100 -2.29637
87200 -2.32121
87300 -2.23364
87400 -2.23445
87500 -2.35349
87600 -2.31729
87700 -2.29397
87800 -2.36654
87900 -2.28196
88000 -2.24555
88100 -2.36511
88200 -2.30152
88300 -2.33324
88400 -2.35189
88500 -2.27256
88600 -2.20357
88700 -2.3589
88800 -2.28928
88900 -2.28002
89000 -2.33631
89100 -2.30023
89200 -2.34515
89300 -2.36534
89400 -2.33824
89500 -2.3104
89600 -2.29958
89700 -2.37684
89800 -2.39644
89900 -2.25817
90000 -2.30291
90100 -2.24143
90200 -2.35222
90300 -2.35838
90400 -2.26606
90500 -2.3448
90600 -2.29918
90700 -2.27854
90800 -2.36989
90900 -2.41118
91000 -2.39529
91100 -2.22717
91200 -2.39035
91300 -2.36156
91400 -2.43053
91500 -2.34727
91600 -2.39498
91700 -2.32716
91800 -2.3194
91900 -2.26435
92000 -2.36312
92100 -2.35252
92200 -2.18563
92300 -2.2704
92400 -2.32403
92500 -2.27701
92600 -2.38757
92700 -2.3585
92800 -2.25497
92900 -2.39325
93000 -2.45558
93100 -2.29788
93200 -2.32456
93300 -2.33599
93400 -2.40138
93500 -2.35474
93600 -2.2121
93700 -2.38933
93800 -2.15787
93900 -2.28144
94000 -2.25356
94100 -2.28581
94200 -2.30187
94300 -2.27676
94400 -2.26933
94500 -2.35146
94600 -2.37209
94700 -2.40058
94800 -2.3876
94900 -2.38744
95000 -2.40942
95100 -2.29503
95200 -2.44839
95300 -2.36028
95400 -2.32288
95500 -2.3515
95600 -2.31423
95700 -2.32457
95800 -2.3433
95900 -2.28043
96000 -2.26217
96100 -2.29799
96200 -2.36034
96300 -2.34329
96400 -2.40083
96500 -2.24733
96600 -2.4333
96700 -2.42353
96800 -2.3367
96900 -2.44787
97000 -2.41345
97100 -2.26377
97200 -2.34788
97300 -2.30684
97400 -2.25222
97500 -2.26372
97600 -2.2378
97700 -2.30372
97800 -2.22774
97900 -2.32091
98000 -2.28651
98100 -2.26013
98200 -2.33825
98300 -2.25705
98400 -2.27146
98500 -2.34609
98600 -2.40896
98700 -2.2351
98800 -2.34692
98900 -2.28394
99000 -2.28154
99100 -2.28992
99200 -2.34584
99300 -2.3565
99400 -2.43316
99500 -2.32878
99600 -2.30839
99700 -2.34153
99800 -2.27777
99900 -2.38114
