0 -0.87816
100 -0.826642
200 -0.933516
300 -0.756123
400 -0.788977
500 -0.786681
600 -0.785868
700 -0.768143
800 -0.794172
900 -0.777226
1000 -0.738329
1100 -0.804434
1200 -0.846319
1300 -0.969194
1400 -0.885756
1500 -0.708739
1600 -0.784565
1700 -0.930844
1800 -0.776851
1900 -0.848973
2000 -0.696929
2100 -0.839185
2200 -0.804048
2300 -0.929403
2400 -0.743782
2500 -0.765913
2600 -0.820291
2700 -0.698532
2800 -0.700413
2900 -0.738439
3000 -0.814431
3100 -0.897099
3200 -0.837877
3300 -0.688035
3400 -0.693252
3500 -0.821571
3600 -0.756114
3700 -0.730741
3800 -0.690683
3900 -0.871316
4000 -0.857908
4100 -0.77184
4200 -0.74217
4300 -0.824983
4400 -0.859319
4500 -0.832426
4600 -0.743687
4700 -0.819793
4800 -0.861452
4900 -0.889648
5000 -0.806344
5100 -0.919415
5200 -0.865795
5300 -0.774362
5400 -0.795168
5500 -0.900378
5600 -0.762067
5700 -0.891127
5800 -0.843794
5900 -0.779333
6000 -1.0057
6100 -0.918206
6200 -0.852177
6300 -0.821849
6400 -0.766585
6500 -0.673405
6600 -0.867995
6700 -0.791251
6800 -0.818414
6900 -0.959848
7000 -0.920688
7100 -0.895341
7200 -0.948244
7300 -0.798786
7400 -0.755312
7500 -0.859412
7600 -0.874589
7700 -0.934757
7800 -0.822859
7900 -0.752862
8000 -0.876272
8100 -0.84372
8200 -0.841556
8300 -0.829132
8400 -0.832367
8500 -0.821091
8600 -0.760116
8700 -0.789485
8800 -0.827852
8900 -0.86193
9000 -0.828424
9100 -0.794173
9200 -0.751926
9300 -0.911344
9400 -0.84428
9500 -0.7299
9600 -0.835068
9700 -0.813188
9800 -0.839155
9900 -0.816063
10000 -0.792931
10100 -0.838177
10200 -0.8632
10300 -0.798775
10400 -0.729574
10500 -0.776487
10600 -0.793469
10700 -0.845211
10800 -0.807876
10900 -0.841722
11000 -0.849062
11100 -0.73546
11200 -0.742618
11300 -0.690972
11400 -0.855797
11500 -0.732212
11600 -0.727774
11700 -0.786268
11800 -0.907317
11900 -0.955312
12000 -0.82424
12100 -0.766023
12200 -0.701209
12300 -0.803442
12400 -0.806125
12500 -0.737436
12600 -0.817113
12700 -0.76982
12800 -0.861176
12900 -0.837212
13000 -0.958097
13100 -0.884963
13200 -0.984021
13300 -0.942271
13400 -0.997765
13500 -0.899747
13600 -0.888245
13700 -0.839876
13800 -0.918853
13900 -0.797468
14000 -0.91651
14100 -0.894978
14200 -0.80109
14300 -0.926853
14400 -0.717691
14500 -0.80331
14600 -0.722542
14700 -0.931424
14800 -1.01027
14900 -0.843563
15000 -0.763679
15100 -0.931518
15200 -0.818135
15300 -0.670251
15400 -0.826496
15500 -0.680654
15600 -0.895311
15700 -0.863604
15800 -0.875868
15900 -0.941619
16000 -0.902896
16100 -0.853663
16200 -0.811098
16300 -0.700799
16400 -0.749761
16500 -0.885524
16600 -0.906082
16700 -0.840753
16800 -0.761689
16900 -0.774347
17000 -0.845426
17100 -0.77203
17200 -0.819377
17300 -0.825651
17400 -0.823601
17500 -0.724326
17600 -0.813861
17700 -0.923884
17800 -0.716865
17900 -0.805463
18000 -0.656708
18100 -0.878415
18200 -0.779562
18300 -0.734647
18400 -0.841635
18500 -0.793442
18600 -0.805293
18700 -0.94184
18800 -0.784648
18900 -0.849846
19000 -0.799912
19100 -0.697902
19200 -0.885991
19300 -0.769816
19400 -0.827262
19500 -0.95282
19600 -0.754426
19700 -0.744254
19800 -0.88774
19900 -0.760399
20000 -0.791212
20100 -0.845571
20200 -0.821474
20300 -0.922013
20400 -0.644239
20500 -0.762219
20600 -0.763491
20700 -0.792005
20800 -0.810808
20900 -0.81703
21000 -0.823111
21100 -0.779138
21200 -0.806463
21300 -0.649825
21400 -0.998134
21500 -0.76092
21600 -0.826345
21700 -0.829135
21800 -0.766536
21900 -0.706097
22000 -0.84382
22100 -0.781187
22200 -0.702725
22300 -0.758843
22400 -0.695182
22500 -0.679519
22600 -0.818947
22700 -0.854099
22800 -0.856395
22900 -0.940301
23000 -0.812766
23100 -0.793475
23200 -0.773107
23300 -0.859814
23400 -0.717298
23500 -0.779825
23600 -0.806753
23700 -0.752151
23800 -0.780775
23900 -0.833211
24000 -0.832534
24100 -0.896077
24200 -0.74214
24300 -0.78503
24400 -0.687487
24500 -0.681771
24600 -0.830852
24700 -0.748313
24800 -0.927811
24900 -0.851361
25000 -0.933888
25100 -0.836238
25200 -0.739063
25300 -0.759965
25400 -0.984005
25500 -0.85339
25600 -0.822245
25700 -0.961
25800 -0.847052
25900 -1.00719
26000 -0.959104
26100 -0.923513
26200 -0.819368
26300 -0.912644
26400 -0.975726
26500 -0.804531
26600 -0.713477
26700 -0.732187
26800 -0.783675
26900 -0.771146
27000 -0.745542
27100 -0.8016
27200 -0.839602
27300 -0.740005
27400 -0.844974
27500 -0.903892
27600 -0.746463
27700 -0.807428
27800 -1.02551
27900 -0.91925
28000 -0.731346
28100 -0.895838
28200 -0.836565
28300 -0.720662
28400 -0.772733
28500 -0.82318
28600 -0.86505
28700 -0.804469
28800 -0.762718
28900 -0.752253
29000 -0.750753
29100 -0.974859
29200 -0.933361
29300 -0.831244
29400 -0.927689
29500 -0.775505
29600 -0.823969
29700 -0.772298
29800 -0.87276
29900 -0.851148
30000 -0.767531
30100 -0.740589
30200 -0.831883
30300 -0.803691
30400 -0.782452
30500 -0.750352
30600 -0.846543
30700 -0.792607
30800 -0.732929
30900 -0.782091
31000 -0.868135
31100 -0.774377
31200 -0.780535
31300 -0.866749
31400 -0.907159
31500 -0.738272
31600 -0.734033
31700 -0.729684
31800 -0.670822
31900 -0.796107
32000 -0.728644
32100 -0.801752
32200 -0.743046
32300 -0.858009
32400 -0.87767
32500 -0.799285
32600 -0.896223
32700 -0.819111
32800 -0.770542
32900 -0.77818
33000 -0.844484
33100 -0.791784
33200 -0.849294
33300 -0.818304
33400 -0.803253
33500 -0.842519
33600 -0.90387
33700 -0.791446
33800 -0.731554
33900 -0.86436
34000 -0.832513
34100 -0.707371
34200 -0.747829
34300 -0.811052
34400 -0.956378
34500 -0.87602
34600 -0.780725
34700 -0.817837
34800 -0.888097
34900 -0.746982
35000 -0.813111
35100 -0.881227
35200 -0.983837
35300 -0.836181
35400 -0.850534
35500 -0.747462
35600 -0.858724
35700 -0.901277
35800 -0.809347
35900 -0.831841
36000 -0.871333
36100 -0.887553
36200 -0.754583
36300 -0.738945
36400 -0.844531
36500 -0.917569
36600 -0.875484
36700 -0.880635
36800 -0.889584
36900 -0.901665
37000 -0.840319
37100 -0.92809
37200 -0.839652
37300 -0.834358
37400 -0.727986
37500 -0.765418
37600 -0.924147
37700 -0.715382
37800 -0.87628
37900 -0.781018
38000 -0.825506
38100 -0.745173
38200 -0.707255
38300 -0.670384
38400 -0.79879
38500 -0.795098
38600 -0.866537
38700 -0.834174
38800 -0.88462
38900 -0.885029
39000 -0.709463
39100 -0.663127
39200 -0.718541
39300 -0.737526
39400 -0.782047
39500 -0.877023
39600 -0.800752
39700 -0.922902
39800 -0.733466
39900 -0.719875
40000 -0.782763
40100 -0.728937
40200 -0.816619
40300 -0.831477
40400 -0.803722
40500 -0.826593
40600 -0.785395
40700 -0.732178
40800 -0.734656
40900 -0.751127
41000 -0.852765
41100 -0.908206
41200 -0.654201
41300 -0.760107
41400 -0.62446
41500 -0.836024
41600 -0.736147
41700 -0.791411
41800 -0.759228
41900 -0.790693
42000 -0.804979
42100 -0.823498
42200 -0.948197
42300 -0.641679
42400 -0.815776
42500 -0.792554
42600 -0.904998
42700 -0.825641
42800 -0.899177
42900 -0.838977
43000 -0.784844
43100 -0.800343
43200 -0.880698
43300 -0.76738
43400 -0.719833
43500 -0.7877
43600 -0.817568
43700 -0.947572
43800 -0.983864
43900 -0.716197
44000 -0.81596
44100 -0.749253
44200 -0.903448
44300 -0.71513
44400 -0.802312
44500 -0.88177
44600 -0.783812
44700 -0.797045
44800 -0.709511
44900 -0.830596
45000 -0.754871
45100 -0.857984
45200 -0.85158
45300 -0.837338
45400 -0.746971
45500 -0.664693
45600 -0.836568
45700 -0.883061
45800 -0.928768
45900 -0.799659
46000 -0.79686
46100 -0.840019
46200 -0.846785
46300 -0.859185
46400 -0.840064
46500 -0.849345
46600 -0.866129
46700 -0.957199
46800 -0.727353
46900 -0.764783
47000 -0.89187
47100 -0.84406
47200 -0.866114
47300 -0.753024
47400 -0.913993
47500 -0.882012
47600 -0.730608
47700 -0.872852
47800 -0.918923
47900 -0.792995
48000 -0.900639
48100 -0.87541
48200 -0.771852
48300 -0.758941
48400 -0.852961
48500 -0.838769
48600 -0.753189
48700 -0.849125
48800 -0.903525
48900 -1.01987
49000 -0.855738
49100 -0.77434
49200 -0.719822
49300 -0.801604
49400 -0.801944
49500 -0.77406
49600 -0.82299
49700 -0.718157
49800 -0.881214
49900 -0.880195
50000 -0.769488
50100 -0.896837
50200 -0.802767
50300 -0.782916
50400 -0.747194
50500 -0.754198
50600 -0.814957
50700 -0.879629
50800 -0.844827
50900 -0.807964
51000 -0.813693
51100 -0.836651
51200 -0.771135
51300 -0.848087
51400 -0.944769
51500 -0.658101
51600 -0.802778
51700 -0.813903
51800 -1.04671
51900 -0.75957
52000 -0.833715
52100 -0.798758
52200 -0.6957
52300 -0.760936
52400 -0.725818
52500 -0.810179
52600 -0.735263
52700 -0.768059
52800 -0.771238
52900 -0.922196
53000 -0.821983
53100 -0.768606
53200 -0.78998
53300 -0.79653
53400 -0.812077
53500 -0.844938
53600 -0.811447
53700 -0.771971
53800 -0.814204
53900 -0.786209
54000 -0.959417
54100 -0.842114
54200 -0.861837
54300 -0.848557
54400 -0.83802
54500 -0.751369
54600 -0.816816
54700 -0.810443
54800 -0.749002
54900 -0.761072
55000 -0.733047
55100 -0.853651
55200 -0.741448
55300 -0.723398
55400 -0.83135
55500 -0.795782
55600 -0.940146
55700 -0.821691
55800 -0.750138
55900 -0.746776
56000 -0.716996
56100 -0.718876
56200 -0.833496
56300 -0.922478
56400 -0.832074
56500 -0.732233
56600 -0.785712
56700 -0.785092
56800 -0.86625
56900 -0.894271
57000 -0.812958
57100 -0.872944
57200 -0.86215
57300 -0.840521
57400 -1.03333
57500 -0.721653
57600 -0.703467
57700 -0.902645
57800 -0.729206
57900 -0.88783
58000 -0.858864
58100 -0.75827
58200 -0.800695
58300 -0.810577
58400 -0.874226
58500 -0.939292
58600 -0.784394
58700 -0.788274
58800 -0.685755
58900 -0.785254
59000 -0.811653
59100 -0.800634
59200 -0.902866
59300 -0.679668
59400 -0.776822
59500 -0.821626
59600 -0.774956
59700 -0.944096
59800 -0.915106
59900 -0.763885
60000 -0.942155
60100 -0.873918
60200 -0.899356
60300 -0.789587
60400 -0.830944
60500 -0.85079
60600 -0.795421
60700 -0.854314
60800 -0.791412
60900 -0.907952
61000 -0.84987
61100 -0.777046
61200 -0.938768
61300 -0.79837
61400 -0.787603
61500 -0.714613
61600 -0.77659
61700 -0.6464
61800 -0.763175
61900 -0.932832
62000 -0.934672
62100 -0.825533
62200 -0.862149
62300 -0.854605
62400 -0.857648
62500 -0.869746
62600 -0.845454
62700 -0.70666
62800 -0.85777
62900 -0.798699
63000 -0.824422
63100 -1.00747
63200 -0.775503
63300 -0.716729
63400 -0.80277
63500 -0.796781
63600 -0.896153
63700 -0.840559
63800 -0.912616
63900 -0.738039
64000 -0.808677
64100 -0.677657
64200 -1.0003
64300 -0.863565
64400 -0.92926
64500 -0.793993
64600 -0.853833
64700 -0.820865
64800 -0.855996
64900 -0.81918
65000 -0.809127
65100 -0.98495
65200 -0.765117
65300 -0.681072
65400 -0.838077
65500 -0.783565
65600 -0.741516
65700 -1.00446
65800 -0.818076
65900 -0.815529
66000 -0.933508
66100 -0.782388
66200 -0.672465
66300 -0.855855
66400 -0.770929
66500 -0.788764
66600 -0.749582
66700 -0.814892
66800 -0.8006
66900 -0.876508
67000 -0.858678
67100 -0.834322
67200 -0.866717
67300 -0.815359
67400 -0.825727
67500 -0.741619
67600 -0.791966
67700 -0.68815
67800 -0.825053
67900 -0.775638
68000 -0.834923
68100 -0.817155
68200 -0.836967
68300 -0.80562
68400 -0.770521
68500 -0.705707
68600 -0.815758
68700 -0.775632
68800 -0.880712
68900 -0.745912
69000 -0.81864
69100 -0.703328
69200 -0.669522
69300 -0.842443
69400 -0.884719
69500 -0.777768
69600 -0.672417
69700 -0.872379
69800 -0.721431
69900 -0.717949
70000 -0.808611
70100 -0.718236
70200 -0.822844
70300 -0.897169
70400 -0.777588
70500 -0.849795
70600 -0.754436
70700 -0.883656
70800 -0.777474
70900 -0.850105
71000 -0.803477
71100 -0.696874
71200 -0.719645
71300 -0.751617
71400 -0.870883
71500 -0.806068
71600 -0.797972
71700 -0.828516
71800 -0.85806
71900 -0.681452
72000 -0.841284
72100 -0.803388
72200 -0.854198
72300 -0.739508
72400 -0.764691
72500 -0.72238
72600 -0.667942
72700 -0.832963
72800 -0.811972
72900 -0.810325
73000 -0.901346
73100 -0.831306
73200 -0.702562
73300 -0.797675
73400 -0.842566
73500 -0.746003
73600 -0.674679
73700 -0.851435
73800 -0.854342
73900 -0.886983
74000 -0.921033
74100 -0.817106
74200 -0.715101
74300 -0.820813
74400 -0.77163
74500 -0.822415
74600 -0.853706
74700 -0.948143
74800 -0.840167
74900 -0.793691
75000 -0.766044
75100 -0.813105
75200 -0.830842
75300 -0.784312
75400 -0.774129
75500 -0.74741
75600 -0.882598
75700 -0.75557
75800 -0.817389
75900 -0.75381
76000 -0.748379
76100 -0.792513
76200 -0.771745
76300 -0.866031
76400 -0.782661
76500 -0.832412
76600 -0.775831
76700 -0.769355
76800 -0.8597
76900 -0.8801
77000 -1.05077
77100 -0.82132
77200 -0.754813
77300 -0.889714
77400 -0.80848
77500 -0.774447
77600 -0.857553
77700 -0.750476
77800 -0.742767
77900 -0.905757
78000 -0.755438
78100 -0.764821
78200 -0.843091
78300 -0.70628
78400 -0.710733
78500 -0.747066
78600 -0.788678
78700 -0.797318
78800 -0.786339
78900 -0.848722
79000 -0.918194
79100 -0.700377
79200 -0.750551
79300 -0.797226
79400 -0.722304
79500 -0.957189
79600 -0.908737
79700 -0.74874
79800 -0.848049
79900 -0.830119
80000 -0.814439
80100 -0.905915
80200 -0.85012
80300 -0.750535
80400 -0.71254
80500 -0.816919
80600 -0.681606
80700 -0.716105
80800 -0.790072
80900 -0.689809
81000 -0.773802
81100 -0.825283
81200 -0.743789
81300 -0.652809
81400 -0.810807
81500 -0.954345
81600 -0.768402
81700 -0.707523
81800 -0.943544
81900 -0.796587
82000 -0.767929
82100 -0.763942
82200 -0.848313
82300 -0.704329
82400 -0.801732
82500 -0.872106
82600 -0.768617
82700 -0.706913
82800 -0.88294
82900 -0.73953
83000 -0.876953
83100 -0.768913
83200 -0.820584
83300 -0.949642
83400 -0.83504
83500 -0.846903
83600 -0.744853
83700 -0.762844
83800 -0.856563
83900 -0.804062
84000 -0.894923
84100 -0.972203
84200 -0.757387
84300 -0.772771
84400 -0.704162
84500 -0.865362
84600 -0.755284
84700 -0.914675
84800 -0.837096
84900 -0.763578
85000 -0.84144
85100 -0.791219
85200 -0.80623
85300 -0.750997
85400 -0.956533
85500 -0.933414
85600 -0.822984
85700 -0.872138
85800 -0.894142
85900 -0.867077
86000 -0.912084
86100 -0.76243
86200 -0.927734
86300 -0.82653
86400 -0.857624
86500 -0.897132
86600 -0.845138
86700 -0.956771
86800 -0.631253
86900 -0.827667
87000 -0.882742
87100 -0.908124
87200 -0.761792
87300 -0.89808
87400 -0.796992
87500 -0.892836
87600 -0.859713
87700 -0.89355
87800 -0.762304
87900 -0.801477
88000 -0.652377
88100 -0.849074
88200 -0.804097
88300 -0.747268
88400 -0.896774
88500 -0.73876
88600 -0.725478
88700 -0.885504
88800 -0.772818
88900 -0.766436
89000 -0.866738
89100 -0.831573
89200 -0.709511
89300 -0.769251
89400 -0.84139
89500 -0.775541
89600 -0.747132
89700 -0.821473
89800 -0.857676
89900 -0.899311
90000 -0.751313
90100 -0.703884
90200 -0.802361
90300 -0.787503
90400 -0.820877
90500 -0.940569
90600 -0.842866
90700 -0.825969
90800 -0.76155
90900 -0.788652
91000 -0.806014
91100 -0.752873
91200 -0.84038
91300 -0.962082
91400 -0.778451
91500 -0.809795
91600 -0.795009
91700 -0.771654
91800 -0.843463
91900 -0.941733
92000 -0.919324
92100 -0.813215
92200 -0.844169
92300 -0.840577
92400 -0.823354
92500 -0.700986
92600 -0.829513
92700 -0.806629
92800 -0.960109
92900 -0.841496
93000 -0.939247
93100 -0.807719
93200 -0.780864
93300 -0.83154
93400 -0.801554
93500 -0.950632
93600 -0.83703
93700 -0.801713
93800 -0.896073
93900 -0.871763
94000 -0.730598
94100 -0.782567
94200 -0.778091
94300 -0.759824
94400 -0.664243
94500 -0.786069
94600 -0.831587
94700 -0.807921
94800 -0.691008
94900 -0.92786
95000 -0.827991
95100 -0.808606
95200 -0.897599
95300 -0.803719
95400 -0.788403
95500 -0.874285
95600 -0.828859
95700 -0.850949
95800 -0.852373
95900 -0.784944
96000 -0.844423
96100 -0.734582
96200 -0.752607
96300 -0.804995
96400 -0.747017
96500 -0.809321
96600 -0.81927
96700 -0.791179
96800 -0.77492
96900 -0.765813
97000 -0.759101
97100 -0.901635
97200 -0.777819
97300 -0.840761
97400 -0.732607
97500 -0.673813
97600 -0.814772
97700 -0.910328
97800 -0.877724
97900 -0.808387
98000 -0.807789
98100 -0.926846
98200 -0.800259
98300 -0.757441
98400 -0.878306
98500 -0.985432
98600 -0.968343
98700 -0.815263
98800 -0.81814
98900 -0.809912
99000 -0.750924
99100 -0.797297
99200 -0.80651
99300 -0.85361
99400 -0.825276
99500 -0.735527
99600 -0.836446
99700 -0.731543
99800 -0.886136
99900 -0.85512
