0 -1.1087
100 -1.41324
200 -1.1374
300 -1.23933
400 -1.09922
500 -1.28813
600 -1.24068
700 -1.29575
800 -1.1832
900 -1.1452
1000 -1.22209
1100 -1.2362
1200 -1.23241
1300 -1.15464
1400 -1.14567
1500 -1.20439
1600 -1.29855
1700 -1.23556
1800 -1.16233
1900 -1.0047
2000 -1.11235
2100 -1.23294
2200 -1.21267
2300 -1.20012
2400 -1.15817
2500 -1.19781
2600 -1.18514
2700 -1.34034
2800 -1.12594
2900 -1.24158
3000 -1.11751
3100 -1.16222
3200 -1.18561
3300 -1.22554
3400 -1.18963
3500 -1.12389
3600 -1.12554
3700 -1.07899
3800 -1.25472
3900 -1.17736
4000 -1.18522
4100 -1.12408
4200 -1.1909
4300 -1.14365
4400 -1.15387
4500 -1.22779
4600 -1.16207
4700 -1.19479
4800 -1.32887
4900 -1.2315
5000 -1.31142
5100 -1.20982
5200 -1.3001
5300 -1.18516
5400 -1.18507
5500 -1.05663
5600 -1.20501
5700 -1.21023
5800 -1.32585
5900 -1.2064
6000 -1.27632
6100 -1.22797
6200 -1.18915
6300 -1.19299
6400 -1.09012
6500 -1.23581
6600 -1.23098
6700 -1.33563
6800 -1.25864
6900 -1.19804
7000 -1.14071
7100 -1.19583
7200 -1.13543
7300 -1.16302
7400 -1.25042
7500 -1.1506
7600 -1.3118
7700 -1.0888
7800 -1.29372
7900 -1.15288
8000 -1.21943
8100 -1.20331
8200 -1.16429
8300 -1.31613
8400 -1.40731
8500 -1.23564
8600 -1.14579
8700 -1.30356
8800 -1.12105
8900 -1.12282
9000 -1.10071
9100 -1.13821
9200 -1.08126
9300 -1.1617
9400 -1.06215
9500 -1.07839
9600 -1.14987
9700 -1.32511
9800 -1.22733
9900 -1.24568
10000 -1.12257
10100 -1.10668
10200 -1.22747
10300 -1.07586
10400 -1.22888
10500 -1.21642
10600 -1.22551
10700 -1.43285
10800 -1.29919
10900 -1.3201
11000 -1.16708
11100 -1.13697
11200 -1.18708
11300 -1.15617
11400 -1.06179
11500 -1.11667
11600 -1.12363
11700 -1.2489
11800 -1.24865
11900 -1.03552
12000 -1.172
12100 -1.24498
12200 -1.17418
12300 -1.22492
12400 -1.23097
12500 -1.25549
12600 -1.16498
12700 -1.19507
12800 -1.22299
12900 -1.23229
13000 -1.17877
13100 -1.29777
13200 -1.18616
13300 -1.15224
13400 -1.29864
13500 -1.17987
13600 -1.18474
13700 -1.13363
13800 -1.16388
13900 -1.19032
14000 -1.12006
14100 -1.2505
14200 -1.15486
14300 -1.18787
14400 -1.05937
14500 -1.23082
14600 -1.2567
14700 -1.15316
14800 -1.00925
14900 -1.15769
15000 -1.23135
15100 -1.10891
15200 -1.19349
15300 -1.17521
15400 -1.32735
15500 -1.24419
15600 -1.41337
15700 -1.3401
15800 -1.30752
15900 -1.2123
16000 -1.18931
16100 -1.11841
16200 -1.10773
16300 -1.15335
16400 -1.21191
16500 -1.10767
16600 -1.05638
16700 -1.17944
16800 -1.24269
16900 -1.33862
17000 -1.19855
17100 -1.33842
17200 -1.21611
17300 -1.11912
17400 -1.21204
17500 -1.22562
17600 -1.10835
17700 -1.35642
17800 -1.22519
17900 -1.0765
18000 -1.18813
18100 -1.26264
18200 -1.04302
18300 -1.15292
18400 -1.19226
18500 -1.07493
18600 -1.153
18700 -1.06112
18800 -1.1821
18900 -1.22945
19000 -1.21479
19100 -1.2673
19200 -1.15223
19300 -1.16426
19400 -1.04849
19500 -1.14651
19600 -1.10818
19700 -1.35461
19800 -1.36636
19900 -1.22199
20000 -1.29043
20100 -1.13755
20200 -1.1603
20300 -1.15106
20400 -1.16346
20500 -1.0305
20600 -1.16084
20700 -1.18857
20800 -1.02229
20900 -1.22136
21000 -1.29361
21100 -1.14005
21200 -1.17119
21300 -1.25001
21400 -1.20508
21500 -1.08014
21600 -1.26775
21700 -1.33241
21800 -1.16623
21900 -1.11997
22000 -1.17833
22100 -1.33436
22200 -1.30105
22300 -1.31704
22400 -1.1391
22500 -1.16475
22600 -1.09074
22700 -1.28249
22800 -1.32388
22900 -1.24624
23000 -1.24208
23100 -1.12382
23200 -1.17806
23300 -1.25921
23400 -1.10017
23500 -1.2012
23600 -1.13387
23700 -1.17364
23800 -1.2689
23900 -1.19307
24000 -1.30494
24100 -1.16016
24200 -1.24288
24300 -1.28208
24400 -1.21635
24500 -1.23259
24600 -1.16749
24700 -1.13166
24800 -1.20468
24900 -1.05766
25000 -1.29263
25100 -1.23379
25200 -1.31568
25300 -1.23408
25400 -1.25382
25500 -1.22233
25600 -1.30706
25700 -1.16128
25800 -1.32843
25900 -1.31721
26000 -1.21837
26100 -1.01342
26200 -1.1914
26300 -1.15925
26400 -1.29573
26500 -1.21656
26600 -1.3294
26700 -1.1132
26800 -1.12462
26900 -1.20571
27000 -1.34288
27100 -1.26112
27200 -1.27577
27300 -1.14816
27400 -1.30511
27500 -1.22609
27600 -1.17177
27700 -1.19138
27800 -1.18419
27900 -1.26834
28000 -1.13792
28100 -1.44868
28200 -1.34484
28300 -1.20039
28400 -1.18279
28500 -1.22178
28600 -1.2634
28700 -1.09994
28800 -1.21633
28900 -1.25156
29000 -1.1125
29100 -1.14111
29200 -1.17847
29300 -1.21547
29400 -1.13347
29500 -1.19438
29600 -1.15232
29700 -1.11877
29800 -1.01379
29900 -1.20676
30000 -1.09576
30100 -1.02476
30200 -1.14268
30300 -1.18411
30400 -1.24756
30500 -1.0722
30600 -1.19698
30700 -1.1295
30800 -1.19498
30900 -1.21752
31000 -1.31524
31100 -1.34431
31200 -1.24708
31300 -1.37836
31400 -1.1751
31500 -1.2488
31600 -1.20884
31700 -1.29515
31800 -1.39748
31900 -1.29528
32000 -1.1875
32100 -1.23429
32200 -1.15978
32300 -1.24067
32400 -1.11563
32500 -1.23346
32600 -1.10722
32700 -1.24913
32800 -1.22716
32900 -1.28202
33000 -1.04499
33100 -1.13399
33200 -1.01755
33300 -1.19738
33400 -1.34988
33500 -1.1052
33600 -1.13171
33700 -1.24741
33800 -1.23526
33900 -1.201
34000 -1.14709
34100 -1.15485
34200 -1.23113
34300 -1.18596
34400 -1.16776
34500 -1.22873
34600 -1.27476
34700 -1.20618
34800 -1.24404
34900 -1.17492
35000 -1.20225
35100 -1.2493
35200 -1.0799
35300 -1.0862
35400 -1.20548
35500 -1.0625
35600 -1.26297
35700 -0.962202
35800 -1.17765
35900 -1.15282
36000 -1.10612
36100 -1.17813
36200 -1.05161
36300 -1.18647
36400 -1.31293
36500 -1.38538
36600 -1.29588
36700 -1.33289
36800 -1.17942
36900 -1.25368
37000 -1.28021
37100 -1.27601
37200 -1.13078
37300 -1.11339
37400 -1.16635
37500 -1.15536
37600 -1.0733
37700 -1.25381
37800 -1.17026
37900 -1.2583
38000 -1.06084
38100 -1.12976
38200 -1.08776
38300 -1.0855
38400 -1.21058
38500 -1.22517
38600 -1.2717
38700 -1.37653
38800 -1.23231
38900 -1.33086
39000 -1.13114
39100 -1.1802
39200 -1.21847
39300 -1.23472
39400 -1.20439
39500 -1.14867
39600 -1.18209
39700 -1.20155
39800 -1.19289
39900 -1.2522
40000 -1.20213
40100 -1.23055
40200 -1.19719
40300 -1.05061
40400 -1.16885
40500 -1.18042
40600 -1.16536
40700 -1.16745
40800 -1.10305
40900 -1.1269
41000 -1.13337
41100 -1.16772
41200 -1.13834
41300 -1.09646
41400 -1.09867
41500 -1.15453
41600 -1.11314
41700 -1.04109
41800 -1.17163
41900 -1.0217
42000 -1.13517
42100 -1.14212
42200 -1.0366
42300 -1.22291
42400 -1.16648
42500 -1.2006
42600 -1.15202
42700 -1.2257
42800 -1.11853
42900 -1.08883
43000 -1.19747
43100 -1.03867
43200 -1.15911
43300 -1.04362
43400 -1.26276
43500 -1.24939
43600 -1.18955
43700 -1.25988
43800 -1.12351
43900 -0.990037
44000 -1.06176
44100 -1.12547
44200 -1.13421
44300 -1.06154
44400 -1.23649
44500 -1.09649
44600 -1.18634
44700 -1.25342
44800 -1.19846
44900 -1.11808
45000 -1.26238
45100 -1.08127
45200 -1.18157
45300 -1.17807
45400 -1.07914
45500 -1.07624
45600 -1.21106
45700 -1.26868
45800 -1.07557
45900 -1.17832
46000 -1.17037
46100 -1.28129
46200 -1.15111
46300 -1.24139
46400 -1.23066
46500 -1.15944
46600 -1.19104
46700 -1.21248
46800 -1.18106
46900 -1.27722
47000 -1.14748
47100 -1.33134
47200 -1.20995
47300 -1.16662
47400 -1.21961
47500 -1.23752
47600 -1.31314
47700 -1.29373
47800 -1.35639
47900 -1.2963
48000 -1.21621
48100 -1.18846
48200 -1.18324
48300 -1.08523
48400 -1.16162
48500 -1.19444
48600 -1.31985
48700 -1.20992
48800 -1.17007
48900 -1.09723
49000 -1.03141
49100 -1.08369
49200 -1.15056
49300 -1.17967
49400 -1.11694
49500 -1.13934
49600 -1.28549
49700 -1.17259
49800 -1.08521
49900 -1.11369
50000 -1.16634
50100 -1.13206
50200 -1.14507
50300 -1.01881
50400 -1.04514
50500 -1.12312
50600 -1.2492
50700 -1.29452
50800 -1.15594
50900 -1.23212
51000 -1.15035
51100 -1.03699
51200 -1.09699
51300 -1.23412
51400 -1.13375
51500 -1.23351
51600 -1.00774
51700 -1.17497
51800 -1.26012
51900 -1.13027
52000 -1.09485
52100 -1.18531
52200 -1.12982
52300 -1.11969
52400 -1.20785
52500 -1.22708
52600 -1.13784
52700 -1.17381
52800 -1.25906
52900 -1.31028
53000 -1.26445
53100 -1.13328
53200 -1.26397
53300 -1.39927
53400 -1.29189
53500 -1.18016
53600 -1.15691
53700 -1.1651
53800 -1.31125
53900 -1.1622
54000 -1.07514
54100 -1.09718
54200 -1.23785
54300 -1.16906
54400 -1.32648
54500 -1.2017
54600 -1.12277
54700 -1.10662
54800 -1.31696
54900 -1.1742
55000 -1.32723
55100 -1.24119
55200 -1.34336
55300 -1.27905
55400 -1.438
55500 -1.15844
55600 -1.10913
55700 -1.00821
55800 -1.13041
55900 -1.29744
56000 -1.4056
56100 -1.40003
56200 -1.25538
56300 -1.31079
56400 -1.20308
56500 -1.3388
56600 -1.30587
56700 -1.26278
56800 -1.2396
56900 -1.1417
57000 -1.26749
57100 -1.13065
57200 -1.25477
57300 -1.08547
57400 -1.20606
57500 -1.16135
57600 -1.24471
57700 -1.20273
57800 -1.30752
57900 -1.30809
58000 -1.2411
58100 -1.20505
58200 -1.05251
58300 -1.18966
58400 -1.19967
58500 -1.20076
58600 -1.17726
58700 -1.22327
58800 -1.2409
58900 -1.2291
59000 -1.14763
59100 -1.21328
59200 -1.1948
59300 -1.04856
59400 -1.21373
59500 -1.29948
59600 -1.1985
59700 -1.0955
59800 -1.1576
59900 -1.25297
60000 -1.20742
60100 -1.11437
60200 -1.25797
60300 -1.21951
60400 -1.1842
60500 -1.21409
60600 -1.15856
60700 -1.33101
60800 -1.36307
60900 -1.30411
61000 -1.27604
61100 -1.10547
61200 -1.16503
61300 -1.24311
61400 -1.23992
61500 -1.07047
61600 -1.18533
61700 -1.2175
61800 -1.2968
61900 -1.25008
62000 -1.16434
62100 -1.19391
62200 -1.22719
62300 -1.24525
62400 -1.19448
62500 -1.11304
62600 -1.25503
62700 -1.15935
62800 -1.23889
62900 -1.13449
63000 -1.32455
63100 -1.16344
63200 -1.38166
63300 -1.27208
63400 -1.21119
63500 -1.30405
63600 -1.17706
63700 -1.25799
63800 -1.22249
63900 -1.2069
64000 -1.14545
64100 -1.28633
64200 -1.28153
64300 -1.2086
64400 -1.11466
64500 -1.21644
64600 -1.25457
64700 -1.29372
64800 -1.15541
64900 -1.19889
65000 -1.2414
65100 -1.29584
65200 -1.20924
65300 -1.27487
65400 -1.2828
65500 -1.325
65600 -1.27875
65700 -1.25615
65800 -1.23997
65900 -1.29132
66000 -1.30658
66100 -1.1419
66200 -1.0901
66300 -1.14684
66400 -1.13829
66500 -1.23862
66600 -1.26703
66700 -1.24299
66800 -1.20254
66900 -1.2029
67000 -1.31299
67100 -1.302
67200 -1.29887
67300 -1.2969
67400 -1.08168
67500 -1.17576
67600 -1.20439
67700 -1.16938
67800 -1.13137
67900 -1.26648
68000 -1.1992
68100 -1.2391
68200 -1.20772
68300 -1.23044
68400 -1.20906
68500 -1.26196
68600 -1.22377
68700 -1.18145
68800 -1.18252
68900 -1.17756
69000 -1.12798
69100 -1.11066
69200 -1.24954
69300 -1.26136
69400 -1.31256
69500 -1.26929
69600 -1.25978
69700 -1.18625
69800 -1.12538
69900 -1.13166
70000 -1.11139
70100 -1.27492
70200 -1.29337
70300 -1.24137
70400 -1.1673
70500 -1.09791
70600 -1.31036
70700 -1.13584
70800 -1.30476
70900 -1.2813
71000 -1.31905
71100 -1.17585
71200 -1.23817
71300 -1.25995
71400 -1.16547
71500 -1.23999
71600 -1.13671
71700 -1.06802
71800 -1.19532
71900 -1.27054
72000 -1.20183
72100 -1.27704
72200 -1.20553
72300 -1.23927
72400 -1.2593
72500 -1.22843
72600 -1.21549
72700 -1.15223
72800 -1.0673
72900 -1.11718
73000 -1.17489
73100 -1.25765
73200 -1.19592
73300 -1.28825
73400 -1.11776
73500 -1.18787
73600 -1.27783
73700 -1.22642
73800 -1.20853
73900 -1.22398
74000 -1.42777
74100 -1.32207
74200 -1.17193
74300 -1.0654
74400 -1.18175
74500 -1.22365
74600 -1.15389
74700 -1.24077
74800 -1.17212
74900 -1.33504
75000 -1.18035
75100 -1.18021
75200 -1.16558
75300 -1.24474
75400 -1.09828
75500 -1.12598
75600 -1.24808
75700 -1.07689
75800 -1.28481
75900 -1.08236
76000 -1.20298
76100 -1.25321
76200 -1.19581
76300 -1.21429
76400 -1.10376
76500 -1.22447
76600 -1.21431
76700 -1.27668
76800 -1.16511
76900 -1.09219
77000 -1.17564
77100 -1.12645
77200 -1.27051
77300 -1.10307
77400 -1.21966
77500 -1.23026
77600 -1.20338
77700 -1.31215
77800 -1.14669
77900 -1.26338
78000 -1.158
78100 -1.19823
78200 -1.26527
78300 -1.21672
78400 -1.24596
78500 -1.08369
78600 -1.25878
78700 -1.29018
78800 -1.3316
78900 -1.23754
79000 -1.30453
79100 -1.27661
79200 -1.11906
79300 -1.09458
79400 -1.36353
79500 -1.26181
79600 -1.39588
79700 -1.12806
79800 -1.11549
79900 -1.13782
80000 -1.22473
80100 -1.26572
80200 -1.18129
80300 -1.14733
80400 -1.24212
80500 -1.18024
80600 -1.15296
80700 -1.10631
80800 -1.22692
80900 -1.31596
81000 -1.333
81100 -1.21073
81200 -1.47085
81300 -1.2601
81400 -1.24883
81500 -1.30344
81600 -1.23668
81700 -1.17957
81800 -1.22167
81900 -1.29887
82000 -1.33234
82100 -1.2389
82200 -1.25442
82300 -1.03528
82400 -1.22258
82500 -1.12322
82600 -1.1728
82700 -1.15156
82800 -1.0694
82900 -1.14799
83000 -1.19733
83100 -1.12135
83200 -1.11705
83300 -1.2967
83400 -1.25477
83500 -1.30096
83600 -1.20059
83700 -1.12781
83800 -1.19941
83900 -1.26716
84000 -1.12031
84100 -1.33235
84200 -1.20897
84300 -1.10512
84400 -1.25685
84500 -1.15762
84600 -1.12717
84700 -1.09884
84800 -1.31356
84900 -1.19589
85000 -1.26862
85100 -1.22108
85200 -1.14529
85300 -1.16701
85400 -1.23579
85500 -1.1438
85600 -1.1938
85700 -1.13339
85800 -1.17425
85900 -1.08337
86000 -1.14754
86100 -1.09817
86200 -1.30838
86300 -1.19956
86400 -1.32231
86500 -1.21766
86600 -1.32974
86700 -1.46117
86800 -1.42333
86900 -1.28797
87000 -1.33168
87100 -1.2958
87200 -1.17183
87300 -1.17992
87400 -1.13917
87500 -1.17112
87600 -1.19476
87700 -1.17083
87800 -1.27067
87900 -1.1382
88000 -1.12945
88100 -1.24527
88200 -1.0776
88300 -1.22595
88400 -1.19145
88500 -0.988514
88600 -1.38725
88700 -1.26707
88800 -1.27352
88900 -1.31292
89000 -1.22407
89100 -1.35646
89200 -1.13823
89300 -1.25324
89400 -1.16357
89500 -1.24072
89600 -1.16724
89700 -1.22855
89800 -1.12258
89900 -1.1266
90000 -1.16245
90100 -1.23662
90200 -1.11712
90300 -1.14775
90400 -1.10443
90500 -1.20068
90600 -1.05383
90700 -1.21133
90800 -1.11199
90900 -1.16681
91000 -1.1714
91100 -1.19819
91200 -1.23364
91300 -1.11488
91400 -1.13966
91500 -1.11708
91600 -1.26439
91700 -1.12436
91800 -1.21799
91900 -1.23045
92000 -1.06388
92100 -1.16036
92200 -1.11527
92300 -1.11347
92400 -1.18665
92500 -1.10161
92600 -1.22828
92700 -1.10714
92800 -1.2415
92900 -1.16515
93000 -1.237
93100 -1.28317
93200 -1.24873
93300 -1.26131
93400 -1.16187
93500 -1.23167
93600 -1.25881
93700 -1.32176
93800 -1.13464
93900 -1.18871
94000 -1.18606
94100 -1.16735
94200 -1.24901
94300 -1.11911
94400 -1.2289
94500 -1.32834
94600 -1.22875
94700 -1.2766
94800 -1.24119
94900 -1.21964
95000 -1.22165
95100 -1.16421
95200 -1.27184
95300 -1.14301
95400 -1.40289
95500 -1.3372
95600 -1.31563
95700 -1.30179
95800 -1.18222
95900 -1.08794
96000 -1.27281
96100 -1.28454
96200 -1.31495
96300 -1.13197
96400 -1.19856
96500 -1.14335
96600 -1.19326
96700 -1.31711
96800 -1.27564
96900 -1.18639
97000 -1.25988
97100 -1.12674
97200 -1.12568
97300 -1.12624
97400 -1.139
97500 -1.03155
97600 -1.05063
97700 -1.32915
97800 -1.13489
97900 -1.29954
98000 -1.24981
98100 -1.19349
98200 -1.15181
98300 -1.16305
98400 -1.26206
98500 -1.27549
98600 -1.38673
98700 -1.34774
98800 -1.24532
98900 -1.27429
99000 -1.13641
99100 -1.23749
99200 -1.16175
99300 -1.21194
99400 -1.2627
99500 -1.27193
99600 -1.2172
99700 -1.14433
99800 -1.12947
99900 -1.23928
