0 -1.30848
100 -1.31845
200 -1.40008
300 -1.28003
400 -1.21577
500 -1.27415
600 -1.28052
700 -1.11253
800 -1.02727
900 -1.11099
1000 -1.24536
1100 -1.14146
1200 -1.1072
1300 -1.15116
1400 -1.26118
1500 -1.32011
1600 -1.29973
1700 -1.37867
1800 -1.37351
1900 -1.31969
2000 -1.19406
2100 -1.22259
2200 -1.21481
2300 -1.29924
2400 -1.37792
2500 -1.23305
2600 -1.2042
2700 -1.28771
2800 -1.43678
2900 -1.54683
3000 -1.35108
3100 -1.3078
3200 -1.4115
3300 -1.3344
3400 -1.32918
3500 -1.28982
3600 -1.35784
3700 -1.26564
3800 -1.34863
3900 -1.27289
4000 -1.34992
4100 -1.50531
4200 -1.39805
4300 -1.39997
4400 -1.2596
4500 -1.21065
4600 -1.35539
4700 -1.33883
4800 -1.44692
4900 -1.42278
5000 -1.62137
5100 -1.50986
5200 -1.46937
5300 -1.51384
5400 -1.49285
5500 -1.47738
5600 -1.6254
5700 -1.547
5800 -1.5406
5900 -1.52639
6000 -1.66782
6100 -1.4728
6200 -1.53164
6300 -1.46245
6400 -1.37617
6500 -1.35808
6600 -1.27626
6700 -1.1099
6800 -1.19311
6900 -1.17273
7000 -1.214
7100 -1.24975
7200 -1.12912
7300 -1.24385
7400 -1.15876
7500 -1.12888
7600 -1.16782
7700 -1.07062
7800 -1.27276
7900 -1.22151
8000 -1.14318
8100 -1.2952
8200 -1.4213
8300 -1.37434
8400 -1.43171
8500 -1.35355
8600 -1.40913
8700 -1.33881
8800 -1.34553
8900 -1.43017
9000 -1.42647
9100 -1.64339
9200 -1.62359
9300 -1.55363
9400 -1.62945
9500 -1.40976
9600 -1.51081
9700 -1.51561
9800 -1.50634
9900 -1.44045
10000 -1.52481
10100 -1.35083
10200 -1.43375
10300 -1.4417
10400 -1.44571
10500 -1.41956
10600 -1.38832
10700 -1.45326
10800 -1.48844
10900 -1.35546
11000 -1.40192
11100 -1.39879
11200 -1.33212
11300 -1.38338
11400 -1.53802
11500 -1.42877
11600 -1.31878
11700 -1.5349
11800 -1.43811
11900 -1.3819
12000 -1.30449
12100 -1.18761
12200 -1.17348
12300 -1.17541
12400 -1.17096
12500 -1.20666
12600 -1.10099
12700 -1.22142
12800 -1.14592
12900 -1.26463
13000 -1.19265
13100 -1.31648
13200 -1.17902
13300 -1.08567
13400 -1.18722
13500 -1.29767
13600 -1.23542
13700 -1.29578
13800 -1.19407
13900 -1.21849
14000 -1.16317
14100 -1.29742
14200 -1.26619
14300 -1.15663
14400 -1.07431
14500 -1.23502
14600 -1.06933
14700 -1.08484
14800 -1.03149
14900 -1.18057
15000 -1.05883
15100 -1.11406
15200 -1.19402
15300 -1.21272
15400 -1.29175
15500 -1.30298
15600 -1.50572
15700 -1.38035
15800 -1.20365
15900 -1.32687
16000 -1.3307
16100 -1.31528
16200 -1.34362
16300 -1.40624
16400 -1.42063
16500 -1.42181
16600 -1.44304
16700 -1.4034
16800 -1.35103
16900 -1.44588
17000 -1.36794
17100 -1.3563
17200 -1.38041
17300 -1.17545
17400 -1.27065
17500 -1.24374
17600 -1.28608
17700 -1.28801
17800 -1.23972
17900 -1.48432
18000 -1.44085
18100 -1.58757
18200 -1.59449
18300 -1.44431
18400 -1.409
18500 -1.18603
18600 -1.45441
18700 -1.47468
18800 -1.37832
18900 -1.2637
19000 -1.37192
19100 -1.54232
19200 -1.41246
19300 -1.29683
19400 -1.34761
19500 -1.39853
19600 -1.51653
19700 -1.45302
19800 -1.56434
19900 -1.63479
20000 -1.55158
20100 -1.61944
20200 -1.5383
20300 -1.48243
20400 -1.69804
20500 -1.38495
20600 -1.48191
20700 -1.34377
20800 -1.37879
20900 -1.33351
21000 -1.32916
21100 -1.18377
21200 -1.45238
21300 -1.40908
21400 -1.37565
21500 -1.38938
21600 -1.54183
21700 -1.55361
21800 -1.54424
21900 -1.34462
22000 -1.32729
22100 -1.29055
22200 -1.39859
22300 -1.51145
22400 -1.18438
22500 -1.22323
22600 -1.52244
22700 -1.40367
22800 -1.24192
22900 -1.32921
23000 -1.3743
23100 -1.43867
23200 -1.40371
23300 -1.23881
23400 -1.38576
23500 -1.39009
23600 -1.45273
23700 -1.54165
23800 -1.51378
23900 -1.56485
24000 -1.59332
24100 -1.72405
24200 -1.36006
24300 -1.40827
24400 -1.2848
24500 -1.43228
24600 -1.43862
24700 -1.44879
24800 -1.43373
24900 -1.37501
25000 -1.3829
25100 -1.17267
25200 -1.17289
25300 -1.32118
25400 -1.25776
25500 -1.153
25600 -1.38985
25700 -1.44952
25800 -1.4888
25900 -1.50075
26000 -1.6246
26100 -1.66877
26200 -1.48513
26300 -1.64606
26400 -1.43056
26500 -1.54437
26600 -1.44599
26700 -1.35887
26800 -1.35039
26900 -1.34149
27000 -1.31602
27100 -1.2282
27200 -1.2636
27300 -1.37095
27400 -1.43078
27500 -1.3069
27600 -1.2567
27700 -1.3453
27800 -1.45886
27900 -1.31301
28000 -1.19381
28100 -1.4219
28200 -1.17521
28300 -1.41833
28400 -1.22599
28500 -1.2459
28600 -1.34421
28700 -1.32552
28800 -1.44145
28900 -1.34729
29000 -1.39321
29100 -1.262
29200 -1.21982
29300 -1.31626
29400 -1.45824
29500 -1.33781
29600 -1.42148
29700 -1.50532
29800 -1.44732
29900 -1.2335
30000 -1.36064
30100 -1.41437
30200 -1.28345
30300 -1.22675
30400 -1.38302
30500 -1.37394
30600 -1.37374
30700 -1.53473
30800 -1.44889
30900 -1.35892
31000 -1.29967
31100 -1.50862
31200 -1.33579
31300 -1.43964
31400 -1.45565
31500 -1.48462
31600 -1.57053
31700 -1.40635
31800 -1.51044
31900 -1.49009
32000 -1.43454
32100 -1.38701
32200 -1.47667
32300 -1.35045
32400 -1.43463
32500 -1.45726
32600 -1.33318
32700 -1.46521
32800 -1.38488
32900 -1.40585
33000 -1.53778
33100 -1.524
33200 -1.60497
33300 -1.4915
33400 -1.7276
33500 -1.62581
33600 -1.51795
33700 -1.62359
33800 -1.5751
33900 -1.49835
34000 -1.67632
34100 -1.55188
34200 -1.48541
34300 -1.50281
34400 -1.54619
34500 -1.48111
34600 -1.51093
34700 -1.47879
34800 -1.50378
34900 -1.42524
35000 -1.52009
35100 -1.48875
35200 -1.24508
35300 -1.41049
35400 -1.34302
35500 -1.31675
35600 -1.39813
35700 -1.15492
35800 -1.34157
35900 -1.42332
36000 -1.3646
36100 -1.45612
36200 -1.57281
36300 -1.39095
36400 -1.41182
36500 -1.33184
36600 -1.38867
36700 -1.45829
36800 -1.39365
36900 -1.37821
37000 -1.4549
37100 -1.48578
37200 -1.61328
37300 -1.58058
37400 -1.5763
37500 -1.3211
37600 -1.38029
37700 -1.24638
37800 -1.17183
37900 -1.25963
38000 -1.27457
38100 -1.32275
38200 -1.3611
38300 -1.4421
38400 -1.41802
38500 -1.33624
38600 -1.31789
38700 -1.28146
38800 -1.24066
38900 -1.2465
39000 -1.24697
39100 -1.31878
39200 -1.34209
39300 -1.28355
39400 -1.31404
39500 -1.40039
39600 -1.33125
39700 -1.36567
39800 -1.35218
39900 -1.17547
40000 -1.18316
40100 -1.20263
40200 -1.21696
40300 -1.51189
40400 -1.40907
40500 -1.44588
40600 -1.29865
40700 -1.26356
40800 -1.29512
40900 -1.33761
41000 -1.44738
41100 -1.37773
41200 -1.27989
41300 -1.4264
41400 -1.42806
41500 -1.48736
41600 -1.43612
41700 -1.24217
41800 -1.41479
41900 -1.4724
42000 -1.33181
42100 -1.35569
42200 -1.35984
42300 -1.40418
42400 -1.11561
42500 -1.24386
42600 -1.45778
42700 -1.4404
42800 -1.43659
42900 -1.58049
43000 -1.51811
43100 -1.4972
43200 -1.42685
43300 -1.40261
43400 -1.48168
43500 -1.48349
43600 -1.55327
43700 -1.57623
43800 -1.43421
43900 -1.46369
44000 -1.58651
44100 -1.48002
44200 -1.30176
44300 -1.34772
44400 -1.38843
44500 -1.49046
44600 -1.24436
44700 -1.15657
44800 -1.19468
44900 -1.01323
45000 -1.24493
45100 -1.31846
45200 -1.40973
45300 -1.37295
45400 -1.32671
45500 -1.37057
45600 -1.43099
45700 -1.21959
45800 -1.39179
45900 -1.28652
46000 -1.26431
46100 -1.32466
46200 -1.34075
46300 -1.4673
46400 -1.43946
46500 -1.25735
46600 -1.33326
46700 -1.45201
46800 -1.27203
46900 -1.35424
47000 -1.26168
47100 -1.17681
47200 -1.24322
47300 -1.34195
47400 -1.19305
47500 -1.2565
47600 -1.38909
47700 -1.39325
47800 -1.28431
47900 -1.43674
48000 -1.36889
48100 -1.44603
48200 -1.5478
48300 -1.5321
48400 -1.32429
48500 -1.43016
48600 -1.49375
48700 -1.33158
48800 -1.45742
48900 -1.42314
49000 -1.39886
49100 -1.3309
49200 -1.34459
49300 -1.36919
49400 -1.31064
49500 -1.39078
49600 -1.43664
49700 -1.43599
49800 -1.33757
49900 -1.34878
50000 -1.47969
50100 -1.45534
50200 -1.54319
50300 -1.58848
50400 -1.59511
50500 -1.44416
50600 -1.54323
50700 -1.66816
50800 -1.49798
50900 -1.47764
51000 -1.37295
51100 -1.25088
51200 -1.29252
51300 -1.34193
51400 -1.24796
51500 -1.23311
51600 -1.33999
51700 -1.3186
51800 -1.46387
51900 -1.42738
52000 -1.47633
52100 -1.44476
52200 -1.30611
52300 -1.1869
52400 -1.297
52500 -1.24411
52600 -1.30525
52700 -1.30325
52800 -1.28167
52900 -1.32625
53000 -1.33602
53100 -1.18965
53200 -1.42977
53300 -1.34864
53400 -1.32446
53500 -1.4136
53600 -1.24597
53700 -1.315
53800 -1.34892
53900 -1.33116
54000 -1.38488
54100 -1.33827
54200 -1.49262
54300 -1.11486
54400 -1.33524
54500 -1.44038
54600 -1.6378
54700 -1.42119
54800 -1.50437
54900 -1.19378
55000 -1.24335
55100 -1.43109
55200 -1.41186
55300 -1.30526
55400 -1.34594
55500 -1.54696
55600 -1.38928
55700 -1.39673
55800 -1.2968
55900 -1.29907
56000 -1.30841
56100 -1.2815
56200 -1.19677
56300 -1.35496
56400 -1.30653
56500 -1.36721
56600 -1.27268
56700 -1.30019
56800 -1.38787
56900 -1.56528
57000 -1.25269
57100 -1.43532
57200 -1.44425
57300 -1.54604
57400 -1.40316
57500 -1.47291
57600 -1.25808
57700 -1.39693
57800 -1.3603
57900 -1.54783
58000 -1.43858
58100 -1.4113
58200 -1.42361
58300 -1.50949
58400 -1.37703
58500 -1.34958
58600 -1.32849
58700 -1.2736
58800 -1.37233
58900 -1.2378
59000 -1.24419
59100 -1.25954
59200 -1.16326
59300 -1.28556
59400 -1.26564
59500 -1.15589
59600 -1.18317
59700 -1.15027
59800 -1.13402
59900 -1.28505
60000 -1.25952
60100 -1.22866
60200 -1.08595
60300 -1.23003
60400 -1.17819
60500 -1.26738
60600 -1.32544
60700 -1.26114
60800 -1.44585
60900 -1.28123
61000 -1.32653
61100 -1.40855
61200 -1.24048
61300 -1.37639
61400 -1.14996
61500 -1.18093
61600 -1.23091
61700 -1.23872
61800 -1.36247
61900 -1.32394
62000 -1.23625
62100 -1.31323
62200 -1.42561
62300 -1.41127
62400 -1.32089
62500 -1.06695
62600 -1.19861
62700 -1.18796
62800 -1.21574
62900 -1.30612
63000 -1.08342
63100 -1.25754
63200 -1.40854
63300 -1.24965
63400 -1.10239
63500 -1.24503
63600 -1.35687
63700 -1.22879
63800 -1.15886
63900 -1.05314
64000 -1.18419
64100 -1.12565
64200 -1.05768
64300 -1.2007
64400 -1.24395
64500 -1.17457
64600 -1.13637
64700 -1.01802
64800 -1.06864
64900 -1.0118
65000 -1.12416
65100 -1.13755
65200 -1.21164
65300 -1.21799
65400 -1.07889
65500 -1.23608
65600 -1.18135
65700 -1.15041
65800 -1.16448
65900 -1.21835
66000 -1.04528
66100 -1.12387
66200 -1.04008
66300 -1.1804
66400 -1.233
66500 -1.20489
66600 -1.16754
66700 -1.14738
66800 -1.32572
66900 -1.36877
67000 -1.31708
67100 -1.18116
67200 -1.278
67300 -1.15005
67400 -1.15635
67500 -1.15579
67600 -1.12188
67700 -1.35893
67800 -1.28196
67900 -1.20912
68000 -1.17548
68100 -1.28408
68200 -1.34465
68300 -1.13494
68400 -1.04745
68500 -1.16359
68600 -1.16873
68700 -1.12015
68800 -1.14234
68900 -1.29816
69000 -1.21829
69100 -1.26926
69200 -1.06592
69300 -1.15444
69400 -1.0703
69500 -1.39208
69600 -1.31904
69700 -1.26454
69800 -1.21491
69900 -1.28114
70000 -1.30586
70100 -1.22707
70200 -1.27002
70300 -1.28996
70400 -1.43293
70500 -1.23907
70600 -1.32925
70700 -1.38906
70800 -1.18859
70900 -1.19957
71000 -1.2863
71100 -1.11715
71200 -1.11907
71300 -1.1867
71400 -1.21151
71500 -1.19583
71600 -1.18208
71700 -1.33845
71800 -1.19124
71900 -1.0785
72000 -1.23699
72100 -1.29878
72200 -1.23047
72300 -1.14482
72400 -1.17132
72500 -1.19482
72600 -1.17562
72700 -1.13406
72800 -1.20201
72900 -1.19567
73000 -1.28003
73100 -1.30989
73200 -1.37032
73300 -1.45513
73400 -1.26196
73500 -1.31586
73600 -1.27714
73700 -1.29883
73800 -1.29128
73900 -1.32783
74000 -1.48437
74100 -1.36627
74200 -1.47217
74300 -1.45295
74400 -1.58579
74500 -1.42311
74600 -1.2528
74700 -1.2533
74800 -1.29524
74900 -1.413
75000 -1.36846
75100 -1.44115
75200 -1.59115
75300 -1.47356
75400 -1.27933
75500 -1.34828
75600 -1.40443
75700 -1.37752
75800 -1.2926
75900 -1.27172
76000 -1.26636
76100 -1.18884
76200 -1.27813
76300 -1.26598
76400 -1.30804
76500 -1.47982
76600 -1.39111
76700 -1.35519
76800 -1.45783
76900 -1.43551
77000 -1.32418
77100 -1.45595
77200 -1.48037
77300 -1.47816
77400 -1.48033
77500 -1.32377
77600 -1.49469
77700 -1.39325
77800 -1.39635
77900 -1.42442
78000 -1.44564
78100 -1.46568
78200 -1.41346
78300 -1.3733
78400 -1.36633
78500 -1.22426
78600 -1.27141
78700 -1.2827
78800 -1.2601
78900 -1.22134
79000 -1.31655
79100 -1.6019
79200 -1.44094
79300 -1.37486
79400 -1.31411
79500 -1.19508
79600 -1.30479
79700 -1.25598
79800 -1.13534
79900 -1.2722
80000 -1.23279
80100 -1.32413
80200 -1.34267
80300 -1.439
80400 -1.29581
80500 -1.47481
80600 -1.42415
80700 -1.41626
80800 -1.37913
80900 -1.38495
81000 -1.31742
81100 -1.28809
81200 -1.39916
81300 -1.23877
81400 -1.3702
81500 -1.42399
81600 -1.51278
81700 -1.39473
81800 -1.24653
81900 -1.37961
82000 -1.37553
82100 -1.2158
82200 -1.38326
82300 -1.31774
82400 -1.14818
82500 -1.26152
82600 -1.18631
82700 -1.08366
82800 -1.12444
82900 -1.14588
83000 -1.14654
83100 -1.18927
83200 -1.36022
83300 -1.12873
83400 -1.11193
83500 -1.21088
83600 -1.0794
83700 -1.30664
83800 -1.38935
83900 -1.33414
84000 -1.15098
84100 -1.21801
84200 -1.18049
84300 -1.25655
84400 -1.27215
84500 -1.34586
84600 -1.20114
84700 -1.31863
84800 -1.25452
84900 -1.17081
85000 -1.37454
85100 -1.36568
85200 -1.50343
85300 -1.26829
85400 -1.33807
85500 -1.228
85600 -1.25042
85700 -1.40874
85800 -1.3318
85900 -1.33455
86000 -1.17029
86100 -1.40531
86200 -1.32633
86300 -1.53749
86400 -1.41029
86500 -1.22333
86600 -1.30269
86700 -1.26531
86800 -1.3157
86900 -1.28649
87000 -1.31152
87100 -1.52073
87200 -1.4623
87300 -1.45513
87400 -1.40054
87500 -1.5504
87600 -1.59781
87700 -1.43067
87800 -1.60697
87900 -1.38882
88000 -1.44023
88100 -1.43954
88200 -1.39647
88300 -1.44597
88400 -1.49987
88500 -1.4126
88600 -1.40777
88700 -1.46279
88800 -1.36608
88900 -1.23798
89000 -1.31322
89100 -1.33262
89200 -1.32282
89300 -1.36442
89400 -1.26895
89500 -1.13346
89600 -1.15046
89700 -1.26898
89800 -1.26751
89900 -1.28192
90000 -1.47289
90100 -1.30381
90200 -1.33571
90300 -1.37125
90400 -1.39097
90500 -1.29764
90600 -1.31007
90700 -1.33195
90800 -1.24579
90900 -1.42375
91000 -1.25317
91100 -1.30628
91200 -1.37503
91300 -1.53837
91400 -1.34548
91500 -1.54404
91600 -1.56479
91700 -1.44163
91800 -1.60088
91900 -1.56434
92000 -1.37146
92100 -1.4192
92200 -1.29602
92300 -1.41301
92400 -1.23797
92500 -1.13832
92600 -1.27429
92700 -1.50956
92800 -1.36228
92900 -1.4889
93000 -1.2435
93100 -1.19159
93200 -1.19704
93300 -1.206
93400 -1.17235
93500 -1.13935
93600 -1.38651
93700 -1.33452
93800 -1.36718
93900 -1.36397
94000 -1.2913
94100 -1.24314
94200 -1.23284
94300 -1.35557
94400 -1.14698
94500 -1.24047
94600 -1.35577
94700 -1.09324
94800 -1.33038
94900 -1.41508
95000 -1.38843
95100 -1.25741
95200 -1.31208
95300 -1.30826
95400 -1.42897
95500 -1.49722
95600 -1.28453
95700 -1.47993
95800 -1.47334
95900 -1.46939
96000 -1.43659
96100 -1.2543
96200 -1.33685
96300 -1.27358
96400 -1.30116
96500 -1.38739
96600 -1.29992
96700 -1.15112
96800 -1.34694
96900 -1.3229
97000 -1.29499
97100 -1.24088
97200 -1.28358
97300 -1.11987
97400 -1.13903
97500 -1.3913
97600 -1.27844
97700 -1.43293
97800 -1.24016
97900 -1.36183
98000 -1.36316
98100 -1.31727
98200 -1.4014
98300 -1.46822
98400 -1.38843
98500 -1.31008
98600 -1.30721
98700 -1.29009
98800 -1.35358
98900 -1.38329
99000 -1.36329
99100 -1.42421
99200 -1.6467
99300 -1.38375
99400 -1.35207
99500 -1.47148
99600 -1.32993
99700 -1.46315
99800 -1.5756
99900 -1.38841
