0 -1.29999
100 -1.45826
200 -1.22001
300 -1.31875
400 -1.41777
500 -1.245
600 -1.33735
700 -1.32516
800 -1.22952
900 -1.27193
1000 -1.35435
1100 -1.33989
1200 -1.24407
1300 -1.33757
1400 -1.3589
1500 -1.36859
1600 -1.42113
1700 -1.3119
1800 -1.22968
1900 -1.42426
2000 -1.33563
2100 -1.39978
2200 -1.24109
2300 -1.20291
2400 -1.38317
2500 -1.37062
2600 -1.17555
2700 -1.36846
2800 -1.27246
2900 -1.35501
3000 -1.37901
3100 -1.29421
3200 -1.33746
3300 -1.3244
3400 -1.37301
3500 -1.31554
3600 -1.31851
3700 -1.32911
3800 -1.35789
3900 -1.17021
4000 -1.26712
4100 -1.34725
4200 -1.33287
4300 -1.33865
4400 -1.29443
4500 -1.37902
4600 -1.33072
4700 -1.36496
4800 -1.36735
4900 -1.30752
5000 -1.39941
5100 -1.20638
5200 -1.31358
5300 -1.30062
5400 -1.34009
5500 -1.30328
5600 -1.33005
5700 -1.46034
5800 -1.41843
5900 -1.30199
6000 -1.31375
6100 -1.20315
6200 -1.32249
6300 -1.29433
6400 -1.32524
6500 -1.43563
6600 -1.43894
6700 -1.28489
6800 -1.36462
6900 -1.22903
7000 -1.34191
7100 -1.281
7200 -1.32774
7300 -1.27892
7400 -1.45393
7500 -1.28169
7600 -1.35744
7700 -1.3342
7800 -1.37945
7900 -1.42869
8000 -1.2664
8100 -1.327
8200 -1.346
8300 -1.34564
8400 -1.32709
8500 -1.28585
8600 -1.28454
8700 -1.39648
8800 -1.37613
8900 -1.38945
9000 -1.20508
9100 -1.40107
9200 -1.30177
9300 -1.35282
9400 -1.24541
9500 -1.35466
9600 -1.30911
9700 -1.29293
9800 -1.29096
9900 -1.39306
10000 -1.33053
10100 -1.21737
10200 -1.37686
10300 -1.38444
10400 -1.38567
10500 -1.3441
10600 -1.31785
10700 -1.40504
10800 -1.37982
10900 -1.36786
11000 -1.24158
11100 -1.33438
11200 -1.31394
11300 -1.33893
11400 -1.33912
11500 -1.41746
11600 -1.24844
11700 -1.41718
11800 -1.23113
11900 -1.31439
12000 -1.34669
12100 -1.2534
12200 -1.28304
12300 -1.30513
12400 -1.31858
12500 -1.32411
12600 -1.45669
12700 -1.41368
12800 -1.41399
12900 -1.30829
13000 -1.38466
13100 -1.36232
13200 -1.27521
13300 -1.39658
13400 -1.39496
13500 -1.31165
13600 -1.39691
13700 -1.47247
13800 -1.34876
13900 -1.35238
14000 -1.31217
14100 -1.4346
14200 -1.21851
14300 -1.41084
14400 -1.27569
14500 -1.26979
14600 -1.3497
14700 -1.26016
14800 -1.1669
14900 -1.38555
15000 -1.33789
15100 -1.34102
15200 -1.3453
15300 -1.37955
15400 -1.49965
15500 -1.39128
15600 -1.44838
15700 -1.29858
15800 -1.29082
15900 -1.22182
16000 -1.31401
16100 -1.40179
16200 -1.40304
16300 -1.23216
16400 -1.4215
16500 -1.27542
16600 -1.31792
16700 -1.31348
16800 -1.45505
16900 -1.4117
17000 -1.39797
17100 -1.27445
17200 -1.37855
17300 -1.36078
17400 -1.26547
17500 -1.32433
17600 -1.45783
17700 -1.37961
17800 -1.35538
17900 -1.31065
18000 -1.33131
18100 -1.33818
18200 -1.32416
18300 -1.33653
18400 -1.34422
18500 -1.45468
18600 -1.40937
18700 -1.34545
18800 -1.31633
18900 -1.28492
19000 -1.37061
19100 -1.19348
19200 -1.3068
19300 -1.31208
19400 -1.37221
19500 -1.29677
19600 -1.32517
19700 -1.30523
19800 -1.26937
19900 -1.26305
20000 -1.19853
20100 -1.31201
20200 -1.47575
20300 -1.23374
20400 -1.29764
20500 -1.4016
20600 -1.37183
20700 -1.30075
20800 -1.37797
20900 -1.33932
21000 -1.39244
21100 -1.31925
21200 -1.38167
21300 -1.38319
21400 -1.33805
21500 -1.41928
21600 -1.25584
21700 -1.24564
21800 -1.18866
21900 -1.33523
22000 -1.33566
22100 -1.3016
22200 -1.33888
22300 -1.32076
22400 -1.34508
22500 -1.39475
22600 -1.4399
22700 -1.35896
22800 -1.47359
22900 -1.38579
23000 -1.29593
23100 -1.34332
23200 -1.43887
23300 -1.2463
23400 -1.33981
23500 -1.47745
23600 -1.25719
23700 -1.27204
23800 -1.31317
23900 -1.36208
24000 -1.36928
24100 -1.19461
24200 -1.44786
24300 -1.27297
24400 -1.18833
24500 -1.36593
24600 -1.37948
24700 -1.37934
24800 -1.2792
24900 -1.39405
25000 -1.34239
25100 -1.21236
25200 -1.41483
25300 -1.31237
25400 -1.29705
25500 -1.19026
25600 -1.38978
25700 -1.31925
25800 -1.34655
25900 -1.2564
26000 -1.27032
26100 -1.35092
26200 -1.38068
26300 -1.30794
26400 -1.25275
26500 -1.29719
26600 -1.26251
26700 -1.38307
26800 -1.34416
26900 -1.39328
27000 -1.36454
27100 -1.2738
27200 -1.41369
27300 -1.31226
27400 -1.23684
27500 -1.19754
27600 -1.32605
27700 -1.32404
27800 -1.34717
27900 -1.37644
28000 -1.41106
28100 -1.27091
28200 -1.38795
28300 -1.21491
28400 -1.32756
28500 -1.37832
28600 -1.41988
28700 -1.38432
28800 -1.4907
28900 -1.26963
29000 -1.34263
29100 -1.36046
29200 -1.28238
29300 -1.28996
29400 -1.34806
29500 -1.33042
29600 -1.36606
29700 -1.2691
29800 -1.27582
29900 -1.45656
30000 -1.36038
30100 -1.37477
30200 -1.44536
30300 -1.31881
30400 -1.35805
30500 -1.22454
30600 -1.22662
30700 -1.35857
30800 -1.33
30900 -1.20988
31000 -1.29702
31100 -1.31376
31200 -1.3767
31300 -1.33295
31400 -1.25654
31500 -1.36314
31600 -1.35888
31700 -1.2902
31800 -1.25448
31900 -1.30804
32000 -1.24117
32100 -1.3967
32200 -1.41867
32300 -1.34089
32400 -1.35099
32500 -1.20789
32600 -1.46636
32700 -1.38035
32800 -1.35908
32900 -1.34718
33000 -1.26449
33100 -1.31853
33200 -1.37651
33300 -1.37897
33400 -1.26195
33500 -1.17989
33600 -1.45285
33700 -1.27998
33800 -1.24566
33900 -1.29191
34000 -1.46251
34100 -1.29446
34200 -1.31219
34300 -1.3902
34400 -1.33287
34500 -1.27514
34600 -1.26587
34700 -1.41518
34800 -1.31186
34900 -1.29073
35000 -1.32298
35100 -1.39645
35200 -1.25718
35300 -1.37144
35400 -1.22414
35500 -1.34871
35600 -1.28815
35700 -1.39188
35800 -1.28792
35900 -1.29008
36000 -1.29683
36100 -1.33081
36200 -1.32811
36300 -1.27663
36400 -1.29377
36500 -1.33151
36600 -1.37946
36700 -1.33925
36800 -1.34468
36900 -1.28496
37000 -1.27269
37100 -1.24065
37200 -1.31792
37300 -1.36067
37400 -1.35156
37500 -1.41985
37600 -1.22311
37700 -1.23185
37800 -1.2422
37900 -1.37526
38000 -1.3877
38100 -1.33979
38200 -1.33549
38300 -1.2422
38400 -1.31901
38500 -1.40935
38600 -1.38888
38700 -1.45619
38800 -1.29379
38900 -1.30133
39000 -1.32857
39100 -1.26496
39200 -1.27529
39300 -1.31398
39400 -1.26165
39500 -1.30283
39600 -1.42223
39700 -1.47318
39800 -1.36158
39900 -1.39032
40000 -1.33694
40100 -1.39166
40200 -1.1819
40300 -1.35078
40400 -1.3558
40500 -1.35569
40600 -1.25629
40700 -1.41084
40800 -1.30964
40900 -1.35778
41000 -1.41794
41100 -1.4875
41200 -1.33669
41300 -1.28797
41400 -1.41301
41500 -1.257
41600 -1.40604
41700 -1.50426
41800 -1.31295
41900 -1.35706
42000 -1.26525
42100 -1.42622
42200 -1.26291
42300 -1.25231
42400 -1.25919
42500 -1.27757
42600 -1.36946
42700 -1.33222
42800 -1.2951
42900 -1.30305
43000 -1.30107
43100 -1.34131
43200 -1.21374
43300 -1.24274
43400 -1.2335
43500 -1.25936
43600 -1.44817
43700 -1.36717
43800 -1.28405
43900 -1.41807
44000 -1.28516
44100 -1.39278
44200 -1.30278
44300 -1.3245
44400 -1.36629
44500 -1.27442
44600 -1.25127
44700 -1.26576
44800 -1.38037
44900 -1.31717
45000 -1.38283
45100 -1.31843
45200 -1.34848
45300 -1.32731
45400 -1.20484
45500 -1.28534
45600 -1.14172
45700 -1.40936
45800 -1.29168
45900 -1.29284
46000 -1.32457
46100 -1.31402
46200 -1.37833
46300 -1.43857
46400 -1.36062
46500 -1.41382
46600 -1.2548
46700 -1.33716
46800 -1.52585
46900 -1.37012
47000 -1.39903
47100 -1.38202
47200 -1.29622
47300 -1.23875
47400 -1.40792
47500 -1.23642
47600 -1.4013
47700 -1.27134
47800 -1.39881
47900 -1.32142
48000 -1.28628
48100 -1.24865
48200 -1.33405
48300 -1.34057
48400 -1.32202
48500 -1.38498
48600 -1.40736
48700 -1.29631
48800 -1.27362
48900 -1.31395
49000 -1.39938
49100 -1.46828
49200 -1.31056
49300 -1.31484
49400 -1.3119
49500 -1.34033
49600 -1.30212
49700 -1.31314
49800 -1.42076
49900 -1.28394
50000 -1.33339
50100 -1.27215
50200 -1.18267
50300 -1.34264
50400 -1.32588
50500 -1.35446
50600 -1.46739
50700 -1.3938
50800 -1.36472
50900 -1.3003
51000 -1.32422
51100 -1.35706
51200 -1.26059
51300 -1.31927
51400 -1.4106
51500 -1.35532
51600 -1.23088
51700 -1.23514
51800 -1.36384
51900 -1.18651
52000 -1.35657
52100 -1.40134
52200 -1.38219
52300 -1.278
52400 -1.36976
52500 -1.29778
52600 -1.34762
52700 -1.37608
52800 -1.41583
52900 -1.32349
53000 -1.269
53100 -1.321
53200 -1.28005
53300 -1.38827
53400 -1.47105
53500 -1.33009
53600 -1.30365
53700 -1.21798
53800 -1.21587
53900 -1.33472
54000 -1.34582
54100 -1.41791
54200 -1.43
54300 -1.3717
54400 -1.26777
54500 -1.35583
54600 -1.30942
54700 -1.34412
54800 -1.31798
54900 -1.19886
55000 -1.27016
55100 -1.38732
55200 -1.37541
55300 -1.38945
55400 -1.41704
55500 -1.38983
55600 -1.30451
55700 -1.41577
55800 -1.38543
55900 -1.31937
56000 -1.33653
56100 -1.39652
56200 -1.37921
56300 -1.43595
56400 -1.31338
56500 -1.3652
56600 -1.32815
56700 -1.31649
56800 -1.38661
56900 -1.40273
57000 -1.27914
57100 -1.29075
57200 -1.40423
57300 -1.38543
57400 -1.37803
57500 -1.31605
57600 -1.34919
57700 -1.20391
57800 -1.37319
57900 -1.38045
58000 -1.35034
58100 -1.35699
58200 -1.39586
58300 -1.29857
58400 -1.33569
58500 -1.40363
58600 -1.4306
58700 -1.25986
58800 -1.38359
58900 -1.37472
59000 -1.23827
59100 -1.40969
59200 -1.38473
59300 -1.28452
59400 -1.2801
59500 -1.33598
59600 -1.43438
59700 -1.38683
59800 -1.34539
59900 -1.36298
60000 -1.35696
60100 -1.27597
60200 -1.34661
60300 -1.3199
60400 -1.35076
60500 -1.33745
60600 -1.36794
60700 -1.35224
60800 -1.33523
60900 -1.29267
61000 -1.34424
61100 -1.4604
61200 -1.43398
61300 -1.31647
61400 -1.20317
61500 -1.3164
61600 -1.32615
61700 -1.41447
61800 -1.33444
61900 -1.38522
62000 -1.18351
62100 -1.34206
62200 -1.3859
62300 -1.3636
62400 -1.21266
62500 -1.27682
62600 -1.33056
62700 -1.43806
62800 -1.36745
62900 -1.42766
63000 -1.32569
63100 -1.31088
63200 -1.26908
63300 -1.45542
63400 -1.2251
63500 -1.24343
63600 -1.30155
63700 -1.37703
63800 -1.27987
63900 -1.4519
64000 -1.36676
64100 -1.36561
64200 -1.39926
64300 -1.32209
64400 -1.42115
64500 -1.29818
64600 -1.31366
64700 -1.30558
64800 -1.36487
64900 -1.29987
65000 -1.4935
65100 -1.28062
65200 -1.39376
65300 -1.21474
65400 -1.33379
65500 -1.2896
65600 -1.36977
65700 -1.36989
65800 -1.32257
65900 -1.28687
66000 -1.33147
66100 -1.26076
66200 -1.36982
66300 -1.18206
66400 -1.33836
66500 -1.3336
66600 -1.26049
66700 -1.5056
66800 -1.3978
66900 -1.34496
67000 -1.33599
67100 -1.29096
67200 -1.2493
67300 -1.31635
67400 -1.42682
67500 -1.4052
67600 -1.43275
67700 -1.29334
67800 -1.34536
67900 -1.38885
68000 -1.39968
68100 -1.40859
68200 -1.3856
68300 -1.41687
68400 -1.18925
68500 -1.22697
68600 -1.22894
68700 -1.3209
68800 -1.2661
68900 -1.41827
69000 -1.23577
69100 -1.243
69200 -1.32886
69300 -1.39927
69400 -1.35082
69500 -1.27087
69600 -1.38281
69700 -1.36647
69800 -1.20428
69900 -1.44005
70000 -1.2774
70100 -1.38515
70200 -1.32299
70300 -1.29381
70400 -1.41374
70500 -1.24987
70600 -1.39611
70700 -1.36454
70800 -1.39561
70900 -1.31935
71000 -1.30041
71100 -1.42587
71200 -1.28616
71300 -1.24395
71400 -1.3236
71500 -1.31455
71600 -1.33624
71700 -1.30452
71800 -1.4067
71900 -1.32619
72000 -1.35842
72100 -1.36286
72200 -1.27398
72300 -1.36169
72400 -1.26071
72500 -1.35954
72600 -1.38362
72700 -1.27077
72800 -1.28298
72900 -1.30675
73000 -1.32531
73100 -1.41846
73200 -1.40369
73300 -1.4052
73400 -1.35692
73500 -1.37676
73600 -1.34218
73700 -1.32774
73800 -1.37313
73900 -1.36163
74000 -1.39948
74100 -1.42762
74200 -1.26615
74300 -1.33284
74400 -1.44588
74500 -1.36448
74600 -1.29752
74700 -1.33637
74800 -1.35864
74900 -1.27484
75000 -1.35533
75100 -1.28887
75200 -1.31334
75300 -1.30673
75400 -1.25971
75500 -1.2412
75600 -1.39122
75700 -1.24144
75800 -1.3222
75900 -1.26375
76000 -1.27232
76100 -1.26535
76200 -1.43224
76300 -1.35128
76400 -1.35022
76500 -1.33073
76600 -1.33699
76700 -1.31265
76800 -1.36406
76900 -1.35402
77000 -1.41497
77100 -1.30667
77200 -1.32423
77300 -1.40078
77400 -1.3219
77500 -1.25587
77600 -1.34564
77700 -1.37442
77800 -1.22566
77900 -1.34068
78000 -1.30311
78100 -1.28292
78200 -1.268
78300 -1.40082
78400 -1.35618
78500 -1.25642
78600 -1.31314
78700 -1.36345
78800 -1.2976
78900 -1.42771
79000 -1.34179
79100 -1.22605
79200 -1.37123
79300 -1.38835
79400 -1.33401
79500 -1.2108
79600 -1.34363
79700 -1.34134
79800 -1.26559
79900 -1.37994
80000 -1.32061
80100 -1.27039
80200 -1.27951
80300 -1.35663
80400 -1.25292
80500 -1.36396
80600 -1.32519
80700 -1.25948
80800 -1.18375
80900 -1.33616
81000 -1.22434
81100 -1.43477
81200 -1.41023
81300 -1.29362
81400 -1.40485
81500 -1.34733
81600 -1.26012
81700 -1.34332
81800 -1.22099
81900 -1.46352
82000 -1.46201
82100 -1.39317
82200 -1.36331
82300 -1.36372
82400 -1.44447
82500 -1.32266
82600 -1.39936
82700 -1.3464
82800 -1.40054
82900 -1.32439
83000 -1.29189
83100 -1.35895
83200 -1.30676
83300 -1.26066
83400 -1.28167
83500 -1.25691
83600 -1.34494
83700 -1.34298
83800 -1.30595
83900 -1.3521
84000 -1.34646
84100 -1.25405
84200 -1.4005
84300 -1.31207
84400 -1.39656
84500 -1.29073
84600 -1.31162
84700 -1.3975
84800 -1.44786
84900 -1.36469
85000 -1.36291
85100 -1.34858
85200 -1.42984
85300 -1.44671
85400 -1.36619
85500 -1.43119
85600 -1.30338
85700 -1.29056
85800 -1.28671
85900 -1.34098
86000 -1.19424
86100 -1.45955
86200 -1.19153
86300 -1.32581
86400 -1.34317
86500 -1.30781
86600 -1.31645
86700 -1.35574
86800 -1.395
86900 -1.39873
87000 -1.31616
87100 -1.31523
87200 -1.36684
87300 -1.41
87400 -1.35381
87500 -1.25893
87600 -1.37458
87700 -1.41398
87800 -1.24004
87900 -1.41805
88000 -1.2622
88100 -1.39379
88200 -1.32578
88300 -1.38517
88400 -1.30533
88500 -1.36537
88600 -1.34491
88700 -1.32376
88800 -1.4272
88900 -1.33857
89000 -1.41434
89100 -1.29522
89200 -1.3234
89300 -1.29557
89400 -1.33861
89500 -1.28161
89600 -1.32877
89700 -1.37414
89800 -1.43557
89900 -1.2465
90000 -1.34672
90100 -1.29256
90200 -1.35093
90300 -1.42712
90400 -1.35193
90500 -1.2908
90600 -1.38251
90700 -1.2435
90800 -1.3683
90900 -1.38277
91000 -1.36351
91100 -1.40205
91200 -1.30266
91300 -1.32997
91400 -1.3091
91500 -1.36466
91600 -1.3305
91700 -1.38352
91800 -1.3867
91900 -1.36534
92000 -1.54197
92100 -1.40756
92200 -1.43203
92300 -1.36339
92400 -1.28946
92500 -1.20871
92600 -1.28859
92700 -1.40733
92800 -1.39624
92900 -1.35224
93000 -1.28988
93100 -1.21072
93200 -1.42407
93300 -1.38512
93400 -1.29654
93500 -1.22512
93600 -1.42848
93700 -1.43605
93800 -1.2278
93900 -1.36029
94000 -1.37813
94100 -1.25871
94200 -1.21616
94300 -1.2936
94400 -1.35453
94500 -1.31423
94600 -1.29531
94700 -1.34362
94800 -1.3466
94900 -1.28418
95000 -1.40455
95100 -1.30943
95200 -1.45446
95300 -1.26885
95400 -1.29147
95500 -1.29086
95600 -1.21493
95700 -1.32179
95800 -1.35271
95900 -1.33143
96000 -1.28271
96100 -1.31855
96200 -1.36075
96300 -1.38291
96400 -1.2994
96500 -1.43212
96600 -1.42923
96700 -1.39597
96800 -1.34229
96900 -1.41222
97000 -1.38702
97100 -1.26378
97200 -1.43638
97300 -1.23678
97400 -1.1959
97500 -1.24343
97600 -1.34983
97700 -1.30241
97800 -1.26396
97900 -1.3589
98000 -1.2672
98100 -1.34281
98200 -1.27729
98300 -1.40597
98400 -1.28373
98500 -1.30926
98600 -1.3632
98700 -1.35227
98800 -1.29682
98900 -1.28319
99000 -1.26434
99100 -1.25748
99200 -1.35463
99300 -1.37913
99400 -1.268
99500 -1.31305
99600 -1.3284
99700 -1.36839
99800 -1.33442
99900 -1.3564
