0 -1.01345
100 -0.896723
200 -0.852436
300 -1.04836
400 -0.929513
500 -0.815301
600 -0.944756
700 -0.917446
800 -0.997846
900 -0.954318
1000 -0.928397
1100 -0.950554
1200 -0.932134
1300 -0.865454
1400 -0.769326
1500 -0.803398
1600 -0.836227
1700 -0.831775
1800 -0.874235
1900 -0.800125
2000 -0.690565
2100 -0.884282
2200 -0.88375
2300 -0.873487
2400 -0.817482
2500 -0.922813
2600 -0.810177
2700 -0.811349
2800 -0.838212
2900 -0.775565
3000 -0.882496
3100 -0.905676
3200 -0.801648
3300 -0.767298
3400 -0.783245
3500 -0.778063
3600 -0.715147
3700 -0.748452
3800 -0.956367
3900 -0.798443
4000 -0.815038
4100 -0.757825
4200 -0.709161
4300 -0.747669
4400 -0.801903
4500 -0.763324
4600 -0.952724
4700 -0.75783
4800 -0.959617
4900 -0.852583
5000 -0.850448
5100 -0.862969
5200 -0.867892
5300 -0.877346
5400 -0.958914
5500 -0.856827
5600 -0.973472
5700 -0.851885
5800 -0.830668
5900 -0.879885
6000 -0.789106
6100 -0.881439
6200 -0.894223
6300 -0.649472
6400 -0.879263
6500 -0.684483
6600 -0.700946
6700 -0.833416
6800 -0.624373
6900 -0.737438
7000 -0.772101
7100 -0.663024
7200 -0.765591
7300 -0.71706
7400 -0.815551
7500 -0.767696
7600 -0.72055
7700 -0.715928
7800 -0.75213
7900 -0.690284
8000 -0.726578
8100 -0.772341
8200 -0.79717
8300 -0.74776
8400 -0.766386
8500 -0.702516
8600 -0.702365
8700 -0.734986
8800 -0.700548
8900 -0.634569
9000 -0.866672
9100 -0.773721
9200 -0.932617
9300 -0.830212
9400 -0.843581
9500 -0.846148
9600 -0.928227
9700 -0.809726
9800 -0.879113
9900 -0.963423
10000 -0.790588
10100 -0.931823
10200 -0.811402
10300 -0.961602
10400 -0.923953
10500 -0.922102
10600 -0.967347
10700 -0.79748
10800 -0.791002
10900 -1.03548
11000 -0.759131
11100 -0.743984
11200 -0.802066
11300 -0.829303
11400 -0.839685
11500 -0.888478
11600 -0.855379
11700 -0.873848
11800 -0.754843
11900 -0.724353
12000 -0.770982
12100 -0.885048
12200 -0.680267
12300 -0.862994
12400 -0.728702
12500 -0.888142
12600 -0.831589
12700 -0.756011
12800 -0.905154
12900 -0.774606
13000 -0.870174
13100 -0.936614
13200 -0.986258
13300 -0.915652
13400 -0.901806
13500 -0.774173
13600 -0.733062
13700 -0.799518
13800 -0.908037
13900 -0.747684
14000 -0.921167
14100 -0.808791
14200 -0.774741
14300 -0.932011
14400 -0.718869
14500 -0.820738
14600 -0.733359
14700 -0.627882
14800 -0.699283
14900 -0.635765
15000 -0.765698
15100 -0.889166
15200 -0.776257
15300 -0.880406
15400 -0.83642
15500 -0.915671
15600 -1.02639
15700 -0.91575
15800 -0.919558
15900 -0.879458
16000 -0.834487
16100 -0.813107
16200 -0.875717
16300 -0.837565
16400 -0.774453
16500 -0.864945
16600 -0.891042
16700 -0.889195
16800 -0.84966
16900 -0.890473
17000 -0.832621
17100 -0.893558
17200 -0.823664
17300 -0.854131
17400 -0.891808
17500 -0.893938
17600 -0.896002
17700 -0.901327
17800 -0.971818
17900 -0.85807
18000 -1.07589
18100 -1.02593
18200 -1.00087
18300 -0.903078
18400 -0.974125
18500 -0.909111
18600 -0.880494
18700 -0.892251
18800 -0.811677
18900 -0.860221
19000 -0.833194
19100 -0.696595
19200 -0.807624
19300 -0.610957
19400 -0.842054
19500 -0.724405
19600 -0.748817
19700 -0.897708
19800 -0.868447
19900 -0.974872
20000 -0.895285
20100 -0.902908
20200 -0.821768
20300 -0.682754
20400 -0.840038
20500 -0.73317
20600 -0.810721
20700 -0.797415
20800 -0.885824
20900 -0.936298
21000 -1.02467
21100 -1.01089
21200 -0.901375
21300 -0.9294
21400 -0.873654
21500 -0.873976
21600 -0.992889
21700 -0.919853
21800 -0.786155
21900 -0.854543
22000 -0.879729
22100 -0.845127
22200 -0.742884
22300 -0.702962
22400 -0.897012
22500 -0.8376
22600 -0.960484
22700 -0.866928
22800 -0.908711
22900 -0.777632
23000 -0.873099
23100 -0.892517
23200 -0.898483
23300 -0.883622
23400 -0.931939
23500 -0.995792
23600 -1.05738
23700 -0.895642
23800 -0.883809
23900 -0.956238
24000 -1.02524
24100 -0.915757
24200 -0.920388
24300 -0.885157
24400 -0.770699
24500 -0.824545
24600 -0.836296
24700 -0.959869
24800 -0.823791
24900 -0.930498
25000 -0.991003
25100 -0.946744
25200 -0.771847
25300 -0.793177
25400 -0.803916
25500 -0.776001
25600 -0.875203
25700 -0.964407
25800 -0.862944
25900 -0.724517
26000 -0.785213
26100 -0.785909
26200 -0.8294
26300 -0.867949
26400 -0.874758
26500 -0.949983
26600 -0.810337
26700 -0.712574
26800 -0.863717
26900 -0.95864
27000 -0.841886
27100 -0.6958
27200 -0.877732
27300 -1.00706
27400 -1.05993
27500 -0.997621
27600 -0.880242
27700 -0.906305
27800 -0.826021
27900 -0.981278
28000 -1.04529
28100 -0.858769
28200 -0.900682
28300 -0.954031
28400 -0.971989
28500 -0.896032
28600 -0.987426
28700 -0.895755
28800 -0.915638
28900 -0.767079
29000 -0.747587
29100 -0.861759
29200 -0.802626
29300 -0.925529
29400 -0.884455
29500 -0.890899
29600 -1.01752
29700 -1.01783
29800 -0.783125
29900 -0.78145
30000 -0.78516
30100 -0.696064
30200 -0.734192
30300 -0.709739
30400 -0.630931
30500 -0.807483
30600 -0.904156
30700 -0.698459
30800 -0.768338
30900 -0.744574
31000 -0.93188
31100 -0.764189
31200 -0.805997
31300 -0.750553
31400 -0.588672
31500 -0.858456
31600 -0.923695
31700 -0.849214
31800 -0.755163
31900 -0.784629
32000 -0.931719
32100 -0.800678
32200 -0.699773
32300 -0.744486
32400 -0.899531
32500 -0.915334
32600 -0.934389
32700 -0.884547
32800 -0.739378
32900 -0.837386
33000 -0.761258
33100 -0.765631
33200 -0.831926
33300 -0.715138
33400 -1.0104
33500 -0.884658
33600 -0.832771
33700 -0.9507
33800 -0.690816
33900 -0.813643
34000 -0.80981
34100 -0.688689
34200 -0.7552
34300 -0.888675
34400 -0.735684
34500 -0.824068
34600 -0.871422
34700 -0.79263
34800 -0.940654
34900 -1.01569
35000 -0.807109
35100 -0.78311
35200 -0.934131
35300 -0.865542
35400 -0.875939
35500 -0.971598
35600 -0.904807
35700 -0.702524
35800 -0.709484
35900 -0.967165
36000 -0.92759
36100 -0.865672
36200 -0.834615
36300 -0.732156
36400 -0.877979
36500 -0.880988
36600 -0.889128
36700 -0.86086
36800 -0.915653
36900 -0.698084
37000 -0.713432
37100 -0.891174
37200 -0.784149
37300 -0.846645
37400 -0.966815
37500 -0.847438
37600 -0.649653
37700 -0.790329
37800 -0.65581
37900 -0.686261
38000 -0.704035
38100 -0.919938
38200 -0.738932
38300 -0.798354
38400 -1.00976
38500 -0.856966
38600 -0.852887
38700 -0.870087
38800 -0.909731
38900 -0.958632
39000 -0.873235
39100 -0.861597
39200 -0.881085
39300 -0.798141
39400 -0.807222
39500 -0.854608
39600 -0.885354
39700 -0.805306
39800 -0.965796
39900 -0.75895
40000 -0.749637
40100 -0.75841
40200 -0.938436
40300 -0.857706
40400 -0.771851
40500 -0.849479
40600 -0.802824
40700 -0.671177
40800 -0.669743
40900 -0.735638
41000 -0.543679
41100 -0.535885
41200 -0.711083
41300 -0.735962
41400 -0.793274
41500 -1.04686
41600 -0.840543
41700 -0.838354
41800 -0.784047
41900 -0.840086
42000 -0.874867
42100 -0.727075
42200 -0.792691
42300 -0.837099
42400 -0.686274
42500 -0.769612
42600 -0.832217
42700 -0.777208
42800 -0.728882
42900 -0.807747
43000 -0.779311
43100 -0.738532
43200 -0.72866
43300 -1.02676
43400 -0.887475
43500 -0.842272
43600 -0.767052
43700 -0.796345
43800 -0.888524
43900 -0.796932
44000 -0.830786
44100 -0.829555
44200 -0.835678
44300 -0.827754
44400 -0.821003
44500 -0.914876
44600 -0.870496
44700 -0.840385
44800 -0.862328
44900 -0.876986
45000 -0.868095
45100 -0.858342
45200 -0.813735
45300 -0.993353
45400 -1.09663
45500 -0.960401
45600 -1.01961
45700 -0.881454
45800 -0.948209
45900 -0.887378
46000 -0.91513
46100 -1.04618
46200 -0.694637
46300 -0.904659
46400 -0.89649
46500 -0.940099
46600 -0.813474
46700 -0.789959
46800 -0.82937
46900 -0.891442
47000 -0.726456
47100 -0.840746
47200 -0.722055
47300 -0.86934
47400 -0.77628
47500 -0.911335
47600 -0.884995
47700 -0.991489
47800 -0.744766
47900 -0.82046
48000 -0.70106
48100 -0.80496
48200 -0.736601
48300 -0.787122
48400 -0.803275
48500 -0.89579
48600 -0.944572
48700 -0.928431
48800 -0.830722
48900 -0.839166
49000 -0.97968
49100 -0.873611
49200 -0.894902
49300 -0.906803
49400 -0.867455
49500 -0.696263
49600 -0.770277
49700 -0.846722
49800 -0.773196
49900 -0.710073
50000 -0.752113
50100 -0.786552
50200 -0.697233
50300 -0.78874
50400 -0.940295
50500 -0.807952
50600 -0.758995
50700 -0.816817
50800 -0.957789
50900 -0.834169
51000 -0.818587
51100 -0.829122
51200 -0.952835
51300 -0.908956
51400 -0.805729
51500 -0.819285
51600 -0.673501
51700 -0.696769
51800 -0.640616
51900 -0.696762
52000 -0.721651
52100 -0.684265
52200 -0.73042
52300 -0.811559
52400 -0.781904
52500 -0.799306
52600 -0.831275
52700 -0.962343
52800 -0.767659
52900 -0.798784
53000 -0.794428
53100 -0.667669
53200 -0.771494
53300 -0.728522
53400 -0.891704
53500 -0.803751
53600 -0.911992
53700 -0.800892
53800 -0.942347
53900 -1.11188
54000 -0.96353
54100 -0.888457
54200 -0.888688
54300 -0.791413
54400 -0.753161
54500 -0.838889
54600 -0.977607
54700 -0.792873
54800 -0.819863
54900 -0.759153
55000 -0.873517
55100 -0.836465
55200 -0.889502
55300 -0.793941
55400 -0.646268
55500 -0.836224
55600 -0.844858
55700 -0.652955
55800 -0.799235
55900 -0.701392
56000 -0.847742
56100 -0.869313
56200 -0.781411
56300 -0.878054
56400 -0.897616
56500 -0.754195
56600 -0.916043
56700 -0.922276
56800 -0.726827
56900 -0.788767
57000 -0.901262
57100 -0.853382
57200 -0.885634
57300 -0.89605
57400 -0.928645
57500 -1.07269
57600 -0.792793
57700 -0.82696
57800 -0.852873
57900 -0.865543
58000 -0.765883
58100 -0.905723
58200 -0.874225
58300 -0.868229
58400 -1.09464
58500 -0.866413
58600 -0.9951
58700 -0.94981
58800 -0.922452
58900 -0.911094
59000 -0.989465
59100 -1.06037
59200 -0.876585
59300 -0.899526
59400 -0.926912
59500 -0.927142
59600 -0.982411
59700 -0.795769
59800 -0.930128
59900 -0.809347
60000 -0.740228
60100 -0.850742
60200 -0.69075
60300 -0.876259
60400 -0.982418
60500 -0.814049
60600 -0.93389
60700 -0.806906
60800 -0.691942
60900 -0.697191
61000 -0.831301
61100 -0.777437
61200 -0.722154
61300 -0.830338
61400 -0.920518
61500 -0.866601
61600 -0.959986
61700 -0.905127
61800 -0.966483
61900 -0.938597
62000 -0.813307
62100 -0.658882
62200 -0.685185
62300 -0.824341
62400 -0.920457
62500 -0.876522
62600 -0.675687
62700 -0.682293
62800 -0.737431
62900 -0.904673
63000 -0.835258
63100 -0.799245
63200 -0.833574
63300 -0.776964
63400 -0.691883
63500 -0.785322
63600 -0.762196
63700 -0.733289
63800 -0.909407
63900 -0.89777
64000 -0.84161
64100 -0.82622
64200 -0.714877
64300 -0.808361
64400 -0.764282
64500 -0.838174
64600 -0.931788
64700 -0.842034
64800 -0.887129
64900 -0.831701
65000 -0.899432
65100 -0.754499
65200 -0.861911
65300 -0.779103
65400 -0.791924
65500 -0.703298
65600 -0.809915
65700 -0.782933
65800 -0.65823
65900 -0.669405
66000 -0.832758
66100 -0.734228
66200 -0.672659
66300 -0.839985
66400 -0.806259
66500 -0.849831
66600 -0.93074
66700 -0.790106
66800 -0.895186
66900 -0.702061
67000 -0.715359
67100 -0.77667
67200 -0.900537
67300 -0.914194
67400 -0.850255
67500 -0.760026
67600 -0.790835
67700 -0.82107
67800 -0.912755
67900 -0.709644
68000 -0.702852
68100 -0.73929
68200 -0.728424
68300 -0.668824
68400 -0.862827
68500 -0.831154
68600 -0.689661
68700 -0.731103
68800 -0.818901
68900 -0.789112
69000 -0.780678
69100 -0.922794
69200 -0.666117
69300 -0.877058
69400 -0.766015
69500 -0.661478
69600 -0.877634
69700 -0.841722
69800 -0.667498
69900 -0.732919
70000 -0.762724
70100 -0.814629
70200 -0.75586
70300 -0.993309
70400 -0.766501
70500 -0.828534
70600 -0.79385
70700 -0.802862
70800 -0.762277
70900 -0.981209
71000 -0.888445
71100 -0.822469
71200 -0.900942
71300 -0.776069
71400 -0.917366
71500 -0.921341
71600 -0.761974
71700 -0.805066
71800 -0.879834
71900 -0.66315
72000 -0.869904
72100 -0.940079
72200 -0.693618
72300 -0.844125
72400 -0.939121
72500 -0.811267
72600 -0.834623
72700 -0.734261
72800 -0.662605
72900 -0.688625
73000 -0.732549
73100 -0.698725
73200 -0.816314
73300 -1.08572
73400 -0.714822
73500 -0.761776
73600 -0.684905
73700 -0.882293
73800 -0.838602
73900 -0.725256
74000 -1.03196
74100 -0.943358
74200 -0.681674
74300 -0.660691
74400 -0.942433
74500 -0.741094
74600 -0.926197
74700 -0.81626
74800 -0.80975
74900 -0.807677
75000 -0.894868
75100 -0.729948
75200 -0.757777
75300 -0.842737
75400 -0.918831
75500 -0.889113
75600 -0.960952
75700 -0.89332
75800 -0.803296
75900 -1.0693
76000 -0.962398
76100 -0.954397
76200 -1.06661
76300 -0.976853
76400 -0.928045
76500 -0.813166
76600 -0.835016
76700 -0.830394
76800 -0.85696
76900 -0.882773
77000 -0.863454
77100 -0.788435
77200 -0.699889
77300 -0.835078
77400 -0.858736
77500 -0.882452
77600 -0.833384
77700 -0.810503
77800 -0.772043
77900 -0.816535
78000 -0.795978
78100 -0.942647
78200 -0.752754
78300 -0.898947
78400 -0.9251
78500 -0.784129
78600 -0.798253
78700 -0.587328
78800 -0.659983
78900 -0.732366
79000 -0.7964
79100 -0.80309
79200 -0.927696
79300 -0.899321
79400 -0.881223
79500 -1.05964
79600 -0.873644
79700 -0.880958
79800 -0.805635
79900 -0.974283
80000 -0.745094
80100 -0.867679
80200 -0.853257
80300 -1.07515
80400 -0.923508
80500 -0.807359
80600 -0.913489
80700 -0.915432
80800 -1.02474
80900 -0.907839
81000 -0.870428
81100 -0.851569
81200 -0.949924
81300 -0.778177
81400 -0.823393
81500 -0.820295
81600 -0.898407
81700 -0.963912
81800 -0.907855
81900 -0.85153
82000 -0.876377
82100 -0.71171
82200 -1.07344
82300 -0.869764
82400 -1.00782
82500 -0.951304
82600 -0.78398
82700 -1.00375
82800 -0.90709
82900 -0.840508
83000 -0.747086
83100 -0.957575
83200 -0.914514
83300 -1.03864
83400 -0.935866
83500 -0.965491
83600 -0.952995
83700 -0.912497
83800 -0.85446
83900 -0.979458
84000 -1.12503
84100 -1.08823
84200 -1.029
84300 -0.985838
84400 -1.1232
84500 -0.98094
84600 -0.92541
84700 -1.00954
84800 -1.02583
84900 -1.00022
85000 -1.0278
85100 -0.903304
85200 -0.760935
85300 -0.838142
85400 -0.70838
85500 -0.69821
85600 -0.889309
85700 -0.532221
85800 -0.717111
85900 -0.808286
86000 -0.755488
86100 -0.688005
86200 -0.781039
86300 -0.816431
86400 -0.844046
86500 -0.745821
86600 -0.920122
86700 -1.04277
86800 -0.827668
86900 -0.792245
87000 -0.875531
87100 -0.776648
87200 -0.833777
87300 -0.816347
87400 -0.772354
87500 -0.817306
87600 -0.777371
87700 -0.80629
87800 -0.694839
87900 -0.847929
88000 -0.700092
88100 -0.733233
88200 -0.73094
88300 -0.754858
88400 -0.802232
88500 -0.761174
88600 -0.789988
88700 -0.907049
88800 -0.833224
88900 -0.929575
89000 -0.790772
89100 -0.782491
89200 -0.754955
89300 -0.946577
89400 -1.17608
89500 -0.944273
89600 -0.736291
89700 -0.862523
89800 -0.753652
89900 -0.788057
90000 -0.792847
90100 -0.846612
90200 -0.795712
90300 -0.974271
90400 -0.935274
90500 -0.829648
90600 -0.977175
90700 -0.988844
90800 -0.884627
90900 -0.864617
91000 -0.875852
91100 -0.797227
91200 -0.906384
91300 -0.833499
91400 -0.918362
91500 -0.937816
91600 -0.970814
91700 -0.996075
91800 -0.863417
91900 -0.994393
92000 -0.825897
92100 -0.765457
92200 -0.895862
92300 -0.807021
92400 -0.900839
92500 -0.847735
92600 -0.994048
92700 -0.90928
92800 -0.930927
92900 -0.952213
93000 -0.884493
93100 -0.92812
93200 -0.814555
93300 -0.900685
93400 -0.714366
93500 -0.840381
93600 -0.906904
93700 -0.922459
93800 -0.866192
93900 -1.02628
94000 -0.922152
94100 -0.792074
94200 -0.812765
94300 -0.773366
94400 -0.744357
94500 -0.645019
94600 -0.77228
94700 -0.811573
94800 -0.891269
94900 -0.893353
95000 -0.703421
95100 -0.637667
95200 -0.690547
95300 -0.795273
95400 -0.72368
95500 -0.822162
95600 -0.750927
95700 -0.856005
95800 -0.836012
95900 -0.867391
96000 -0.957488
96100 -0.718837
96200 -0.760116
96300 -0.741957
96400 -0.859617
96500 -0.890987
96600 -0.748715
96700 -0.748397
96800 -0.8416
96900 -0.931026
97000 -0.78338
97100 -0.866872
97200 -0.892338
97300 -0.844227
97400 -0.903854
97500 -0.93894
97600 -0.968301
97700 -0.920481
97800 -0.827075
97900 -0.912021
98000 -0.913525
98100 -0.658907
98200 -0.738312
98300 -0.840022
98400 -0.666028
98500 -0.65011
98600 -0.819991
98700 -0.840858
98800 -0.840051
98900 -0.813825
99000 -0.707049
99100 -0.734927
99200 -0.761614
99300 -0.731953
99400 -0.739345
99500 -0.719816
99600 -0.671165
99700 -0.848301
99800 -0.790981
99900 -0.688919
