0 -0.565194
100 -0.670694
200 -0.567456
300 -0.611303
400 -0.739103
500 -0.518255
600 -0.600382
700 -0.666903
800 -0.534076
900 -0.526455
1000 -0.618377
1100 -0.550788
1200 -0.465207
1300 -0.579829
1400 -0.523665
1500 -0.608051
1600 -0.641332
1700 -0.603444
1800 -0.613108
1900 -0.62866
2000 -0.588528
2100 -0.50696
2200 -0.582832
2300 -0.526288
2400 -0.553458
2500 -0.683939
2600 -0.632263
2700 -0.571978
2800 -0.403887
2900 -0.564473
3000 -0.494634
3100 -0.525947
3200 -0.483364
3300 -0.557439
3400 -0.60612
3500 -0.551575
3600 -0.705325
3700 -0.567347
3800 -0.450249
3900 -0.600772
4000 -0.649889
4100 -0.558234
4200 -0.621718
4300 -0.559094
4400 -0.566336
4500 -0.528877
4600 -0.51962
4700 -0.709986
4800 -0.453287
4900 -0.748466
5000 -0.494324
5100 -0.545213
5200 -0.54694
5300 -0.619393
5400 -0.661547
5500 -0.525615
5600 -0.641295
5700 -0.645353
5800 -0.569369
5900 -0.701477
6000 -0.623581
6100 -0.567828
6200 -0.571958
6300 -0.464171
6400 -0.57316
6500 -0.590388
6600 -0.466713
6700 -0.576922
6800 -0.646486
6900 -0.605906
7000 -0.576585
7100 -0.645127
7200 -0.587729
7300 -0.557155
7400 -0.64489
7500 -0.707612
7600 -0.629739
7700 -0.555883
7800 -0.65328
7900 -0.596757
8000 -0.51549
8100 -0.655792
8200 -0.694511
8300 -0.601257
8400 -0.660516
8500 -0.638071
8600 -0.431053
8700 -0.614305
8800 -0.533037
8900 -0.513585
9000 -0.709769
9100 -0.637911
9200 -0.559882
9300 -0.586507
9400 -0.68861
9500 -0.587731
9600 -0.552972
9700 -0.562667
9800 -0.678947
9900 -0.609157
10000 -0.603767
10100 -0.62784
10200 -0.490398
10300 -0.587438
10400 -0.567232
10500 -0.671209
10600 -0.554914
10700 -0.612063
10800 -0.495878
10900 -0.659689
11000 -0.73362
11100 -0.593932
11200 -0.602832
11300 -0.575648
11400 -0.525169
11500 -0.595543
11600 -0.639841
11700 -0.639449
11800 -0.667455
11900 -0.658255
12000 -0.605787
12100 -0.675902
12200 -0.779392
12300 -0.576585
12400 -0.555866
12500 -0.527521
12600 -0.475874
12700 -0.52551
12800 -0.671501
12900 -0.556936
13000 -0.581165
13100 -0.601268
13200 -0.641159
13300 -0.657083
13400 -0.660856
13500 -0.679402
13600 -0.536734
13700 -0.671491
13800 -0.478627
13900 -0.438322
14000 -0.561361
14100 -0.52224
14200 -0.549384
14300 -0.630666
14400 -0.669849
14500 -0.431843
14600 -0.599742
14700 -0.554977
14800 -0.648239
14900 -0.561371
15000 -0.60745
15100 -0.560767
15200 -0.498429
15300 -0.643195
15400 -0.68694
15500 -0.623637
15600 -0.448174
15700 -0.587531
15800 -0.48925
15900 -0.612086
16000 -0.643132
16100 -0.714504
16200 -0.596293
16300 -0.563614
16400 -0.596614
16500 -0.481352
16600 -0.71585
16700 -0.584652
16800 -0.587978
16900 -0.57132
17000 -0.692386
17100 -0.603346
17200 -0.660059
17300 -0.564371
17400 -0.652649
17500 -0.614895
17600 -0.586459
17700 -0.57093
17800 -0.638924
17900 -0.650064
18000 -0.510732
18100 -0.636003
18200 -0.631219
18300 -0.486868
18400 -0.614049
18500 -0.62606
18600 -0.606494
18700 -0.495222
18800 -0.566355
18900 -0.629296
19000 -0.586119
19100 -0.558551
19200 -0.556263
19300 -0.598604
19400 -0.654185
19500 -0.579406
19600 -0.52038
19700 -0.579195
19800 -0.663995
19900 -0.606046
20000 -0.587383
20100 -0.580808
20200 -0.5263
20300 -0.647492
20400 -0.629821
20500 -0.638156
20600 -0.573566
20700 -0.594221
20800 -0.623527
20900 -0.556766
21000 -0.50992
21100 -0.585904
21200 -0.551678
21300 -0.513206
21400 -0.617721
21500 -0.729145
21600 -0.598763
21700 -0.658344
21800 -0.433765
21900 -0.587078
22000 -0.597071
22100 -0.612518
22200 -0.5664
22300 -0.670498
22400 -0.550455
22500 -0.5666
22600 -0.488087
22700 -0.576985
22800 -0.468971
22900 -0.513605
23000 -0.415179
23100 -0.485502
23200 -0.523523
23300 -0.598691
23400 -0.543899
23500 -0.649778
23600 -0.66113
23700 -0.670834
23800 -0.55301
23900 -0.608493
24000 -0.593732
24100 -0.568019
24200 -0.663488
24300 -0.697322
24400 -0.656114
24500 -0.511901
24600 -0.552918
24700 -0.643023
24800 -0.499747
24900 -0.602557
25000 -0.590456
25100 -0.637293
25200 -0.546809
25300 -0.539605
25400 -0.642193
25500 -0.58615
25600 -0.645836
25700 -0.639737
25800 -0.635375
25900 -0.479369
26000 -0.630464
26100 -0.559867
26200 -0.63479
26300 -0.55972
26400 -0.77407
26500 -0.572141
26600 -0.608656
26700 -0.576325
26800 -0.495307
26900 -0.674893
27000 -0.575357
27100 -0.583132
27200 -0.549078
27300 -0.47981
27400 -0.500373
27500 -0.477694
27600 -0.554612
27700 -0.610726
27800 -0.547819
27900 -0.611424
28000 -0.531553
28100 -0.611124
28200 -0.603184
28300 -0.63672
28400 -0.464855
28500 -0.5208
28600 -0.57952
28700 -0.544244
28800 -0.702687
28900 -0.553968
29000 -0.545652
29100 -0.615186
29200 -0.636949
29300 -0.594173
29400 -0.589838
29500 -0.661234
29600 -0.624666
29700 -0.517269
29800 -0.513966
29900 -0.553873
30000 -0.633643
30100 -0.577583
30200 -0.630889
30300 -0.459007
30400 -0.616724
30500 -0.676367
30600 -0.642343
30700 -0.567313
30800 -0.490837
30900 -0.589195
31000 -0.712258
31100 -0.588058
31200 -0.609612
31300 -0.551053
31400 -0.512302
31500 -0.613895
31600 -0.560144
31700 -0.499772
31800 -0.587728
31900 -0.629195
32000 -0.578428
32100 -0.634679
32200 -0.625578
32300 -0.640722
32400 -0.613764
32500 -0.468957
32600 -0.729372
32700 -0.52811
32800 -0.619615
32900 -0.694715
33000 -0.520168
33100 -0.650561
33200 -0.585981
33300 -0.575274
33400 -0.483644
33500 -0.46205
33600 -0.533122
33700 -0.554553
33800 -0.71301
33900 -0.520026
34000 -0.522607
34100 -0.665597
34200 -0.584834
34300 -0.52764
34400 -0.56343
34500 -0.538541
34600 -0.559982
34700 -0.576767
34800 -0.73552
34900 -0.708605
35000 -0.686868
35100 -0.645581
35200 -0.676696
35300 -0.600801
35400 -0.535207
35500 -0.544594
35600 -0.622978
35700 -0.65924
35800 -0.584843
35900 -0.553072
36000 -0.616185
36100 -0.633246
36200 -0.674037
36300 -0.605749
36400 -0.65895
36500 -0.59784
36600 -0.57824
36700 -0.618606
36800 -0.589745
36900 -0.548218
37000 -0.701854
37100 -0.57838
37200 -0.616303
37300 -0.550292
37400 -0.743536
37500 -0.735637
37600 -0.619132
37700 -0.560447
37800 -0.564941
37900 -0.534198
38000 -0.660767
38100 -0.535982
38200 -0.572115
38300 -0.556139
38400 -0.501468
38500 -0.577492
38600 -0.528086
38700 -0.740159
38800 -0.572653
38900 -0.548254
39000 -0.578236
39100 -0.51985
39200 -0.55922
39300 -0.52822
39400 -0.444712
39500 -0.551538
39600 -0.548982
39700 -0.650136
39800 -0.656922
39900 -0.653492
40000 -0.524106
40100 -0.684036
40200 -0.775548
40300 -0.724861
40400 -0.464942
40500 -0.552484
40600 -0.710631
40700 -0.5076
40800 -0.495419
40900 -0.523464
41000 -0.595661
41100 -0.632374
41200 -0.60955
41300 -0.598638
41400 -0.574666
41500 -0.517117
41600 -0.727969
41700 -0.655015
41800 -0.602621
41900 -0.628233
42000 -0.58684
42100 -0.603202
42200 -0.613875
42300 -0.575735
42400 -0.643006
42500 -0.652879
42600 -0.631737
42700 -0.614778
42800 -0.602827
42900 -0.616144
43000 -0.683326
43100 -0.556405
43200 -0.578618
43300 -0.571691
43400 -0.742419
43500 -0.541229
43600 -0.620325
43700 -0.734487
43800 -0.692231
43900 -0.608579
44000 -0.677588
44100 -0.583819
44200 -0.648859
44300 -0.576722
44400 -0.59548
44500 -0.576866
44600 -0.573508
44700 -0.585566
44800 -0.603464
44900 -0.416005
45000 -0.520656
45100 -0.504045
45200 -0.575696
45300 -0.665451
45400 -0.603109
45500 -0.640249
45600 -0.599819
45700 -0.541416
45800 -0.683045
45900 -0.686431
46000 -0.522667
46100 -0.437237
46200 -0.637276
46300 -0.526313
46400 -0.606387
46500 -0.616147
46600 -0.730669
46700 -0.713139
46800 -0.552594
46900 -0.67625
47000 -0.634045
47100 -0.660397
47200 -0.673855
47300 -0.631638
47400 -0.483195
47500 -0.681732
47600 -0.605858
47700 -0.538575
47800 -0.648207
47900 -0.604451
48000 -0.492512
48100 -0.594724
48200 -0.530905
48300 -0.557174
48400 -0.548747
48500 -0.514293
48600 -0.483428
48700 -0.548558
48800 -0.688214
48900 -0.574598
49000 -0.526364
49100 -0.622313
49200 -0.64187
49300 -0.652268
49400 -0.568242
49500 -0.538464
49600 -0.515117
49700 -0.516262
49800 -0.635868
49900 -0.571596
50000 -0.539863
50100 -0.520049
50200 -0.679154
50300 -0.631534
50400 -0.499569
50500 -0.608659
50600 -0.653332
50700 -0.533516
50800 -0.585981
50900 -0.495635
51000 -0.63426
51100 -0.61932
51200 -0.567955
51300 -0.702895
51400 -0.570156
51500 -0.636983
51600 -0.730713
51700 -0.620376
51800 -0.648002
51900 -0.606989
52000 -0.548631
52100 -0.656377
52200 -0.531259
52300 -0.595554
52400 -0.746676
52500 -0.536612
52600 -0.583069
52700 -0.616315
52800 -0.520357
52900 -0.595494
53000 -0.515557
53100 -0.513133
53200 -0.663889
53300 -0.734546
53400 -0.610032
53500 -0.668784
53600 -0.496519
53700 -0.589957
53800 -0.521332
53900 -0.420727
54000 -0.512714
54100 -0.512384
54200 -0.673752
54300 -0.639407
54400 -0.705359
54500 -0.674007
54600 -0.677535
54700 -0.51348
54800 -0.669238
54900 -0.561626
55000 -0.649748
55100 -0.580809
55200 -0.473571
55300 -0.587149
55400 -0.591053
55500 -0.581139
55600 -0.493619
55700 -0.602383
55800 -0.593677
55900 -0.500701
56000 -0.672608
56100 -0.551252
56200 -0.596654
56300 -0.569882
56400 -0.466412
56500 -0.578093
56600 -0.61566
56700 -0.634707
56800 -0.543831
56900 -0.461322
57000 -0.558125
57100 -0.533482
57200 -0.543594
57300 -0.561611
57400 -0.509881
57500 -0.630706
57600 -0.56968
57700 -0.706554
57800 -0.463501
57900 -0.53279
58000 -0.57169
58100 -0.535765
58200 -0.497545
58300 -0.725251
58400 -0.491675
58500 -0.488385
58600 -0.615743
58700 -0.567151
58800 -0.555389
58900 -0.765612
59000 -0.575864
59100 -0.619647
59200 -0.581962
59300 -0.693109
59400 -0.632132
59500 -0.627438
59600 -0.603006
59700 -0.539983
59800 -0.538003
59900 -0.528467
60000 -0.680367
60100 -0.626423
60200 -0.531958
60300 -0.665738
60400 -0.541456
60500 -0.491113
60600 -0.55444
60700 -0.553126
60800 -0.560072
60900 -0.561393
61000 -0.542178
61100 -0.583919
61200 -0.585604
61300 -0.583516
61400 -0.68414
61500 -0.47334
61600 -0.530001
61700 -0.56036
61800 -0.602824
61900 -0.547437
62000 -0.647526
62100 -0.533088
62200 -0.588031
62300 -0.619237
62400 -0.578687
62500 -0.755393
62600 -0.553593
62700 -0.586199
62800 -0.604273
62900 -0.5599
63000 -0.556448
63100 -0.597406
63200 -0.686634
63300 -0.640858
63400 -0.556975
63500 -0.66158
63600 -0.503464
63700 -0.532171
63800 -0.673324
63900 -0.518767
64000 -0.57221
64100 -0.600588
64200 -0.604321
64300 -0.589839
64400 -0.639508
64500 -0.627113
64600 -0.792919
64700 -0.463246
64800 -0.508164
64900 -0.524721
65000 -0.586571
65100 -0.606613
65200 -0.484838
65300 -0.487979
65400 -0.68145
65500 -0.533332
65600 -0.4589
65700 -0.664197
65800 -0.59839
65900 -0.591428
66000 -0.574506
66100 -0.508073
66200 -0.47269
66300 -0.564129
66400 -0.518033
66500 -0.556178
66600 -0.44956
66700 -0.492835
66800 -0.495517
66900 -0.688409
67000 -0.512606
67100 -0.601425
67200 -0.586773
67300 -0.65754
67400 -0.581734
67500 -0.730523
67600 -0.629893
67700 -0.65819
67800 -0.583722
67900 -0.609326
68000 -0.64974
68100 -0.749751
68200 -0.587779
68300 -0.507608
68400 -0.717572
68500 -0.614233
68600 -0.505864
68700 -0.655333
68800 -0.583824
68900 -0.493949
69000 -0.577244
69100 -0.572308
69200 -0.660513
69300 -0.630812
69400 -0.635143
69500 -0.617691
69600 -0.536713
69700 -0.62758
69800 -0.56818
69900 -0.698164
70000 -0.663641
70100 -0.493273
70200 -0.633699
70300 -0.593245
70400 -0.633068
70500 -0.614894
70600 -0.685602
70700 -0.589635
70800 -0.615668
70900 -0.632171
71000 -0.638881
71100 -0.51596
71200 -0.640001
71300 -0.645381
71400 -0.617391
71500 -0.624644
71600 -0.592698
71700 -0.662535
71800 -0.65578
71900 -0.64246
72000 -0.600196
72100 -0.551805
72200 -0.604607
72300 -0.663121
72400 -0.616119
72500 -0.648078
72600 -0.605118
72700 -0.549232
72800 -0.52511
72900 -0.578669
73000 -0.628468
73100 -0.499365
73200 -0.538008
73300 -0.578136
73400 -0.603221
73500 -0.524372
73600 -0.700416
73700 -0.647702
73800 -0.514039
73900 -0.657519
74000 -0.539126
74100 -0.632854
74200 -0.583679
74300 -0.551965
74400 -0.690644
74500 -0.768085
74600 -0.56432
74700 -0.652811
74800 -0.550715
74900 -0.640456
75000 -0.562747
75100 -0.527194
75200 -0.697342
75300 -0.462173
75400 -0.487144
75500 -0.511406
75600 -0.651403
75700 -0.582104
75800 -0.560928
75900 -0.499634
76000 -0.599946
76100 -0.675778
76200 -0.571061
76300 -0.540286
76400 -0.498337
76500 -0.620356
76600 -0.590178
76700 -0.648492
76800 -0.545302
76900 -0.682185
77000 -0.599196
77100 -0.616802
77200 -0.536157
77300 -0.593241
77400 -0.658942
77500 -0.603619
77600 -0.56982
77700 -0.657258
77800 -0.519713
77900 -0.638294
78000 -0.489871
78100 -0.475694
78200 -0.602849
78300 -0.60422
78400 -0.587346
78500 -0.582483
78600 -0.487347
78700 -0.606918
78800 -0.6172
78900 -0.617661
79000 -0.596828
79100 -0.53672
79200 -0.639019
79300 -0.664604
79400 -0.625406
79500 -0.517627
79600 -0.664007
79700 -0.619306
79800 -0.639597
79900 -0.520751
80000 -0.511005
80100 -0.557315
80200 -0.632118
80300 -0.660343
80400 -0.652999
80500 -0.64764
80600 -0.578453
80700 -0.528606
80800 -0.704215
80900 -0.561381
81000 -0.613232
81100 -0.601642
81200 -0.493925
81300 -0.610939
81400 -0.589134
81500 -0.610505
81600 -0.543932
81700 -0.589109
81800 -0.694103
81900 -0.594678
82000 -0.487796
82100 -0.565872
82200 -0.584676
82300 -0.650626
82400 -0.56889
82500 -0.580124
82600 -0.560154
82700 -0.571608
82800 -0.603879
82900 -0.542744
83000 -0.633961
83100 -0.68086
83200 -0.628415
83300 -0.54657
83400 -0.619356
83500 -0.644396
83600 -0.588156
83700 -0.575553
83800 -0.568274
83900 -0.590398
84000 -0.628953
84100 -0.55923
84200 -0.582581
84300 -0.613613
84400 -0.548951
84500 -0.588695
84600 -0.670776
84700 -0.604227
84800 -0.524196
84900 -0.65204
85000 -0.597105
85100 -0.654443
85200 -0.520943
85300 -0.470821
85400 -0.565318
85500 -0.565383
85600 -0.571249
85700 -0.590915
85800 -0.564463
85900 -0.510311
86000 -0.560603
86100 -0.46484
86200 -0.477446
86300 -0.657774
86400 -0.696571
86500 -0.558898
86600 -0.795828
86700 -0.614615
86800 -0.716718
86900 -0.543502
87000 -0.629903
87100 -0.553827
87200 -0.696789
87300 -0.639324
87400 -0.612884
87500 -0.539075
87600 -0.613359
87700 -0.658675
87800 -0.583129
87900 -0.450397
88000 -0.696293
88100 -0.565291
88200 -0.546343
88300 -0.558001
88400 -0.551575
88500 -0.579567
88600 -0.630728
88700 -0.538523
88800 -0.639905
88900 -0.530234
89000 -0.572797
89100 -0.566804
89200 -0.627292
89300 -0.569013
89400 -0.529623
89500 -0.570116
89600 -0.615931
89700 -0.510073
89800 -0.584871
89900 -0.6527
90000 -0.580661
90100 -0.572103
90200 -0.408448
90300 -0.620546
90400 -0.525597
90500 -0.596147
90600 -0.742233
90700 -0.535206
90800 -0.635359
90900 -0.707597
91000 -0.774516
91100 -0.649497
91200 -0.673514
91300 -0.653954
91400 -0.636896
91500 -0.582166
91600 -0.612736
91700 -0.524379
91800 -0.51602
91900 -0.594261
92000 -0.538096
92100 -0.58799
92200 -0.481598
92300 -0.634224
92400 -0.507016
92500 -0.548339
92600 -0.616018
92700 -0.58534
92800 -0.582727
92900 -0.665163
93000 -0.727664
93100 -0.602333
93200 -0.64532
93300 -0.522915
93400 -0.536127
93500 -0.542712
93600 -0.588955
93700 -0.589134
93800 -0.591968
93900 -0.703906
94000 -0.687285
94100 -0.727704
94200 -0.600897
94300 -0.6289
94400 -0.559071
94500 -0.597961
94600 -0.558456
94700 -0.537619
94800 -0.505926
94900 -0.618605
95000 -0.526801
95100 -0.587321
95200 -0.581674
95300 -0.458214
95400 -0.636997
95500 -0.502938
95600 -0.682283
95700 -0.536167
95800 -0.783661
95900 -0.617442
96000 -0.587324
96100 -0.598301
96200 -0.678786
96300 -0.619011
96400 -0.625102
96500 -0.559973
96600 -0.581103
96700 -0.56186
96800 -0.654881
96900 -0.669204
97000 -0.63338
97100 -0.601614
97200 -0.500305
97300 -0.563271
97400 -0.600778
97500 -0.541192
97600 -0.594619
97700 -0.709734
97800 -0.551695
97900 -0.594999
98000 -0.665888
98100 -0.581576
98200 -0.723755
98300 -0.611275
98400 -0.557514
98500 -0.735524
98600 -0.654322
98700 -0.556782
98800 -0.576585
98900 -0.550646
99000 -0.531687
99100 -0.548306
99200 -0.609266
99300 -0.687451
99400 -0.582245
99500 -0.619471
99600 -0.568189
99700 -0.630349
99800 -0.660205
99900 -0.495696
