0 -0.824972
100 -0.675428
200 -0.753876
300 -0.740465
400 -0.707621
500 -0.747997
600 -0.771941
700 -0.77869
800 -0.797861
900 -0.693808
1000 -0.741741
1100 -0.859401
1200 -0.726426
1300 -0.577835
1400 -0.75246
1500 -0.668861
1600 -0.720055
1700 -0.736508
1800 -0.669938
1900 -0.682863
2000 -0.732876
2100 -0.626024
2200 -0.634279
2300 -0.616867
2400 -0.684219
2500 -0.676892
2600 -0.75538
2700 -0.691002
2800 -0.711407
2900 -0.758
3000 -0.852354
3100 -0.827946
3200 -0.71649
3300 -0.753309
3400 -0.760845
3500 -0.723497
3600 -0.763529
3700 -0.801772
3800 -0.642423
3900 -0.66296
4000 -0.617573
4100 -0.736529
4200 -0.669615
4300 -0.582566
4400 -0.664722
4500 -0.659767
4600 -0.628131
4700 -0.79108
4800 -0.621457
4900 -0.59997
5000 -0.682364
5100 -0.716416
5200 -0.747139
5300 -0.658186
5400 -0.630226
5500 -0.744462
5600 -0.724947
5700 -0.84432
5800 -0.616953
5900 -0.829434
6000 -0.751398
6100 -0.944451
6200 -0.745527
6300 -0.805655
6400 -0.751341
6500 -0.691408
6600 -0.711175
6700 -0.695122
6800 -0.666101
6900 -0.705155
7000 -0.775501
7100 -0.679478
7200 -0.745386
7300 -0.705949
7400 -0.701986
7500 -0.59666
7600 -0.697828
7700 -0.614004
7800 -0.711578
7900 -0.625249
8000 -0.726287
8100 -0.844422
8200 -0.654853
8300 -0.734998
8400 -0.58612
8500 -0.669472
8600 -0.731679
8700 -0.734401
8800 -0.710405
8900 -0.709479
9000 -0.700335
9100 -0.892514
9200 -0.769549
9300 -0.757544
9400 -0.741613
9500 -0.663247
9600 -0.648093
9700 -0.704966
9800 -0.704621
9900 -0.761847
10000 -0.838935
10100 -0.851689
10200 -0.842754
10300 -0.718829
10400 -0.795789
10500 -0.698104
10600 -0.806198
10700 -0.82927
10800 -0.794837
10900 -0.700539
11000 -0.678644
11100 -0.770772
11200 -0.813452
11300 -0.911526
11400 -0.834231
11500 -0.858869
11600 -0.789276
11700 -0.738311
11800 -0.739342
11900 -0.879477
12000 -0.754719
12100 -0.776466
12200 -0.851638
12300 -0.683431
12400 -0.677573
12500 -0.726837
12600 -0.769459
12700 -0.625347
12800 -0.659862
12900 -0.751154
13000 -0.782264
13100 -0.859464
13200 -0.692302
13300 -0.846854
13400 -0.736649
13500 -0.669754
13600 -0.699134
13700 -0.703869
13800 -0.697036
13900 -0.590076
14000 -0.699074
14100 -0.755417
14200 -0.796192
14300 -0.846314
14400 -0.798485
14500 -0.642682
14600 -0.620129
14700 -0.782838
14800 -0.68397
14900 -0.647537
15000 -0.711997
15100 -0.720382
15200 -0.675212
15300 -0.57858
15400 -0.678157
15500 -0.700245
15600 -0.68151
15700 -0.601045
15800 -0.63004
15900 -0.650773
16000 -0.596531
16100 -0.533686
16200 -0.634173
16300 -0.769158
16400 -0.749167
16500 -0.687249
16600 -0.66559
16700 -0.779203
16800 -0.580025
16900 -0.636522
17000 -0.749102
17100 -0.703718
17200 -0.672802
17300 -0.848374
17400 -0.696576
17500 -0.838577
17600 -0.891509
17700 -0.698022
17800 -0.768165
17900 -0.721311
18000 -0.659828
18100 -0.727196
18200 -0.700181
18300 -0.907015
18400 -0.830734
18500 -0.782277
18600 -0.623417
18700 -0.718567
18800 -0.743796
18900 -0.678813
19000 -0.765146
19100 -0.656265
19200 -0.691621
19300 -0.656589
19400 -0.7398
19500 -0.710139
19600 -0.718281
19700 -0.738584
19800 -0.778417
19900 -0.732515
20000 -0.737239
20100 -0.691903
20200 -0.778125
20300 -0.70968
20400 -0.860305
20500 -0.77298
20600 -0.634671
20700 -0.856524
20800 -0.932847
20900 -0.637086
21000 -0.654057
21100 -0.69801
21200 -0.656948
21300 -0.637198
21400 -0.800056
21500 -0.797227
21600 -0.720146
21700 -0.533339
21800 -0.675941
21900 -0.564662
22000 -0.879017
22100 -0.834062
22200 -0.720907
22300 -0.760945
22400 -0.772911
22500 -0.659872
22600 -0.665207
22700 -0.699722
22800 -0.811027
22900 -0.770853
23000 -0.726035
23100 -0.716706
23200 -0.806182
23300 -0.766298
23400 -0.823652
23500 -0.754373
23600 -0.618755
23700 -0.621443
23800 -0.755301
23900 -0.891756
24000 -0.724881
24100 -0.719615
24200 -0.659208
24300 -0.701498
24400 -0.908318
24500 -0.777887
24600 -0.614575
24700 -0.700292
24800 -0.69571
24900 -0.529729
25000 -0.736086
25100 -0.671733
25200 -0.733487
25300 -0.658127
25400 -0.644158
25500 -0.589707
25600 -0.642711
25700 -0.578501
25800 -0.704041
25900 -0.82059
26000 -0.641606
26100 -0.8043
26200 -0.699694
26300 -0.796428
26400 -0.593299
26500 -0.670905
26600 -0.640144
26700 -0.809825
26800 -0.752901
26900 -0.69546
27000 -0.768541
27100 -0.660535
27200 -0.514506
27300 -0.566563
27400 -0.654512
27500 -0.644891
27600 -0.606273
27700 -0.717537
27800 -0.637802
27900 -0.598822
28000 -0.558511
28100 -0.721948
28200 -0.670772
28300 -0.763398
28400 -0.739549
28500 -0.73757
28600 -0.7278
28700 -0.771552
28800 -0.859327
28900 -0.709513
29000 -0.669687
29100 -0.750891
29200 -0.604723
29300 -0.591681
29400 -0.557984
29500 -0.726526
29600 -0.783477
29700 -0.659082
29800 -0.688539
29900 -0.603023
30000 -0.631275
30100 -0.670534
30200 -0.731337
30300 -0.71593
30400 -0.682543
30500 -0.738676
30600 -0.922796
30700 -0.941761
30800 -0.879945
30900 -0.786617
31000 -0.714976
31100 -0.749057
31200 -0.829215
31300 -0.838233
31400 -0.804103
31500 -0.841626
31600 -0.774342
31700 -0.630307
31800 -0.754608
31900 -0.743222
32000 -0.628979
32100 -0.688665
32200 -0.744886
32300 -0.622374
32400 -0.681331
32500 -0.712795
32600 -0.783866
32700 -0.740104
32800 -0.819632
32900 -0.770546
33000 -0.558965
33100 -0.741632
33200 -0.770216
33300 -0.69733
33400 -0.694422
33500 -0.792652
33600 -0.954522
33700 -0.847958
33800 -0.718746
33900 -0.767957
34000 -0.665813
34100 -0.720284
34200 -0.764564
34300 -0.786136
34400 -0.653733
34500 -0.700717
34600 -0.728713
34700 -0.707084
34800 -0.78523
34900 -0.637345
35000 -0.836105
35100 -0.741686
35200 -0.667364
35300 -0.634697
35400 -0.636728
35500 -0.741157
35600 -0.778715
35700 -0.822034
35800 -0.839888
35900 -0.750289
36000 -0.661728
36100 -0.503922
36200 -0.690255
36300 -0.656112
36400 -0.580205
36500 -0.555378
36600 -0.573255
36700 -0.712975
36800 -0.695387
36900 -0.680686
37000 -0.691982
37100 -0.832605
37200 -0.851452
37300 -0.796448
37400 -0.710135
37500 -0.787414
37600 -0.704275
37700 -0.869157
37800 -0.951469
37900 -0.810282
38000 -0.801522
38100 -0.71651
38200 -0.695359
38300 -0.749485
38400 -0.560565
38500 -0.727393
38600 -0.548248
38700 -0.726805
38800 -0.74472
38900 -0.701753
39000 -0.655199
39100 -0.740889
39200 -0.547256
39300 -0.621039
39400 -0.864302
39500 -0.691346
39600 -0.83691
39700 -0.780411
39800 -0.828869
39900 -0.872966
40000 -0.798162
40100 -0.814872
40200 -0.66989
40300 -0.812296
40400 -0.830371
40500 -0.762039
40600 -0.813091
40700 -0.661093
40800 -0.733961
40900 -0.701566
41000 -0.675171
41100 -0.558394
41200 -0.783498
41300 -0.667678
41400 -0.663415
41500 -0.680746
41600 -0.760738
41700 -0.763175
41800 -0.715352
41900 -0.559344
42000 -0.557651
42100 -0.669044
42200 -0.707612
42300 -0.708118
42400 -0.630865
42500 -0.701665
42600 -0.778735
42700 -0.748824
42800 -0.685995
42900 -0.71955
43000 -0.807642
43100 -0.64126
43200 -0.64696
43300 -0.706228
43400 -0.753773
43500 -0.878215
43600 -0.865658
43700 -0.947835
43800 -0.898296
43900 -0.785472
44000 -0.803709
44100 -0.64882
44200 -0.689179
44300 -0.726081
44400 -0.787148
44500 -0.724049
44600 -0.660434
44700 -0.760695
44800 -0.562564
44900 -0.729931
45000 -0.631132
45100 -0.658428
45200 -0.650251
45300 -0.679589
45400 -0.664144
45500 -0.76069
45600 -0.610973
45700 -0.601713
45800 -0.633411
45900 -0.699766
46000 -0.68418
46100 -0.746674
46200 -0.645483
46300 -0.638047
46400 -0.706652
46500 -0.741518
46600 -0.796452
46700 -0.894581
46800 -0.716399
46900 -0.548466
47000 -0.652606
47100 -0.58038
47200 -0.682875
47300 -0.650251
47400 -0.798561
47500 -0.752865
47600 -0.709699
47700 -0.562958
47800 -0.766719
47900 -0.66883
48000 -0.657727
48100 -0.656601
48200 -0.779047
48300 -0.77244
48400 -0.770101
48500 -0.591186
48600 -0.671226
48700 -0.637801
48800 -0.594084
48900 -0.769456
49000 -0.810056
49100 -0.577028
49200 -0.675035
49300 -0.735578
49400 -0.738715
49500 -0.525794
49600 -0.785671
49700 -0.734938
49800 -0.709647
49900 -0.762919
50000 -0.628224
50100 -0.659375
50200 -0.601937
50300 -0.858711
50400 -0.603793
50500 -0.847949
50600 -0.765085
50700 -0.836194
50800 -0.669356
50900 -0.701838
51000 -0.686248
51100 -0.659072
51200 -0.638879
51300 -0.642494
51400 -0.731404
51500 -0.68762
51600 -0.826317
51700 -0.85126
51800 -0.77433
51900 -0.694253
52000 -0.675822
52100 -0.822045
52200 -0.75271
52300 -0.794173
52400 -0.766402
52500 -0.771853
52600 -0.6749
52700 -0.734026
52800 -0.580341
52900 -0.740687
53000 -0.635657
53100 -0.61527
53200 -0.682215
53300 -0.719834
53400 -0.750521
53500 -0.703597
53600 -0.721789
53700 -0.734043
53800 -0.577523
53900 -0.643107
54000 -0.729493
54100 -0.568502
54200 -0.630411
54300 -0.629864
54400 -0.615602
54500 -0.750821
54600 -0.670872
54700 -0.698332
54800 -0.573849
54900 -0.594502
55000 -0.629207
55100 -0.808658
55200 -0.801342
55300 -0.753517
55400 -0.713807
55500 -0.800332
55600 -0.770117
55700 -0.672879
55800 -0.688958
55900 -0.793012
56000 -0.646378
56100 -0.664646
56200 -0.641477
56300 -0.727227
56400 -0.750592
56500 -0.737664
56600 -0.668717
56700 -0.751788
56800 -0.645769
56900 -0.603565
57000 -0.592736
57100 -0.686939
57200 -0.615125
57300 -0.694872
57400 -0.625063
57500 -0.722362
57600 -0.652774
57700 -0.64223
57800 -0.719094
57900 -0.62694
58000 -0.60991
58100 -0.811103
58200 -0.679774
58300 -0.695633
58400 -0.78411
58500 -0.707401
58600 -0.721248
58700 -0.708966
58800 -0.692124
58900 -0.678549
59000 -0.720572
59100 -0.680547
59200 -0.749758
59300 -0.545187
59400 -0.668284
59500 -0.785124
59600 -0.719764
59700 -0.665574
59800 -0.698663
59900 -0.630286
60000 -0.709413
60100 -0.754861
60200 -0.777674
60300 -0.874505
60400 -0.68517
60500 -0.638153
60600 -0.744932
60700 -0.62293
60800 -0.745245
60900 -0.665108
61000 -0.737832
61100 -0.697361
61200 -0.821082
61300 -0.76551
61400 -0.841856
61500 -0.70025
61600 -0.675857
61700 -0.731436
61800 -0.656322
61900 -0.703418
62000 -0.604904
62100 -0.798969
62200 -0.656737
62300 -0.662897
62400 -0.673197
62500 -0.722574
62600 -0.763522
62700 -0.686063
62800 -0.734224
62900 -0.71994
63000 -0.667897
63100 -0.618246
63200 -0.690896
63300 -0.87855
63400 -0.601291
63500 -0.775447
63600 -0.748556
63700 -0.744531
63800 -0.726172
63900 -0.791781
64000 -0.749736
64100 -0.876567
64200 -0.702278
64300 -0.718505
64400 -0.717614
64500 -0.720718
64600 -0.791087
64700 -0.622002
64800 -0.684741
64900 -0.595375
65000 -0.673044
65100 -0.538351
65200 -0.680385
65300 -0.691497
65400 -0.65328
65500 -0.792637
65600 -0.732552
65700 -0.734979
65800 -0.711599
65900 -0.764929
66000 -0.649599
66100 -0.65032
66200 -0.831694
66300 -0.651148
66400 -0.725248
66500 -0.794496
66600 -0.840835
66700 -0.794534
66800 -0.806629
66900 -0.7057
67000 -0.713931
67100 -0.868256
67200 -0.818621
67300 -0.724841
67400 -0.64715
67500 -0.594388
67600 -0.764919
67700 -0.667886
67800 -0.66008
67900 -0.722084
68000 -0.609622
68100 -0.57985
68200 -0.651453
68300 -0.663253
68400 -0.699646
68500 -0.660818
68600 -0.64467
68700 -0.643507
68800 -0.704852
68900 -0.679713
69000 -0.622516
69100 -0.599311
69200 -0.748583
69300 -0.734073
69400 -0.611652
69500 -0.687416
69600 -0.643441
69700 -0.802724
69800 -0.731176
69900 -0.836452
70000 -0.725517
70100 -0.789825
70200 -0.674512
70300 -0.755819
70400 -0.632336
70500 -0.687475
70600 -0.693478
70700 -0.652721
70800 -0.620269
70900 -0.895653
71000 -0.815262
71100 -0.720557
71200 -0.677395
71300 -0.794336
71400 -0.934189
71500 -0.805595
71600 -0.793354
71700 -0.711486
71800 -0.86852
71900 -0.776498
72000 -0.804208
72100 -0.914257
72200 -0.767425
72300 -0.901869
72400 -0.837485
72500 -0.886241
72600 -0.787511
72700 -0.785224
72800 -0.729258
72900 -0.659394
73000 -0.713258
73100 -0.675256
73200 -0.682657
73300 -0.708763
73400 -0.595668
73500 -0.79198
73600 -0.798791
73700 -0.735638
73800 -0.884304
73900 -0.817402
74000 -0.651468
74100 -0.741251
74200 -0.749732
74300 -0.559248
74400 -0.66046
74500 -0.65253
74600 -0.810177
74700 -0.840212
74800 -0.867262
74900 -0.694434
75000 -0.666822
75100 -0.641798
75200 -0.721997
75300 -0.668601
75400 -0.740021
75500 -0.708009
75600 -0.727374
75700 -0.617702
75800 -0.694482
75900 -0.760668
76000 -0.745967
76100 -0.733827
76200 -0.734629
76300 -0.666031
76400 -0.732457
76500 -0.795389
76600 -0.652219
76700 -0.777464
76800 -0.603852
76900 -0.691943
77000 -0.627499
77100 -0.761346
77200 -0.831386
77300 -0.806461
77400 -0.629741
77500 -0.648224
77600 -0.819027
77700 -0.725143
77800 -0.605515
77900 -0.614019
78000 -0.618136
78100 -0.73081
78200 -0.654764
78300 -0.655218
78400 -0.842299
78500 -0.66673
78600 -0.71645
78700 -0.716575
78800 -0.671892
78900 -0.674731
79000 -0.677451
79100 -0.631709
79200 -0.610779
79300 -0.832427
79400 -0.725447
79500 -0.732985
79600 -0.695645
79700 -0.719112
79800 -0.759502
79900 -0.560219
80000 -0.629971
80100 -0.668567
80200 -0.546763
80300 -0.633415
80400 -0.677084
80500 -0.49734
80600 -0.626611
80700 -0.603194
80800 -0.725444
80900 -0.718092
81000 -0.676555
81100 -0.662769
81200 -0.736201
81300 -0.900645
81400 -0.824493
81500 -0.758374
81600 -0.678854
81700 -0.673183
81800 -0.622694
81900 -0.582143
82000 -0.680252
82100 -0.637566
82200 -0.652619
82300 -0.695358
82400 -0.74093
82500 -0.739795
82600 -0.75491
82700 -0.806024
82800 -0.724904
82900 -0.812656
83000 -0.7194
83100 -0.76002
83200 -0.733228
83300 -0.759344
83400 -0.816791
83500 -0.913634
83600 -0.66699
83700 -0.728748
83800 -0.792851
83900 -0.603332
84000 -0.594643
84100 -0.800163
84200 -0.734461
84300 -0.571807
84400 -0.572654
84500 -0.608538
84600 -0.72516
84700 -0.6214
84800 -0.715269
84900 -0.626392
85000 -0.766216
85100 -0.737843
85200 -0.798132
85300 -0.752723
85400 -0.886422
85500 -0.573879
85600 -0.647868
85700 -0.644097
85800 -0.828044
85900 -0.726816
86000 -0.764476
86100 -0.674801
86200 -0.638597
86300 -0.75805
86400 -0.627458
86500 -0.673578
86600 -0.576915
86700 -0.783325
86800 -0.656962
86900 -0.663209
87000 -0.614905
87100 -0.709125
87200 -0.64593
87300 -0.672685
87400 -0.618638
87500 -0.612658
87600 -0.640802
87700 -0.616112
87800 -0.664851
87900 -0.67132
88000 -0.756541
88100 -0.745281
88200 -0.722543
88300 -0.756744
88400 -0.734822
88500 -0.643904
88600 -0.682036
88700 -0.705931
88800 -0.734153
88900 -0.608508
89000 -0.625417
89100 -0.86112
89200 -0.807764
89300 -0.792058
89400 -0.771504
89500 -0.86953
89600 -0.61267
89700 -0.695804
89800 -0.602634
89900 -0.717792
90000 -0.83211
90100 -0.76459
90200 -0.677438
90300 -0.735033
90400 -0.847535
90500 -0.738428
90600 -0.909776
90700 -0.693017
90800 -0.737701
90900 -0.705154
91000 -0.767338
91100 -0.749111
91200 -0.819668
91300 -0.785876
91400 -0.74871
91500 -0.816574
91600 -0.646002
91700 -0.692627
91800 -0.67174
91900 -0.707108
92000 -0.822103
92100 -0.758505
92200 -0.725468
92300 -0.794349
92400 -0.677746
92500 -0.733981
92600 -0.869076
92700 -0.737552
92800 -0.728947
92900 -0.751009
93000 -0.797705
93100 -0.752825
93200 -0.76061
93300 -0.704961
93400 -0.652032
93500 -0.713612
93600 -0.693269
93700 -0.75535
93800 -0.799817
93900 -0.765139
94000 -0.706394
94100 -0.774308
94200 -0.68143
94300 -0.622647
94400 -0.813371
94500 -0.788293
94600 -0.651405
94700 -0.622987
94800 -0.741314
94900 -0.712156
95000 -0.59184
95100 -0.633264
95200 -0.606786
95300 -0.69611
95400 -0.688798
95500 -0.894842
95600 -0.883917
95700 -0.828192
95800 -0.666307
95900 -0.76926
96000 -0.810123
96100 -0.710646
96200 -0.691422
96300 -0.677137
96400 -0.747417
96500 -0.812228
96600 -0.667131
96700 -0.651394
96800 -0.792304
96900 -0.738814
97000 -0.668809
97100 -0.537614
97200 -0.675075
97300 -0.679457
97400 -0.677838
97500 -0.660959
97600 -0.667691
97700 -0.751311
97800 -0.813688
97900 -0.728164
98000 -0.756493
98100 -0.829965
98200 -0.740131
98300 -0.70368
98400 -0.706055
98500 -0.695046
98600 -0.775585
98700 -0.804994
98800 -0.707883
98900 -0.687146
99000 -0.72933
99100 -0.777007
99200 -0.820589
99300 -0.761169
99400 -0.760258
99500 -0.586949
99600 -0.618819
99700 -0.69037
99800 -0.662723
99900 -0.780042
