0 -1.58747
100 -1.64279
200 -1.69976
300 -1.65454
400 -1.68434
500 -1.57978
600 -1.6539
700 -1.62292
800 -1.66028
900 -1.58092
1000 -1.57094
1100 -1.56245
1200 -1.62909
1300 -1.45801
1400 -1.57519
1500 -1.61578
1600 -1.60699
1700 -1.53839
1800 -1.61134
1900 -1.51799
2000 -1.61633
2100 -1.59027
2200 -1.54468
2300 -1.67398
2400 -1.62106
2500 -1.51485
2600 -1.6214
2700 -1.53755
2800 -1.62749
2900 -1.62496
3000 -1.41317
3100 -1.68244
3200 -1.59304
3300 -1.591
3400 -1.6319
3500 -1.65485
3600 -1.62234
3700 -1.6429
3800 -1.56385
3900 -1.57678
4000 -1.61598
4100 -1.52261
4200 -1.66405
4300 -1.64077
4400 -1.73448
4500 -1.56567
4600 -1.68456
4700 -1.61218
4800 -1.56568
4900 -1.61773
5000 -1.46872
5100 -1.74708
5200 -1.68048
5300 -1.52331
5400 -1.6591
5500 -1.59388
5600 -1.58228
5700 -1.73251
5800 -1.55383
5900 -1.65363
6000 -1.65759
6100 -1.52226
6200 -1.52475
6300 -1.5542
6400 -1.61727
6500 -1.61933
6600 -1.70218
6700 -1.58035
6800 -1.55207
6900 -1.51795
7000 -1.53385
7100 -1.63185
7200 -1.51288
7300 -1.53124
7400 -1.61329
7500 -1.62284
7600 -1.59943
7700 -1.54244
7800 -1.54102
7900 -1.56769
8000 -1.57329
8100 -1.66487
8200 -1.65756
8300 -1.66292
8400 -1.58147
8500 -1.63898
8600 -1.60746
8700 -1.66918
8800 -1.65389
8900 -1.47956
9000 -1.5601
9100 -1.64379
9200 -1.56786
9300 -1.61697
9400 -1.64714
9500 -1.63446
9600 -1.65721
9700 -1.52198
9800 -1.57996
9900 -1.62028
10000 -1.59729
10100 -1.50359
10200 -1.49607
10300 -1.59896
10400 -1.6141
10500 -1.63589
10600 -1.49021
10700 -1.64233
10800 -1.70457
10900 -1.63148
11000 -1.48546
11100 -1.64367
11200 -1.65252
11300 -1.69809
11400 -1.48324
11500 -1.6092
11600 -1.57745
11700 -1.59835
11800 -1.55034
11900 -1.63286
12000 -1.62851
12100 -1.56473
12200 -1.57106
12300 -1.69345
12400 -1.54448
12500 -1.69208
12600 -1.62122
12700 -1.60005
12800 -1.67695
12900 -1.62271
13000 -1.57267
13100 -1.76571
13200 -1.5747
13300 -1.62604
13400 -1.58299
13500 -1.6075
13600 -1.68577
13700 -1.58456
13800 -1.62057
13900 -1.58316
14000 -1.61034
14100 -1.59942
14200 -1.50204
14300 -1.71769
14400 -1.51486
14500 -1.71719
14600 -1.54457
14700 -1.5556
14800 -1.59383
14900 -1.48517
15000 -1.65133
15100 -1.65496
15200 -1.60922
15300 -1.59159
15400 -1.6703
15500 -1.53286
15600 -1.70481
15700 -1.55511
15800 -1.65893
15900 -1.5392
16000 -1.53881
16100 -1.63037
16200 -1.63899
16300 -1.74125
16400 -1.63584
16500 -1.61378
16600 -1.65301
16700 -1.65046
16800 -1.49826
16900 -1.66319
17000 -1.56036
17100 -1.62881
17200 -1.55422
17300 -1.58062
17400 -1.48398
17500 -1.65355
17600 -1.66834
17700 -1.65943
17800 -1.64187
17900 -1.55553
18000 -1.58586
18100 -1.59633
18200 -1.64617
18300 -1.59811
18400 -1.62169
18500 -1.60385
18600 -1.63272
18700 -1.65365
18800 -1.55244
18900 -1.67384
19000 -1.61538
19100 -1.56239
19200 -1.62501
19300 -1.6334
19400 -1.59406
19500 -1.602
19600 -1.49714
19700 -1.55692
19800 -1.56199
19900 -1.54988
20000 -1.66333
20100 -1.54394
20200 -1.70419
20300 -1.43392
20400 -1.54021
20500 -1.50519
20600 -1.58627
20700 -1.50909
20800 -1.51355
20900 -1.58991
21000 -1.42023
21100 -1.54698
21200 -1.59713
21300 -1.60865
21400 -1.42815
21500 -1.67026
21600 -1.56449
21700 -1.64543
21800 -1.56217
21900 -1.55856
22000 -1.56181
22100 -1.63219
22200 -1.55757
22300 -1.66604
22400 -1.60883
22500 -1.50829
22600 -1.68691
22700 -1.57364
22800 -1.5908
22900 -1.67218
23000 -1.47867
23100 -1.51913
23200 -1.54143
23300 -1.61422
23400 -1.6826
23500 -1.68065
23600 -1.58713
23700 -1.58653
23800 -1.64893
23900 -1.62245
24000 -1.56893
24100 -1.59879
24200 -1.54102
24300 -1.61117
24400 -1.51489
24500 -1.66471
24600 -1.4914
24700 -1.62989
24800 -1.54985
24900 -1.61164
25000 -1.66643
25100 -1.57374
25200 -1.60849
25300 -1.46728
25400 -1.58953
25500 -1.43807
25600 -1.5648
25700 -1.55032
25800 -1.62633
25900 -1.61241
26000 -1.51201
26100 -1.5775
26200 -1.63721
26300 -1.63196
26400 -1.60654
26500 -1.46903
26600 -1.61409
26700 -1.54729
26800 -1.65629
26900 -1.64863
27000 -1.67089
27100 -1.65213
27200 -1.58681
27300 -1.63862
27400 -1.49854
27500 -1.60002
27600 -1.60544
27700 -1.62412
27800 -1.56355
27900 -1.6707
28000 -1.67228
28100 -1.56266
28200 -1.71057
28300 -1.6734
28400 -1.56234
28500 -1.61892
28600 -1.43153
28700 -1.61734
28800 -1.71797
28900 -1.57684
29000 -1.62695
29100 -1.57545
29200 -1.66592
29300 -1.58102
29400 -1.64348
29500 -1.47148
29600 -1.63397
29700 -1.45826
29800 -1.65456
29900 -1.63007
30000 -1.57497
30100 -1.6345
30200 -1.60702
30300 -1.51831
30400 -1.65254
30500 -1.64964
30600 -1.40811
30700 -1.5203
30800 -1.59458
30900 -1.58358
31000 -1.66777
31100 -1.63162
31200 -1.51872
31300 -1.71689
31400 -1.46995
31500 -1.56869
31600 -1.43956
31700 -1.44493
31800 -1.68893
31900 -1.58945
32000 -1.63315
32100 -1.4575
32200 -1.52111
32300 -1.59131
32400 -1.62679
32500 -1.59469
32600 -1.63982
32700 -1.55312
32800 -1.68079
32900 -1.71958
33000 -1.63953
33100 -1.57226
33200 -1.63544
33300 -1.63651
33400 -1.52154
33500 -1.57197
33600 -1.55962
33700 -1.58018
33800 -1.55521
33900 -1.60554
34000 -1.66309
34100 -1.50648
34200 -1.49282
34300 -1.58864
34400 -1.61585
34500 -1.45613
34600 -1.56554
34700 -1.66653
34800 -1.57437
34900 -1.65331
35000 -1.55731
35100 -1.71845
35200 -1.64866
35300 -1.47785
35400 -1.51196
35500 -1.52725
35600 -1.64309
35700 -1.57662
35800 -1.55709
35900 -1.49382
36000 -1.59912
36100 -1.6324
36200 -1.4946
36300 -1.57236
36400 -1.64638
36500 -1.61259
36600 -1.65629
36700 -1.54408
36800 -1.74829
36900 -1.60293
37000 -1.48048
37100 -1.55319
37200 -1.39244
37300 -1.61343
37400 -1.68395
37500 -1.49405
37600 -1.56111
37700 -1.6145
37800 -1.60924
37900 -1.54681
38000 -1.63593
38100 -1.4892
38200 -1.60686
38300 -1.45491
38400 -1.66428
38500 -1.64097
38600 -1.60311
38700 -1.641
38800 -1.62962
38900 -1.49803
39000 -1.68057
39100 -1.73397
39200 -1.52048
39300 -1.57849
39400 -1.64042
39500 -1.62646
39600 -1.5981
39700 -1.5774
39800 -1.49585
39900 -1.49658
40000 -1.65606
40100 -1.69414
40200 -1.61648
40300 -1.61811
40400 -1.61313
40500 -1.62655
40600 -1.5419
40700 -1.54263
40800 -1.73425
40900 -1.59372
41000 -1.61681
41100 -1.6564
41200 -1.73702
41300 -1.56623
41400 -1.57507
41500 -1.62162
41600 -1.68237
41700 -1.64054
41800 -1.62438
41900 -1.75797
42000 -1.62157
42100 -1.62056
42200 -1.61054
42300 -1.6219
42400 -1.55389
42500 -1.57937
42600 -1.54774
42700 -1.63078
42800 -1.61408
42900 -1.67982
43000 -1.59773
43100 -1.59764
43200 -1.59098
43300 -1.55188
43400 -1.65722
43500 -1.61548
43600 -1.66527
43700 -1.54669
43800 -1.66244
43900 -1.6394
44000 -1.71524
44100 -1.4685
44200 -1.57379
44300 -1.67495
44400 -1.57939
44500 -1.52296
44600 -1.73673
44700 -1.61905
44800 -1.57907
44900 -1.72678
45000 -1.52239
45100 -1.53496
45200 -1.71396
45300 -1.55155
45400 -1.6443
45500 -1.62681
45600 -1.61092
45700 -1.74785
45800 -1.68942
45900 -1.58414
46000 -1.58023
46100 -1.6104
46200 -1.5767
46300 -1.72949
46400 -1.55839
46500 -1.59145
46600 -1.67274
46700 -1.60512
46800 -1.60853
46900 -1.69079
47000 -1.75022
47100 -1.61791
47200 -1.54056
47300 -1.49671
47400 -1.67016
47500 -1.60371
47600 -1.62835
47700 -1.65995
47800 -1.53514
47900 -1.60525
48000 -1.46452
48100 -1.55184
48200 -1.55056
48300 -1.55027
48400 -1.70139
48500 -1.58356
48600 -1.54401
48700 -1.61241
48800 -1.67916
48900 -1.64117
49000 -1.63338
49100 -1.56965
49200 -1.61919
49300 -1.68954
49400 -1.51658
49500 -1.6841
49600 -1.52173
49700 -1.68887
49800 -1.58016
49900 -1.67839
50000 -1.68611
50100 -1.7065
50200 -1.58883
50300 -1.69149
50400 -1.55123
50500 -1.64382
50600 -1.60942
50700 -1.6452
50800 -1.68207
50900 -1.67044
51000 -1.66473
51100 -1.62937
51200 -1.64376
51300 -1.62509
51400 -1.64155
51500 -1.74111
51600 -1.47307
51700 -1.62563
51800 -1.60645
51900 -1.65881
52000 -1.58752
52100 -1.62503
52200 -1.48696
52300 -1.61519
52400 -1.57009
52500 -1.58421
52600 -1.47671
52700 -1.57588
52800 -1.56246
52900 -1.61772
53000 -1.61293
53100 -1.61
53200 -1.502
53300 -1.56485
53400 -1.59269
53500 -1.6767
53600 -1.54866
53700 -1.73711
53800 -1.56417
53900 -1.57193
54000 -1.60751
54100 -1.66467
54200 -1.60622
54300 -1.55156
54400 -1.60053
54500 -1.66633
54600 -1.65093
54700 -1.48366
54800 -1.58445
54900 -1.62115
55000 -1.63223
55100 -1.47478
55200 -1.56061
55300 -1.67029
55400 -1.62877
55500 -1.62994
55600 -1.57789
55700 -1.6242
55800 -1.57129
55900 -1.58777
56000 -1.64305
56100 -1.5983
56200 -1.63507
56300 -1.68075
56400 -1.51871
56500 -1.54332
56600 -1.59446
56700 -1.59284
56800 -1.46834
56900 -1.60167
57000 -1.6521
57100 -1.65298
57200 -1.57002
57300 -1.57663
57400 -1.50115
57500 -1.59059
57600 -1.58908
57700 -1.50835
57800 -1.63583
57900 -1.59013
58000 -1.49644
58100 -1.59234
58200 -1.68252
58300 -1.61657
58400 -1.62114
58500 -1.55537
58600 -1.66997
58700 -1.59564
58800 -1.64513
58900 -1.54074
59000 -1.48084
59100 -1.62605
59200 -1.616
59300 -1.62362
59400 -1.51132
59500 -1.58667
59600 -1.62084
59700 -1.52681
59800 -1.68606
59900 -1.6039
60000 -1.52446
60100 -1.52893
60200 -1.63099
60300 -1.71156
60400 -1.60538
60500 -1.54732
60600 -1.6988
60700 -1.61413
60800 -1.54961
60900 -1.62733
61000 -1.62966
61100 -1.71478
61200 -1.64822
61300 -1.60926
61400 -1.63142
61500 -1.54673
61600 -1.67131
61700 -1.6323
61800 -1.65352
61900 -1.57438
62000 -1.74301
62100 -1.67531
62200 -1.62672
62300 -1.55784
62400 -1.67373
62500 -1.62467
62600 -1.65221
62700 -1.56692
62800 -1.64203
62900 -1.53076
63000 -1.61396
63100 -1.67927
63200 -1.75145
63300 -1.62441
63400 -1.58045
63500 -1.50718
63600 -1.64078
63700 -1.67307
63800 -1.48238
63900 -1.63627
64000 -1.49442
64100 -1.6558
64200 -1.59348
64300 -1.64422
64400 -1.57638
64500 -1.5825
64600 -1.62937
64700 -1.59722
64800 -1.42872
64900 -1.53507
65000 -1.46581
65100 -1.55603
65200 -1.66262
65300 -1.62016
65400 -1.65278
65500 -1.53712
65600 -1.70484
65700 -1.49585
65800 -1.60064
65900 -1.6591
66000 -1.61422
66100 -1.55476
66200 -1.64531
66300 -1.63007
66400 -1.69411
66500 -1.60351
66600 -1.61677
66700 -1.50345
66800 -1.64493
66900 -1.60441
67000 -1.65691
67100 -1.57777
67200 -1.60016
67300 -1.60375
67400 -1.76999
67500 -1.53599
67600 -1.54743
67700 -1.63414
67800 -1.55114
67900 -1.6066
68000 -1.58402
68100 -1.63057
68200 -1.66712
68300 -1.65814
68400 -1.55184
68500 -1.60205
68600 -1.62969
68700 -1.46039
68800 -1.58435
68900 -1.5603
69000 -1.61986
69100 -1.7015
69200 -1.58517
69300 -1.61215
69400 -1.6225
69500 -1.6141
69600 -1.6583
69700 -1.63673
69800 -1.50863
69900 -1.57224
70000 -1.66136
70100 -1.62955
70200 -1.57955
70300 -1.49395
70400 -1.57315
70500 -1.50883
70600 -1.5448
70700 -1.5336
70800 -1.53502
70900 -1.61
71000 -1.70514
71100 -1.62517
71200 -1.63187
71300 -1.53391
71400 -1.53732
71500 -1.63559
71600 -1.57591
71700 -1.56285
71800 -1.56993
71900 -1.62867
72000 -1.62127
72100 -1.61814
72200 -1.60474
72300 -1.56912
72400 -1.61524
72500 -1.62933
72600 -1.59375
72700 -1.51514
72800 -1.68498
72900 -1.56667
73000 -1.75347
73100 -1.57049
73200 -1.56388
73300 -1.67397
73400 -1.70815
73500 -1.60321
73600 -1.62247
73700 -1.5912
73800 -1.58413
73900 -1.65293
74000 -1.45492
74100 -1.56717
74200 -1.674
74300 -1.65418
74400 -1.61703
74500 -1.56062
74600 -1.62445
74700 -1.5966
74800 -1.50177
74900 -1.67813
75000 -1.57444
75100 -1.53156
75200 -1.59241
75300 -1.73458
75400 -1.53949
75500 -1.60209
75600 -1.60501
75700 -1.54027
75800 -1.64193
75900 -1.64426
76000 -1.67781
76100 -1.59973
76200 -1.6442
76300 -1.54192
76400 -1.54671
76500 -1.60377
76600 -1.59227
76700 -1.60108
76800 -1.60011
76900 -1.61388
77000 -1.59979
77100 -1.55785
77200 -1.63454
77300 -1.75663
77400 -1.63784
77500 -1.64619
77600 -1.54972
77700 -1.62866
77800 -1.72731
77900 -1.60891
78000 -1.63068
78100 -1.52836
78200 -1.65311
78300 -1.63633
78400 -1.57552
78500 -1.58775
78600 -1.63982
78700 -1.62118
78800 -1.64686
78900 -1.62107
79000 -1.64165
79100 -1.52715
79200 -1.50397
79300 -1.58705
79400 -1.54405
79500 -1.66364
79600 -1.58992
79700 -1.68501
79800 -1.62281
79900 -1.723
80000 -1.60069
80100 -1.55897
80200 -1.63188
80300 -1.5197
80400 -1.54238
80500 -1.51661
80600 -1.63089
80700 -1.70291
80800 -1.62786
80900 -1.60038
81000 -1.64285
81100 -1.66763
81200 -1.66922
81300 -1.5406
81400 -1.58536
81500 -1.58663
81600 -1.58801
81700 -1.55827
81800 -1.67776
81900 -1.6474
82000 -1.59359
82100 -1.61877
82200 -1.44125
82300 -1.5721
82400 -1.6329
82500 -1.46492
82600 -1.53024
82700 -1.60358
82800 -1.58176
82900 -1.58177
83000 -1.52923
83100 -1.50486
83200 -1.62502
83300 -1.62874
83400 -1.53813
83500 -1.66081
83600 -1.64859
83700 -1.62776
83800 -1.55996
83900 -1.64892
84000 -1.65233
84100 -1.62326
84200 -1.6004
84300 -1.50927
84400 -1.68127
84500 -1.51894
84600 -1.62655
84700 -1.69202
84800 -1.64375
84900 -1.65233
85000 -1.57856
85100 -1.62658
85200 -1.62654
85300 -1.67645
85400 -1.79589
85500 -1.68295
85600 -1.59722
85700 -1.67727
85800 -1.6116
85900 -1.6447
86000 -1.58177
86100 -1.69851
86200 -1.56963
86300 -1.63586
86400 -1.66039
86500 -1.66476
86600 -1.72518
86700 -1.68234
86800 -1.60589
86900 -1.58412
87000 -1.54719
87100 -1.61446
87200 -1.60113
87300 -1.59762
87400 -1.62964
87500 -1.59694
87600 -1.50875
87700 -1.73487
87800 -1.65582
87900 -1.55267
88000 -1.66008
88100 -1.6534
88200 -1.55379
88300 -1.70892
88400 -1.68312
88500 -1.70817
88600 -1.64916
88700 -1.5993
88800 -1.48602
88900 -1.67754
89000 -1.69068
89100 -1.45388
89200 -1.54879
89300 -1.58274
89400 -1.64229
89500 -1.62615
89600 -1.68518
89700 -1.63586
89800 -1.41857
89900 -1.66478
90000 -1.50929
90100 -1.59941
90200 -1.60494
90300 -1.53275
90400 -1.48621
90500 -1.60232
90600 -1.45125
90700 -1.54986
90800 -1.58944
90900 -1.57972
91000 -1.56376
91100 -1.57242
91200 -1.62497
91300 -1.61439
91400 -1.70179
91500 -1.56837
91600 -1.56677
91700 -1.76536
91800 -1.62014
91900 -1.56983
92000 -1.64287
92100 -1.59746
92200 -1.6806
92300 -1.53947
92400 -1.57646
92500 -1.68929
92600 -1.53442
92700 -1.52488
92800 -1.58368
92900 -1.51148
93000 -1.61637
93100 -1.65344
93200 -1.50971
93300 -1.63269
93400 -1.65006
93500 -1.4501
93600 -1.58493
93700 -1.63803
93800 -1.67898
93900 -1.6968
94000 -1.6654
94100 -1.72556
94200 -1.54312
94300 -1.5877
94400 -1.64668
94500 -1.60933
94600 -1.56235
94700 -1.53798
94800 -1.6612
94900 -1.60254
95000 -1.6181
95100 -1.58784
95200 -1.62492
95300 -1.58043
95400 -1.54629
95500 -1.52072
95600 -1.70069
95700 -1.4782
95800 -1.60795
95900 -1.64255
96000 -1.74374
96100 -1.58563
96200 -1.51934
96300 -1.56625
96400 -1.50558
96500 -1.42451
96600 -1.71961
96700 -1.59476
96800 -1.62377
96900 -1.72698
97000 -1.63892
97100 -1.62957
97200 -1.72334
97300 -1.55656
97400 -1.58929
97500 -1.52633
97600 -1.64358
97700 -1.52729
97800 -1.57615
97900 -1.49334
98000 -1.65907
98100 -1.55844
98200 -1.59371
98300 -1.59019
98400 -1.52408
98500 -1.60826
98600 -1.5811
98700 -1.60955
98800 -1.56779
98900 -1.56635
99000 -1.54701
99100 -1.59458
99200 -1.55932
99300 -1.65667
99400 -1.59068
99500 -1.70123
99600 -1.52369
99700 -1.58145
99800 -1.66183
99900 -1.70833
