0 -2.50047
100 -2.4354
200 -2.41553
300 -2.45854
400 -2.4348
500 -2.32258
600 -2.34796
700 -2.37891
800 -2.44088
900 -2.4267
1000 -2.44544
1100 -2.46135
1200 -2.29454
1300 -2.35025
1400 -2.37032
1500 -2.46914
1600 -2.43113
1700 -2.3354
1800 -2.38067
1900 -2.4014
2000 -2.41696
2100 -2.41456
2200 -2.45462
2300 -2.44234
2400 -2.37438
2500 -2.3134
2600 -2.41256
2700 -2.38967
2800 -2.30177
2900 -2.37527
3000 -2.25382
3100 -2.34938
3200 -2.3252
3300 -2.27702
3400 -2.34644
3500 -2.42357
3600 -2.43544
3700 -2.48336
3800 -2.51574
3900 -2.44273
4000 -2.3593
4100 -2.46772
4200 -2.43817
4300 -2.40094
4400 -2.37488
4500 -2.41045
4600 -2.41158
4700 -2.44881
4800 -2.41011
4900 -2.39749
5000 -2.5114
5100 -2.46061
5200 -2.44209
5300 -2.47029
5400 -2.40267
5500 -2.40295
5600 -2.38142
5700 -2.41887
5800 -2.41584
5900 -2.38617
6000 -2.33369
6100 -2.38523
6200 -2.4625
6300 -2.40309
6400 -2.42955
6500 -2.3697
6600 -2.45741
6700 -2.50899
6800 -2.44007
6900 -2.37774
7000 -2.35766
7100 -2.46322
7200 -2.28207
7300 -2.46481
7400 -2.4232
7500 -2.45643
7600 -2.53304
7700 -2.47907
7800 -2.42242
7900 -2.52749
8000 -2.49384
8100 -2.5097
8200 -2.4576
8300 -2.42105
8400 -2.39386
8500 -2.37166
8600 -2.47346
8700 -2.44539
8800 -2.44138
8900 -2.4132
9000 -2.55026
9100 -2.49791
9200 -2.41397
9300 -2.38421
9400 -2.47133
9500 -2.33781
9600 -2.47847
9700 -2.46629
9800 -2.36408
9900 -2.39865
10000 -2.39728
10100 -2.3777
10200 -2.38251
10300 -2.4213
10400 -2.36023
10500 -2.41993
10600 -2.41992
10700 -2.44251
10800 -2.3956
10900 -2.43316
11000 -2.43963
11100 -2.34125
11200 -2.35856
11300 -2.44365
11400 -2.48815
11500 -2.41051
11600 -2.41768
11700 -2.48937
11800 -2.43101
11900 -2.42837
12000 -2.39656
12100 -2.40617
12200 -2.4638
12300 -2.39748
12400 -2.46615
12500 -2.42647
12600 -2.26795
12700 -2.45314
12800 -2.43958
12900 -2.39058
13000 -2.46823
13100 -2.39525
13200 -2.44638
13300 -2.38923
13400 -2.49966
13500 -2.48257
13600 -2.35863
13700 -2.2827
13800 -2.34723
13900 -2.38336
14000 -2.36666
14100 -2.38938
14200 -2.38663
14300 -2.42927
14400 -2.44296
14500 -2.47827
14600 -2.45939
14700 -2.43784
14800 -2.29257
14900 -2.38542
15000 -2.35243
15100 -2.39039
15200 -2.35993
15300 -2.50284
15400 -2.37715
15500 -2.43059
15600 -2.40406
15700 -2.45496
15800 -2.41624
15900 -2.41498
16000 -2.36104
16100 -2.32657
16200 -2.40077
16300 -2.37372
16400 -2.40733
16500 -2.44678
16600 -2.39647
16700 -2.44423
16800 -2.38495
16900 -2.36416
17000 -2.40034
17100 -2.37371
17200 -2.39017
17300 -2.45015
17400 -2.34813
17500 -2.36975
17600 -2.35313
17700 -2.40925
17800 -2.42513
17900 -2.45666
18000 -2.4681
18100 -2.33136
18200 -2.40669
18300 -2.26023
18400 -2.3652
18500 -2.41446
18600 -2.42618
18700 -2.37399
18800 -2.41748
18900 -2.36951
19000 -2.41362
19100 -2.31325
19200 -2.34131
19300 -2.32691
19400 -2.38874
19500 -2.37232
19600 -2.37887
19700 -2.40625
19800 -2.47723
19900 -2.39807
20000 -2.3818
20100 -2.4172
20200 -2.44917
20300 -2.42748
20400 -2.58476
20500 -2.49525
20600 -2.51097
20700 -2.46259
20800 -2.38678
20900 -2.51765
21000 -2.49284
21100 -2.46111
21200 -2.38951
21300 -2.36389
21400 -2.37518
21500 -2.32547
21600 -2.46692
21700 -2.40208
21800 -2.37328
21900 -2.41088
22000 -2.40321
22100 -2.43891
22200 -2.4384
22300 -2.50487
22400 -2.44863
22500 -2.44773
22600 -2.46283
22700 -2.38973
22800 -2.42461
22900 -2.49615
23000 -2.34537
23100 -2.32187
23200 -2.32803
23300 -2.43524
23400 -2.42707
23500 -2.42871
23600 -2.44445
23700 -2.40646
23800 -2.38296
23900 -2.47038
24000 -2.42358
24100 -2.37288
24200 -2.43841
24300 -2.36437
24400 -2.45147
24500 -2.42847
24600 -2.41609
24700 -2.41746
24800 -2.47336
24900 -2.44696
25000 -2.42504
25100 -2.35786
25200 -2.39325
25300 -2.38973
25400 -2.31467
25500 -2.46078
25600 -2.52963
25700 -2.43959
25800 -2.45901
25900 -2.40596
26000 -2.35818
26100 -2.44126
26200 -2.44768
26300 -2.43125
26400 -2.36756
26500 -2.43188
26600 -2.45364
26700 -2.38843
26800 -2.39998
26900 -2.40824
27000 -2.49413
27100 -2.39351
27200 -2.34379
27300 -2.41372
27400 -2.43909
27500 -2.43356
27600 -2.44425
27700 -2.39893
27800 -2.44413
27900 -2.42536
28000 -2.45581
28100 -2.44964
28200 -2.44727
28300 -2.40974
28400 -2.34803
28500 -2.40436
28600 -2.4319
28700 -2.43819
28800 -2.46751
28900 -2.51746
29000 -2.4516
29100 -2.436
29200 -2.42986
29300 -2.33798
29400 -2.35319
29500 -2.40323
29600 -2.31066
29700 -2.39025
29800 -2.40967
29900 -2.38081
30000 -2.41608
30100 -2.33425
30200 -2.3109
30300 -2.329
30400 -2.33766
30500 -2.3675
30600 -2.33457
30700 -2.43208
30800 -2.41682
30900 -2.38667
31000 -2.37421
31100 -2.44616
31200 -2.39103
31300 -2.39823
31400 -2.41862
31500 -2.44538
31600 -2.42959
31700 -2.37911
31800 -2.2703
31900 -2.40195
32000 -2.2684
32100 -2.34639
32200 -2.30321
32300 -2.4318
32400 -2.43019
32500 -2.39443
32600 -2.41889
32700 -2.40244
32800 -2.44919
32900 -2.45622
33000 -2.47256
33100 -2.48031
33200 -2.4914
33300 -2.42446
33400 -2.41141
33500 -2.41072
33600 -2.44984
33700 -2.42931
33800 -2.53713
33900 -2.4044
34000 -2.39574
34100 -2.43777
34200 -2.46574
34300 -2.46027
34400 -2.55975
34500 -2.37582
34600 -2.49205
34700 -2.4534
34800 -2.45569
34900 -2.39194
35000 -2.45693
35100 -2.39424
35200 -2.33617
35300 -2.54811
35400 -2.41837
35500 -2.42808
35600 -2.30959
35700 -2.35334
35800 -2.42245
35900 -2.42775
36000 -2.40929
36100 -2.45081
36200 -2.37721
36300 -2.45854
36400 -2.3633
36500 -2.42258
36600 -2.42352
36700 -2.43469
36800 -2.45297
36900 -2.46376
37000 -2.34254
37100 -2.40451
37200 -2.29936
37300 -2.41627
37400 -2.49017
37500 -2.52751
37600 -2.42671
37700 -2.38245
37800 -2.37657
37900 -2.40055
38000 -2.37359
38100 -2.44488
38200 -2.498
38300 -2.50207
38400 -2.3781
38500 -2.45201
38600 -2.26875
38700 -2.38444
38800 -2.38088
38900 -2.4337
39000 -2.30388
39100 -2.37436
39200 -2.36344
39300 -2.42072
39400 -2.39057
39500 -2.40801
39600 -2.29786
39700 -2.36227
39800 -2.41086
39900 -2.4139
40000 -2.42714
40100 -2.40115
40200 -2.32421
40300 -2.31914
40400 -2.32837
40500 -2.27344
40600 -2.34378
40700 -2.40313
40800 -2.45771
40900 -2.39164
41000 -2.45591
41100 -2.47761
41200 -2.31133
41300 -2.3699
41400 -2.34608
41500 -2.44963
41600 -2.41524
41700 -2.53733
41800 -2.48124
41900 -2.49959
42000 -2.3758
42100 -2.42876
42200 -2.45426
42300 -2.41481
42400 -2.47445
42500 -2.44377
42600 -2.46878
42700 -2.4319
42800 -2.47685
42900 -2.47499
43000 -2.40348
43100 -2.41516
43200 -2.44773
43300 -2.29182
43400 -2.43234
43500 -2.47193
43600 -2.49737
43700 -2.43818
43800 -2.36111
43900 -2.35056
44000 -2.38229
44100 -2.46772
44200 -2.50458
44300 -2.50897
44400 -2.44577
44500 -2.41944
44600 -2.44967
44700 -2.39927
44800 -2.41412
44900 -2.47775
45000 -2.36459
45100 -2.37153
45200 -2.35436
45300 -2.45611
45400 -2.38776
45500 -2.42113
45600 -2.38058
45700 -2.33442
45800 -2.315
45900 -2.46511
46000 -2.20849
46100 -2.34593
46200 -2.39205
46300 -2.36436
46400 -2.32535
46500 -2.40406
46600 -2.33253
46700 -2.30423
46800 -2.36734
46900 -2.40518
47000 -2.40922
47100 -2.4649
47200 -2.43245
47300 -2.33456
47400 -2.45836
47500 -2.36079
47600 -2.42831
47700 -2.46221
47800 -2.39548
47900 -2.49405
48000 -2.52104
48100 -2.35516
48200 -2.52944
48300 -2.45553
48400 -2.48339
48500 -2.42448
48600 -2.48344
48700 -2.52148
48800 -2.37821
48900 -2.50691
49000 -2.35693
49100 -2.35039
49200 -2.35471
49300 -2.34631
49400 -2.48255
49500 -2.42367
49600 -2.47441
49700 -2.47461
49800 -2.41323
49900 -2.3494
50000 -2.40202
50100 -2.40287
50200 -2.41455
50300 -2.33455
50400 -2.32754
50500 -2.35163
50600 -2.44426
50700 -2.37461
50800 -2.42525
50900 -2.44561
51000 -2.41995
51100 -2.33102
51200 -2.39501
51300 -2.3514
51400 -2.32201
51500 -2.46297
51600 -2.38011
51700 -2.47339
51800 -2.37106
51900 -2.40929
52000 -2.39618
52100 -2.4202
52200 -2.3533
52300 -2.38893
52400 -2.29687
52500 -2.2351
52600 -2.46566
52700 -2.38543
52800 -2.41366
52900 -2.42482
53000 -2.47293
53100 -2.41493
53200 -2.48841
53300 -2.41006
53400 -2.36952
53500 -2.31298
53600 -2.42801
53700 -2.40784
53800 -2.3426
53900 -2.44192
54000 -2.41562
54100 -2.44685
54200 -2.40708
54300 -2.33721
54400 -2.39463
54500 -2.39388
54600 -2.38454
54700 -2.40069
54800 -2.41134
54900 -2.39873
55000 -2.50344
55100 -2.39284
55200 -2.46467
55300 -2.44819
55400 -2.4069
55500 -2.35864
55600 -2.40711
55700 -2.42639
55800 -2.41598
55900 -2.39071
56000 -2.39982
56100 -2.44255
56200 -2.37687
56300 -2.39135
56400 -2.46909
56500 -2.40671
56600 -2.41489
56700 -2.4135
56800 -2.25744
56900 -2.24007
57000 -2.34967
57100 -2.40366
57200 -2.47777
57300 -2.28768
57400 -2.28941
57500 -2.42081
57600 -2.38312
57700 -2.47047
57800 -2.41356
57900 -2.37464
58000 -2.3976
58100 -2.4123
58200 -2.41493
58300 -2.33077
58400 -2.47291
58500 -2.34425
58600 -2.46153
58700 -2.38349
58800 -2.39708
58900 -2.38997
59000 -2.48444
59100 -2.33994
59200 -2.30713
59300 -2.44502
59400 -2.5218
59500 -2.45896
59600 -2.32215
59700 -2.50705
59800 -2.44407
59900 -2.46745
60000 -2.44337
60100 -2.4079
60200 -2.43891
60300 -2.30538
60400 -2.3545
60500 -2.45668
60600 -2.36663
60700 -2.44037
60800 -2.39447
60900 -2.30672
61000 -2.40085
61100 -2.46422
61200 -2.44104
61300 -2.35667
61400 -2.31362
61500 -2.41104
61600 -2.32962
61700 -2.2825
61800 -2.35064
61900 -2.30849
62000 -2.34274
62100 -2.37725
62200 -2.33251
62300 -2.35841
62400 -2.44509
62500 -2.35321
62600 -2.35467
62700 -2.39874
62800 -2.39373
62900 -2.39076
63000 -2.36757
63100 -2.43646
63200 -2.43034
63300 -2.31293
63400 -2.36237
63500 -2.35021
63600 -2.35406
63700 -2.37425
63800 -2.37662
63900 -2.39185
64000 -2.40729
64100 -2.43036
64200 -2.43108
64300 -2.45742
64400 -2.41927
64500 -2.44037
64600 -2.38875
64700 -2.47532
64800 -2.44938
64900 -2.46664
65000 -2.41872
65100 -2.45523
65200 -2.32035
65300 -2.41191
65400 -2.28384
65500 -2.4653
65600 -2.40954
65700 -2.302
65800 -2.47572
65900 -2.37625
66000 -2.50956
66100 -2.43557
66200 -2.41196
66300 -2.42898
66400 -2.46302
66500 -2.48969
66600 -2.46569
66700 -2.45174
66800 -2.4414
66900 -2.23402
67000 -2.35401
67100 -2.41103
67200 -2.38559
67300 -2.43553
67400 -2.4412
67500 -2.34758
67600 -2.37105
67700 -2.32638
67800 -2.50606
67900 -2.40257
68000 -2.41807
68100 -2.38338
68200 -2.41708
68300 -2.51797
68400 -2.35569
68500 -2.38994
68600 -2.43257
68700 -2.50951
68800 -2.47464
68900 -2.53484
69000 -2.47773
69100 -2.47449
69200 -2.46874
69300 -2.44947
69400 -2.40848
69500 -2.37299
69600 -2.35614
69700 -2.41035
69800 -2.41371
69900 -2.45505
70000 -2.47488
70100 -2.39092
70200 -2.39639
70300 -2.38714
70400 -2.41043
70500 -2.45918
70600 -2.46198
70700 -2.41296
70800 -2.41995
70900 -2.44797
71000 -2.54448
71100 -2.41011
71200 -2.50915
71300 -2.4532
71400 -2.48857
71500 -2.48188
71600 -2.48536
71700 -2.49847
71800 -2.4257
71900 -2.42094
72000 -2.43423
72100 -2.42364
72200 -2.48222
72300 -2.41971
72400 -2.38131
72500 -2.43108
72600 -2.36105
72700 -2.40005
72800 -2.4339
72900 -2.42698
73000 -2.41549
73100 -2.37143
73200 -2.41119
73300 -2.39945
73400 -2.28058
73500 -2.41064
73600 -2.4454
73700 -2.33583
73800 -2.36465
73900 -2.36316
74000 -2.39719
74100 -2.40446
74200 -2.33446
74300 -2.40926
74400 -2.39397
74500 -2.41534
74600 -2.42106
74700 -2.39808
74800 -2.41465
74900 -2.41229
75000 -2.39695
75100 -2.45161
75200 -2.46212
75300 -2.40013
75400 -2.3674
75500 -2.30427
75600 -2.45364
75700 -2.41646
75800 -2.45509
75900 -2.3416
76000 -2.45029
76100 -2.4796
76200 -2.47688
76300 -2.39318
76400 -2.23956
76500 -2.44088
76600 -2.45162
76700 -2.34656
76800 -2.4567
76900 -2.51221
77000 -2.34549
77100 -2.39211
77200 -2.45841
77300 -2.4023
77400 -2.38841
77500 -2.45385
77600 -2.42631
77700 -2.48427
77800 -2.44557
77900 -2.35655
78000 -2.35559
78100 -2.42004
78200 -2.40321
78300 -2.45292
78400 -2.48564
78500 -2.49354
78600 -2.41604
78700 -2.43829
78800 -2.44005
78900 -2.4946
79000 -2.50647
79100 -2.4838
79200 -2.4296
79300 -2.48418
79400 -2.43803
79500 -2.47554
79600 -2.46009
79700 -2.47801
79800 -2.51535
79900 -2.43418
80000 -2.4717
80100 -2.45794
80200 -2.48735
80300 -2.41002
80400 -2.41936
80500 -2.48702
80600 -2.42833
80700 -2.42138
80800 -2.35452
80900 -2.37747
81000 -2.3874
81100 -2.50898
81200 -2.40183
81300 -2.49226
81400 -2.38646
81500 -2.3796
81600 -2.35884
81700 -2.33395
81800 -2.3996
81900 -2.3809
82000 -2.44418
82100 -2.43939
82200 -2.3887
82300 -2.46306
82400 -2.43164
82500 -2.3691
82600 -2.52863
82700 -2.49619
82800 -2.51403
82900 -2.49455
83000 -2.42165
83100 -2.43332
83200 -2.40793
83300 -2.45719
83400 -2.50058
83500 -2.40372
83600 -2.42437
83700 -2.39866
83800 -2.4049
83900 -2.35266
84000 -2.39583
84100 -2.3996
84200 -2.47218
84300 -2.35938
84400 -2.50813
84500 -2.5003
84600 -2.4311
84700 -2.4561
84800 -2.39115
84900 -2.46617
85000 -2.43855
85100 -2.46848
85200 -2.3372
85300 -2.40034
85400 -2.54053
85500 -2.52711
85600 -2.49064
85700 -2.62748
85800 -2.40906
85900 -2.4489
86000 -2.37817
86100 -2.44917
86200 -2.29318
86300 -2.38042
86400 -2.42117
86500 -2.3597
86600 -2.4418
86700 -2.37088
86800 -2.33059
86900 -2.40263
87000 -2.41894
87100 -2.35604
87200 -2.39277
87300 -2.39637
87400 -2.39114
87500 -2.44159
87600 -2.44177
87700 -2.37603
87800 -2.37103
87900 -2.34788
88000 -2.37145
88100 -2.42278
88200 -2.40137
88300 -2.31234
88400 -2.44571
88500 -2.48147
88600 -2.40057
88700 -2.44098
88800 -2.49227
88900 -2.36938
89000 -2.38179
89100 -2.47519
89200 -2.3105
89300 -2.26931
89400 -2.32389
89500 -2.48928
89600 -2.41264
89700 -2.3111
89800 -2.49357
89900 -2.39891
90000 -2.45643
90100 -2.37666
90200 -2.38076
90300 -2.42345
90400 -2.49475
90500 -2.36219
90600 -2.23458
90700 -2.31289
90800 -2.24279
90900 -2.324
91000 -2.38028
91100 -2.3244
91200 -2.36308
91300 -2.38595
91400 -2.27695
91500 -2.33076
91600 -2.37642
91700 -2.31253
91800 -2.30517
91900 -2.3188
92000 -2.38067
92100 -2.41564
92200 -2.44911
92300 -2.40685
92400 -2.44779
92500 -2.40493
92600 -2.35975
92700 -2.39997
92800 -2.39673
92900 -2.40228
93000 -2.42562
93100 -2.423
93200 -2.41468
93300 -2.44836
93400 -2.46163
93500 -2.47108
93600 -2.42532
93700 -2.41822
93800 -2.34256
93900 -2.4265
94000 -2.41325
94100 -2.44176
94200 -2.44829
94300 -2.37116
94400 -2.33439
94500 -2.31962
94600 -2.4754
94700 -2.38761
94800 -2.49327
94900 -2.43195
95000 -2.48567
95100 -2.41279
95200 -2.41891
95300 -2.40323
95400 -2.45194
95500 -2.34507
95600 -2.31887
95700 -2.49727
95800 -2.34526
95900 -2.5517
96000 -2.45695
96100 -2.52801
96200 -2.45117
96300 -2.35504
96400 -2.42918
96500 -2.49722
96600 -2.45731
96700 -2.45084
96800 -2.41475
96900 -2.45921
97000 -2.43275
97100 -2.51616
97200 -2.4668
97300 -2.45811
97400 -2.41916
97500 -2.47328
97600 -2.56256
97700 -2.48232
97800 -2.43948
97900 -2.45943
98000 -2.46447
98100 -2.43852
98200 -2.35443
98300 -2.4957
98400 -2.46979
98500 -2.37349
98600 -2.42112
98700 -2.48887
98800 -2.47221
98900 -2.43719
99000 -2.35533
99100 -2.41089
99200 -2.50738
99300 -2.46576
99400 -2.44874
99500 -2.37571
99600 -2.31165
99700 -2.39734
99800 -2.44455
99900 -2.38188
