0 -0.8921
100 -0.946356
200 -0.85965
300 -0.854941
400 -0.788837
500 -0.79405
600 -0.874828
700 -0.856283
800 -0.858878
900 -0.857856
1000 -0.969981
1100 -0.9735
1200 -1.02529
1300 -0.9073
1400 -1.1325
1500 -1.02028
1600 -0.852577
1700 -0.971803
1800 -0.890278
1900 -0.858419
2000 -0.957886
2100 -0.768977
2200 -0.898359
2300 -0.662676
2400 -0.664618
2500 -0.721104
2600 -0.837077
2700 -0.874906
2800 -0.786588
2900 -0.858843
3000 -0.875392
3100 -0.88001
3200 -0.925196
3300 -0.758639
3400 -0.738205
3500 -0.87938
3600 -0.787799
3700 -0.804296
3800 -0.788543
3900 -0.803845
4000 -0.798588
4100 -0.809877
4200 -0.799964
4300 -0.751118
4400 -0.935979
4500 -0.924143
4600 -0.886149
4700 -0.948883
4800 -0.834379
4900 -0.855066
5000 -1.03877
5100 -0.96694
5200 -1.0943
5300 -0.911338
5400 -0.915595
5500 -0.978716
5600 -0.947406
5700 -0.974978
5800 -0.974991
5900 -1.026
6000 -0.974934
6100 -0.863831
6200 -1.06445
6300 -1.04138
6400 -1.03241
6500 -0.82517
6600 -0.950483
6700 -0.886365
6800 -0.950656
6900 -0.934875
7000 -0.914065
7100 -0.863712
7200 -0.985378
7300 -0.970183
7400 -0.907515
7500 -0.975884
7600 -0.93257
7700 -0.912696
7800 -0.969079
7900 -0.994462
8000 -0.923075
8100 -1.12031
8200 -0.921495
8300 -0.901844
8400 -0.950212
8500 -0.876842
8600 -0.904029
8700 -0.882585
8800 -0.800106
8900 -0.804725
9000 -0.888175
9100 -0.775775
9200 -0.802783
9300 -0.994955
9400 -0.995944
9500 -0.934162
9600 -0.965923
9700 -0.831369
9800 -0.967729
9900 -1.01022
10000 -1.12187
10100 -0.870467
10200 -0.8143
10300 -0.813613
10400 -0.825817
10500 -0.747789
10600 -0.865779
10700 -0.72725
10800 -0.801459
10900 -0.914847
11000 -0.844963
11100 -0.879696
11200 -0.996822
11300 -1.03782
11400 -0.9796
11500 -1.03212
11600 -1.1733
11700 -0.978742
11800 -1.09869
11900 -1.0785
12000 -0.965809
12100 -0.813389
12200 -0.900585
12300 -0.969897
12400 -0.985268
12500 -0.78203
12600 -0.862013
12700 -0.796948
12800 -0.857552
12900 -0.914685
13000 -0.946888
13100 -0.930667
13200 -0.951313
13300 -1.13653
13400 -0.830813
13500 -0.937081
13600 -0.843403
13700 -0.800713
13800 -0.680685
13900 -0.808625
14000 -0.751573
14100 -0.853371
14200 -0.868884
14300 -0.681773
14400 -0.745595
14500 -0.827349
14600 -0.898522
14700 -0.889399
14800 -0.718716
14900 -0.760448
15000 -0.697964
15100 -0.775693
15200 -0.944888
15300 -1.03002
15400 -0.93227
15500 -0.929667
15600 -0.943066
15700 -0.970379
15800 -1.00178
15900 -1.00015
16000 -1.10582
16100 -1.02267
16200 -0.976653
16300 -0.825975
16400 -0.810289
16500 -0.817073
16600 -0.787319
16700 -0.850712
16800 -0.910269
16900 -0.834775
17000 -0.952294
17100 -0.852546
17200 -0.954853
17300 -0.948516
17400 -0.808792
17500 -0.987516
17600 -0.914415
17700 -1.03758
17800 -1.07162
17900 -0.961024
18000 -0.77393
18100 -0.958457
18200 -0.907995
18300 -0.886334
18400 -0.862894
18500 -1.09966
18600 -0.89172
18700 -0.922708
18800 -0.875816
18900 -0.959041
19000 -0.820582
19100 -0.694741
19200 -0.830258
19300 -0.692142
19400 -0.809101
19500 -0.985572
19600 -0.896658
19700 -0.812275
19800 -0.958736
19900 -0.761678
20000 -0.785539
20100 -0.990542
20200 -0.960352
20300 -0.988039
20400 -0.855268
20500 -0.903671
20600 -1.03166
20700 -0.958091
20800 -0.926856
20900 -0.898634
21000 -1.04059
21100 -0.848028
21200 -0.822387
21300 -0.934962
21400 -0.899706
21500 -0.87148
21600 -0.707104
21700 -0.739024
21800 -0.71849
21900 -0.857952
22000 -0.81484
22100 -0.945152
22200 -0.731284
22300 -0.890856
22400 -0.90683
22500 -0.831878
22600 -0.752544
22700 -0.835432
22800 -0.855635
22900 -0.743641
23000 -0.775877
23100 -0.845658
23200 -0.819638
23300 -0.710119
23400 -0.934683
23500 -0.755921
23600 -0.803552
23700 -0.75479
23800 -0.810258
23900 -0.743175
24000 -0.703035
24100 -0.868812
24200 -0.924444
24300 -0.882046
24400 -0.993299
24500 -0.947262
24600 -0.886401
24700 -0.944755
24800 -0.977269
24900 -0.968601
25000 -1.04995
25100 -0.878433
25200 -0.884095
25300 -0.969185
25400 -0.999602
25500 -1.08894
25600 -0.97461
25700 -1.03196
25800 -1.14042
25900 -1.05324
26000 -1.16196
26100 -1.07774
26200 -1.1493
26300 -1.08174
26400 -1.03668
26500 -1.10599
26600 -1.14032
26700 -1.02125
26800 -1.10143
26900 -1.12691
27000 -1.11232
27100 -1.08088
27200 -1.27104
27300 -1.16059
27400 -1.2595
27500 -1.22428
27600 -1.09664
27700 -1.11623
27800 -1.03581
27900 -0.958085
28000 -1.11647
28100 -1.02275
28200 -1.05713
28300 -1.10312
28400 -1.00345
28500 -1.05644
28600 -1.06373
28700 -1.077
28800 -1.14952
28900 -0.997368
29000 -1.07577
29100 -0.893236
29200 -1.07049
29300 -0.958477
29400 -1.03855
29500 -1.01403
29600 -0.968386
29700 -1.14846
29800 -1.10673
29900 -1.14827
30000 -1.2002
30100 -1.27876
30200 -1.04385
30300 -1.19292
30400 -1.11745
30500 -1.09713
30600 -1.09328
30700 -1.03666
30800 -1.08846
30900 -1.24949
31000 -1.24385
31100 -1.22142
31200 -1.07987
31300 -1.11167
31400 -1.17575
31500 -1.25633
31600 -1.39488
31700 -1.26665
31800 -1.3879
31900 -1.25128
32000 -1.26161
32100 -1.13989
32200 -1.05314
32300 -1.21408
32400 -1.12431
32500 -1.16123
32600 -1.08288
32700 -1.17068
32800 -1.11853
32900 -1.1516
33000 -1.07846
33100 -1.08768
33200 -1.04629
33300 -0.936314
33400 -1.10837
33500 -1.1273
33600 -1.18134
33700 -1.07804
33800 -1.07185
33900 -0.963173
34000 -0.857063
34100 -0.898006
34200 -0.972532
34300 -0.905741
34400 -0.79009
34500 -0.886013
34600 -0.982419
34700 -0.950499
34800 -0.905032
34900 -0.95496
35000 -0.953341
35100 -1.10606
35200 -1.08585
35300 -1.02995
35400 -1.12499
35500 -1.11034
35600 -1.05725
35700 -0.911707
35800 -0.894013
35900 -1.03243
36000 -1.03675
36100 -1.07089
36200 -1.05822
36300 -0.977744
36400 -0.953503
36500 -1.06979
36600 -1.05157
36700 -1.09817
36800 -1.12262
36900 -1.07005
37000 -1.02695
37100 -0.894429
37200 -1.03901
37300 -0.945625
37400 -1.03277
37500 -1.0078
37600 -0.965583
37700 -1.05234
37800 -1.0036
37900 -1.12224
38000 -1.09582
38100 -0.964352
38200 -0.972697
38300 -1.12299
38400 -1.06443
38500 -1.18015
38600 -1.04368
38700 -1.10162
38800 -1.07095
38900 -1.1971
39000 -1.22651
39100 -1.16618
39200 -1.12497
39300 -1.268
39400 -1.21283
39500 -1.16644
39600 -1.18663
39700 -1.01261
39800 -1.11385
39900 -1.12536
40000 -1.04391
40100 -1.26683
40200 -1.25982
40300 -1.04581
40400 -1.13943
40500 -1.03697
40600 -0.822563
40700 -1.07068
40800 -0.937329
40900 -1.08967
41000 -1.16982
41100 -1.1954
41200 -1.25392
41300 -0.996442
41400 -1.1366
41500 -1.09022
41600 -1.0357
41700 -0.969184
41800 -1.04275
41900 -0.975116
42000 -1.01088
42100 -0.939188
42200 -1.07882
42300 -0.919341
42400 -1.03812
42500 -1.11222
42600 -0.971965
42700 -0.910576
42800 -0.976874
42900 -0.933639
43000 -0.862807
43100 -0.972173
43200 -1.05388
43300 -0.947047
43400 -1.0273
43500 -0.910544
43600 -1.04339
43700 -0.894648
43800 -0.845526
43900 -0.921536
44000 -0.929924
44100 -0.893763
44200 -0.841558
44300 -0.850571
44400 -0.813765
44500 -0.919884
44600 -0.775107
44700 -0.866837
44800 -0.932612
44900 -0.851143
45000 -0.902245
45100 -0.940358
45200 -0.906297
45300 -1.02532
45400 -0.903847
45500 -0.715689
45600 -0.999225
45700 -1.08114
45800 -1.06609
45900 -1.04895
46000 -1.15052
46100 -1.07768
46200 -1.06085
46300 -0.933195
46400 -0.814851
46500 -0.749028
46600 -0.972235
46700 -0.860605
46800 -0.759211
46900 -0.752667
47000 -0.944349
47100 -0.782644
47200 -1.01064
47300 -0.906468
47400 -0.912431
47500 -0.917954
47600 -0.804587
47700 -0.856235
47800 -1.03954
47900 -1.03119
48000 -0.868329
48100 -1.06994
48200 -0.996184
48300 -1.1505
48400 -1.12656
48500 -0.972865
48600 -1.03378
48700 -1.03354
48800 -0.982381
48900 -0.868075
49000 -0.879735
49100 -0.774543
49200 -0.746282
49300 -0.802947
49400 -0.840258
49500 -0.837275
49600 -0.939835
49700 -0.73356
49800 -0.863777
49900 -0.778623
50000 -0.922838
50100 -1.03589
50200 -1.07271
50300 -1.00082
50400 -0.855119
50500 -1.01917
50600 -1.04819
50700 -1.06865
50800 -1.20205
50900 -1.14581
51000 -0.977728
51100 -1.1291
51200 -0.964273
51300 -0.975924
51400 -0.981367
51500 -0.976269
51600 -1.11858
51700 -0.981442
51800 -0.769509
51900 -1.02899
52000 -0.979252
52100 -0.889773
52200 -0.923699
52300 -0.898296
52400 -1.08072
52500 -1.0421
52600 -0.952117
52700 -0.809834
52800 -0.803827
52900 -0.766356
53000 -0.699162
53100 -0.643508
53200 -0.738991
53300 -0.734642
53400 -0.734797
53500 -0.742693
53600 -0.751242
53700 -0.740554
53800 -0.763391
53900 -1.08019
54000 -1.01123
54100 -0.889918
54200 -1.03023
54300 -0.889503
54400 -1.1534
54500 -1.18665
54600 -0.893867
54700 -0.824176
54800 -0.904172
54900 -0.873273
55000 -0.870597
55100 -0.838324
55200 -0.977939
55300 -0.964088
55400 -1.11823
55500 -0.864024
55600 -1.00632
55700 -1.06288
55800 -1.04691
55900 -1.05623
56000 -1.06003
56100 -1.04663
56200 -0.924984
56300 -0.833617
56400 -0.941011
56500 -1.04201
56600 -0.832045
56700 -0.936556
56800 -1.00288
56900 -0.86313
57000 -0.955844
57100 -0.979745
57200 -1.03735
57300 -0.984614
57400 -1.09054
57500 -1.03168
57600 -0.949473
57700 -1.00675
57800 -0.935238
57900 -0.928924
58000 -1.02161
58100 -1.0348
58200 -0.937242
58300 -1.01051
58400 -0.881815
58500 -0.980125
58600 -0.837318
58700 -0.787953
58800 -0.914341
58900 -0.888489
59000 -0.781407
59100 -0.977134
59200 -1.10475
59300 -0.999962
59400 -0.89703
59500 -0.88339
59600 -0.830384
59700 -0.799519
59800 -0.885654
59900 -0.815851
60000 -0.624262
60100 -0.873097
60200 -0.867116
60300 -0.939817
60400 -0.774311
60500 -0.721687
60600 -0.817755
60700 -0.830413
60800 -0.932198
60900 -0.906068
61000 -0.87982
61100 -1.08586
61200 -1.05243
61300 -0.906916
61400 -0.771276
61500 -1.02326
61600 -0.922167
61700 -1.055
61800 -0.888344
61900 -0.838109
62000 -0.93042
62100 -1.0103
62200 -0.791198
62300 -0.742868
62400 -0.825046
62500 -0.850578
62600 -0.923801
62700 -0.836075
62800 -0.828233
62900 -0.736785
63000 -0.777903
63100 -0.979581
63200 -0.906795
63300 -1.02803
63400 -0.914258
63500 -0.882627
63600 -0.925406
63700 -0.865313
63800 -0.901293
63900 -0.88185
64000 -0.995224
64100 -0.896373
64200 -0.901678
64300 -0.989374
64400 -0.927222
64500 -0.946703
64600 -0.940247
64700 -0.77244
64800 -0.7571
64900 -0.877955
65000 -0.878592
65100 -0.897194
65200 -0.933879
65300 -0.953351
65400 -0.735845
65500 -0.755713
65600 -1.04756
65700 -1.10792
65800 -0.98625
65900 -0.859384
66000 -0.838377
66100 -0.733735
66200 -0.85839
66300 -1.02688
66400 -0.891394
66500 -0.98005
66600 -1.02744
66700 -1.00588
66800 -1.00034
66900 -0.971038
67000 -0.813377
67100 -0.824934
67200 -0.931454
67300 -0.925433
67400 -1.07586
67500 -0.997754
67600 -1.0428
67700 -1.02904
67800 -0.89986
67900 -1.09413
68000 -0.831028
68100 -0.838755
68200 -0.92694
68300 -0.999924
68400 -0.928918
68500 -0.902668
68600 -0.856187
68700 -0.789648
68800 -0.790295
68900 -0.768691
69000 -0.87278
69100 -0.89425
69200 -0.841719
69300 -0.547831
69400 -0.707316
69500 -0.775739
69600 -0.64532
69700 -0.810534
69800 -0.72728
69900 -0.774776
70000 -0.873151
70100 -0.823121
70200 -0.733948
70300 -0.827776
70400 -0.925308
70500 -1.02502
70600 -0.907317
70700 -0.791394
70800 -0.71229
70900 -0.938537
71000 -0.773571
71100 -0.921471
71200 -0.809263
71300 -0.891187
71400 -0.844229
71500 -0.965511
71600 -1.11715
71700 -0.963978
71800 -0.98609
71900 -1.13213
72000 -0.914451
72100 -1.06118
72200 -1.05422
72300 -0.96787
72400 -1.00804
72500 -1.1025
72600 -1.09383
72700 -0.893742
72800 -0.822752
72900 -0.915456
73000 -0.779607
73100 -0.806665
73200 -0.83718
73300 -0.898836
73400 -1.02415
73500 -0.842846
73600 -0.804484
73700 -0.989247
73800 -1.04486
73900 -0.88411
74000 -0.784773
74100 -0.868656
74200 -0.987535
74300 -0.974762
74400 -1.00551
74500 -0.950937
74600 -0.911756
74700 -0.981633
74800 -0.98332
74900 -0.871483
75000 -0.860446
75100 -0.7212
75200 -0.811367
75300 -0.921156
75400 -0.83051
75500 -0.765157
75600 -0.850754
75700 -0.808843
75800 -0.847309
75900 -0.90692
76000 -0.844422
76100 -0.921935
76200 -0.86562
76300 -0.793879
76400 -0.600728
76500 -0.836722
76600 -0.842286
76700 -0.827173
76800 -0.716603
76900 -0.935388
77000 -0.896552
77100 -0.915614
77200 -0.659443
77300 -0.634124
77400 -0.743677
77500 -0.932929
77600 -0.841748
77700 -0.902698
77800 -0.83084
77900 -0.791388
78000 -0.881218
78100 -0.683053
78200 -0.781246
78300 -0.685074
78400 -0.694384
78500 -0.728343
78600 -0.775703
78700 -0.798482
78800 -0.844249
78900 -0.846755
79000 -0.718041
79100 -0.81958
79200 -0.834637
79300 -0.800174
79400 -0.854175
79500 -1.01637
79600 -0.985622
79700 -1.01208
79800 -0.919422
79900 -0.913222
80000 -0.991608
80100 -0.960471
80200 -0.906932
80300 -0.935005
80400 -0.963988
80500 -0.904681
80600 -0.888795
80700 -0.809436
80800 -0.894264
80900 -0.995051
81000 -0.957494
81100 -1.01652
81200 -0.782201
81300 -0.8107
81400 -0.902186
81500 -0.90849
81600 -0.928629
81700 -0.805524
81800 -0.926543
81900 -0.926241
82000 -0.766002
82100 -0.859512
82200 -0.892485
82300 -0.747256
82400 -0.900841
82500 -0.908126
82600 -1.0471
82700 -1.02328
82800 -0.827152
82900 -0.928814
83000 -0.77493
83100 -0.890154
83200 -0.878415
83300 -0.868755
83400 -1.0255
83500 -0.979646
83600 -0.953961
83700 -0.927942
83800 -1.11266
83900 -0.859429
84000 -0.950595
84100 -1.05434
84200 -1.04721
84300 -1.2262
84400 -1.10573
84500 -1.08965
84600 -0.898826
84700 -0.809383
84800 -0.809522
84900 -0.832967
85000 -0.991194
85100 -0.890583
85200 -0.969253
85300 -0.987342
85400 -0.899399
85500 -0.774686
85600 -0.781118
85700 -0.893763
85800 -0.903895
85900 -0.930028
86000 -0.810852
86100 -0.813524
86200 -0.812953
86300 -0.711493
86400 -0.879946
86500 -0.847222
86600 -0.743328
86700 -0.844521
86800 -0.909373
86900 -0.83484
87000 -0.98988
87100 -0.812592
87200 -0.909138
87300 -1.02309
87400 -0.852221
87500 -0.990376
87600 -0.993819
87700 -1.07224
87800 -1.01673
87900 -0.88043
88000 -0.977979
88100 -0.903714
88200 -1.0538
88300 -1.0937
88400 -1.07532
88500 -1.14234
88600 -1.10661
88700 -1.06389
88800 -0.812649
88900 -1.05058
89000 -1.13839
89100 -1.23387
89200 -1.23998
89300 -1.08577
89400 -1.31588
89500 -1.09877
89600 -1.25063
89700 -1.04594
89800 -1.01807
89900 -0.833058
90000 -0.82345
90100 -0.901404
90200 -0.836858
90300 -0.86965
90400 -0.940424
90500 -0.777356
90600 -0.75333
90700 -0.769517
90800 -0.886604
90900 -0.701253
91000 -0.861075
91100 -0.818417
91200 -0.70389
91300 -0.938148
91400 -0.937012
91500 -0.927339
91600 -0.788202
91700 -0.99961
91800 -0.844393
91900 -0.821639
92000 -0.850127
92100 -0.736319
92200 -0.833937
92300 -0.705726
92400 -0.826402
92500 -0.612912
92600 -0.791795
92700 -0.844597
92800 -0.813345
92900 -0.713279
93000 -0.906423
93100 -0.960173
93200 -0.883519
93300 -0.858701
93400 -0.89192
93500 -0.841084
93600 -0.755744
93700 -1.07261
93800 -1.03339
93900 -0.917933
94000 -0.862305
94100 -0.823839
94200 -0.851343
94300 -1.05013
94400 -0.855989
94500 -0.966778
94600 -0.965874
94700 -0.776199
94800 -0.863846
94900 -1.06882
95000 -0.904939
95100 -1.04622
95200 -0.925357
95300 -0.877992
95400 -0.880434
95500 -0.835891
95600 -0.912934
95700 -0.918574
95800 -0.877405
95900 -0.926092
96000 -0.853613
96100 -0.886129
96200 -0.780064
96300 -0.733111
96400 -0.829603
96500 -0.679658
96600 -0.836925
96700 -0.811226
96800 -0.747288
96900 -0.861681
97000 -0.891622
97100 -0.899051
97200 -0.809058
97300 -0.807343
97400 -0.812412
97500 -0.784552
97600 -0.834639
97700 -0.964745
97800 -1.04128
97900 -0.979831
98000 -0.857779
98100 -0.956386
98200 -0.710064
98300 -0.779019
98400 -0.725088
98500 -0.627612
98600 -0.833687
98700 -0.792777
98800 -0.891923
98900 -1.09569
99000 -1.03136
99100 -0.812863
99200 -0.826804
99300 -0.921085
99400 -0.655435
99500 -0.668422
99600 -0.868001
99700 -0.868556
99800 -0.726726
99900 -0.691086
