0 -1.53475
100 -1.59969
200 -1.51676
300 -1.40615
400 -1.76263
500 -1.52709
600 -1.47931
700 -1.56546
800 -1.3949
900 -1.40732
1000 -1.40922
1100 -1.4513
1200 -1.52309
1300 -1.48659
1400 -1.4532
1500 -1.41779
1600 -1.56397
1700 -1.56574
1800 -1.69217
1900 -1.5129
2000 -1.6516
2100 -1.44717
2200 -1.53054
2300 -1.43573
2400 -1.30211
2500 -1.45465
2600 -1.45849
2700 -1.4088
2800 -1.61804
2900 -1.47297
3000 -1.42408
3100 -1.40065
3200 -1.39162
3300 -1.32324
3400 -1.48292
3500 -1.57247
3600 -1.42239
3700 -1.33914
3800 -1.52815
3900 -1.52124
4000 -1.36919
4100 -1.35103
4200 -1.44405
4300 -1.53328
4400 -1.45694
4500 -1.53048
4600 -1.45784
4700 -1.5011
4800 -1.5154
4900 -1.42291
5000 -1.45041
5100 -1.486
5200 -1.48603
5300 -1.52766
5400 -1.59611
5500 -1.56021
5600 -1.6355
5700 -1.58518
5800 -1.60273
5900 -1.60804
6000 -1.65605
6100 -1.59202
6200 -1.64635
6300 -1.64777
6400 -1.66585
6500 -1.55553
6600 -1.78992
6700 -1.41572
6800 -1.55535
6900 -1.61565
7000 -1.56166
7100 -1.43556
7200 -1.49698
7300 -1.40887
7400 -1.45992
7500 -1.46056
7600 -1.36353
7700 -1.33871
7800 -1.27167
7900 -1.40993
8000 -1.48052
8100 -1.55648
8200 -1.55414
8300 -1.66395
8400 -1.62551
8500 -1.46237
8600 -1.28982
8700 -1.26372
8800 -1.35457
8900 -1.38651
9000 -1.41902
9100 -1.59027
9200 -1.44785
9300 -1.45724
9400 -1.40255
9500 -1.44037
9600 -1.41122
9700 -1.40067
9800 -1.38895
9900 -1.52331
10000 -1.38145
10100 -1.44291
10200 -1.53333
10300 -1.43488
10400 -1.60086
10500 -1.52239
10600 -1.53386
10700 -1.52287
10800 -1.46594
10900 -1.61573
11000 -1.52191
11100 -1.4545
11200 -1.57901
11300 -1.74817
11400 -1.64098
11500 -1.69763
11600 -1.75968
11700 -1.66239
11800 -1.50373
11900 -1.59964
12000 -1.44326
12100 -1.45765
12200 -1.55655
12300 -1.48618
12400 -1.5769
12500 -1.54801
12600 -1.63527
12700 -1.63918
12800 -1.65001
12900 -1.66113
13000 -1.54977
13100 -1.6013
13200 -1.55106
13300 -1.53454
13400 -1.42049
13500 -1.61107
13600 -1.47932
13700 -1.58025
13800 -1.5123
13900 -1.62322
14000 -1.55028
14100 -1.41385
14200 -1.37802
14300 -1.38955
14400 -1.41642
14500 -1.33078
14600 -1.38288
14700 -1.33934
14800 -1.45228
14900 -1.44608
15000 -1.43378
15100 -1.52467
15200 -1.4158
15300 -1.50399
15400 -1.60647
15500 -1.41587
15600 -1.43249
15700 -1.38348
15800 -1.59489
15900 -1.63066
16000 -1.49408
16100 -1.6095
16200 -1.45407
16300 -1.49255
16400 -1.45467
16500 -1.4841
16600 -1.61285
16700 -1.49476
16800 -1.57072
16900 -1.5941
17000 -1.38339
17100 -1.35515
17200 -1.50502
17300 -1.47845
17400 -1.43035
17500 -1.53533
17600 -1.46858
17700 -1.60754
17800 -1.52136
17900 -1.70906
18000 -1.6389
18100 -1.58502
18200 -1.46753
18300 -1.61251
18400 -1.52545
18500 -1.50209
18600 -1.44199
18700 -1.66823
18800 -1.46085
18900 -1.44951
19000 -1.28296
19100 -1.49116
19200 -1.60339
19300 -1.44717
19400 -1.48363
19500 -1.48434
19600 -1.46476
19700 -1.34766
19800 -1.41127
19900 -1.39526
20000 -1.39703
20100 -1.38451
20200 -1.23978
20300 -1.47928
20400 -1.39287
20500 -1.3346
20600 -1.42473
20700 -1.32684
20800 -1.29097
20900 -1.36911
21000 -1.41702
21100 -1.40105
21200 -1.45314
21300 -1.54471
21400 -1.36849
21500 -1.43828
21600 -1.57942
21700 -1.52822
21800 -1.56333
21900 -1.62006
22000 -1.55825
22100 -1.65101
22200 -1.64571
22300 -1.64336
22400 -1.58729
22500 -1.49127
22600 -1.64491
22700 -1.62511
22800 -1.59071
22900 -1.43796
23000 -1.60999
23100 -1.56856
23200 -1.53205
23300 -1.4977
23400 -1.64316
23500 -1.47219
23600 -1.43372
23700 -1.32812
23800 -1.28805
23900 -1.41881
24000 -1.50133
24100 -1.55635
24200 -1.48713
24300 -1.62994
24400 -1.59417
24500 -1.58665
24600 -1.59815
24700 -1.55993
24800 -1.58845
24900 -1.67284
25000 -1.50224
25100 -1.43873
25200 -1.44176
25300 -1.53184
25400 -1.41418
25500 -1.56345
25600 -1.53737
25700 -1.63843
25800 -1.57545
25900 -1.5788
26000 -1.65986
26100 -1.49366
26200 -1.65755
26300 -1.5668
26400 -1.45508
26500 -1.45428
26600 -1.26016
26700 -1.37539
26800 -1.45661
26900 -1.25095
27000 -1.36212
27100 -1.48822
27200 -1.47612
27300 -1.4692
27400 -1.47234
27500 -1.41453
27600 -1.46646
27700 -1.25854
27800 -1.36008
27900 -1.45099
28000 -1.47714
28100 -1.46344
28200 -1.66755
28300 -1.4932
28400 -1.55964
28500 -1.53738
28600 -1.44443
28700 -1.50538
28800 -1.4407
28900 -1.36517
29000 -1.4473
29100 -1.50042
29200 -1.53146
29300 -1.60213
29400 -1.6521
29500 -1.55025
29600 -1.52367
29700 -1.56225
29800 -1.52517
29900 -1.45074
30000 -1.4667
30100 -1.51633
30200 -1.5252
30300 -1.48646
30400 -1.5808
30500 -1.47218
30600 -1.42434
30700 -1.51698
30800 -1.38071
30900 -1.45647
31000 -1.40813
31100 -1.28981
31200 -1.26355
31300 -1.31098
31400 -1.34734
31500 -1.34578
31600 -1.41246
31700 -1.29706
31800 -1.46623
31900 -1.59384
32000 -1.52127
32100 -1.64577
32200 -1.63473
32300 -1.46626
32400 -1.37054
32500 -1.41146
32600 -1.49956
32700 -1.52621
32800 -1.34191
32900 -1.53794
33000 -1.49169
33100 -1.29059
33200 -1.53822
33300 -1.57371
33400 -1.52968
33500 -1.67338
33600 -1.49991
33700 -1.43857
33800 -1.46579
33900 -1.64436
34000 -1.67477
34100 -1.6922
34200 -1.65734
34300 -1.69257
34400 -1.57328
34500 -1.45418
34600 -1.5802
34700 -1.62297
34800 -1.51612
34900 -1.4498
35000 -1.61463
35100 -1.51343
35200 -1.51014
35300 -1.54139
35400 -1.40937
35500 -1.52637
35600 -1.41204
35700 -1.36187
35800 -1.42068
35900 -1.5715
36000 -1.49411
36100 -1.60097
36200 -1.3767
36300 -1.43025
36400 -1.39091
36500 -1.39202
36600 -1.5018
36700 -1.52848
36800 -1.50108
36900 -1.64139
37000 -1.47631
37100 -1.54541
37200 -1.60298
37300 -1.57947
37400 -1.44279
37500 -1.47453
37600 -1.57186
37700 -1.50531
37800 -1.42416
37900 -1.44367
38000 -1.4684
38100 -1.48728
38200 -1.44002
38300 -1.61895
38400 -1.57579
38500 -1.66729
38600 -1.6275
38700 -1.60938
38800 -1.63901
38900 -1.59294
39000 -1.59628
39100 -1.52079
39200 -1.5234
39300 -1.65679
39400 -1.72216
39500 -1.73787
39600 -1.64923
39700 -1.59781
39800 -1.6697
39900 -1.51146
40000 -1.45797
40100 -1.53998
40200 -1.52231
40300 -1.52457
40400 -1.41379
40500 -1.4808
40600 -1.47964
40700 -1.50405
40800 -1.37196
40900 -1.4874
41000 -1.42155
41100 -1.47135
41200 -1.40296
41300 -1.51174
41400 -1.39126
41500 -1.52703
41600 -1.56491
41700 -1.60659
41800 -1.63167
41900 -1.53498
42000 -1.50644
42100 -1.56413
42200 -1.46117
42300 -1.41832
42400 -1.53004
42500 -1.46982
42600 -1.43303
42700 -1.38643
42800 -1.28304
42900 -1.27218
43000 -1.4802
43100 -1.54882
43200 -1.55231
43300 -1.47764
43400 -1.41803
43500 -1.62795
43600 -1.54871
43700 -1.44854
43800 -1.69656
43900 -1.41529
44000 -1.50753
44100 -1.55306
44200 -1.51556
44300 -1.42202
44400 -1.33559
44500 -1.62295
44600 -1.50928
44700 -1.49124
44800 -1.7046
44900 -1.48748
45000 -1.70559
45100 -1.43116
45200 -1.52215
45300 -1.79581
45400 -1.62655
45500 -1.59904
45600 -1.47525
45700 -1.63228
45800 -1.68463
45900 -1.6831
46000 -1.67438
46100 -1.63543
46200 -1.67767
46300 -1.53709
46400 -1.58452
46500 -1.56696
46600 -1.52713
46700 -1.49816
46800 -1.5992
46900 -1.59951
47000 -1.45504
47100 -1.30029
47200 -1.37352
47300 -1.46369
47400 -1.42064
47500 -1.38623
47600 -1.59675
47700 -1.43736
47800 -1.46631
47900 -1.57214
48000 -1.42539
48100 -1.55598
48200 -1.5342
48300 -1.43099
48400 -1.48836
48500 -1.54432
48600 -1.44812
48700 -1.44125
48800 -1.5775
48900 -1.61235
49000 -1.64152
49100 -1.58127
49200 -1.55682
49300 -1.46587
49400 -1.56735
49500 -1.41544
49600 -1.58221
49700 -1.65703
49800 -1.66219
49900 -1.39191
50000 -1.45809
50100 -1.60892
50200 -1.44242
50300 -1.4632
50400 -1.53861
50500 -1.53246
50600 -1.28029
50700 -1.34068
50800 -1.44398
50900 -1.53955
51000 -1.47053
51100 -1.68333
51200 -1.69501
51300 -1.60623
51400 -1.63122
51500 -1.59498
51600 -1.62249
51700 -1.63676
51800 -1.63885
51900 -1.56528
52000 -1.61903
52100 -1.68011
52200 -1.54446
52300 -1.55612
52400 -1.53054
52500 -1.48458
52600 -1.58248
52700 -1.71385
52800 -1.47632
52900 -1.58739
53000 -1.50671
53100 -1.48475
53200 -1.48708
53300 -1.40358
53400 -1.40892
53500 -1.36269
53600 -1.32521
53700 -1.29246
53800 -1.41052
53900 -1.33705
54000 -1.37438
54100 -1.46262
54200 -1.34154
54300 -1.26907
54400 -1.40752
54500 -1.4714
54600 -1.37212
54700 -1.45716
54800 -1.44857
54900 -1.44896
55000 -1.35051
55100 -1.65814
55200 -1.67357
55300 -1.44733
55400 -1.49283
55500 -1.39387
55600 -1.51125
55700 -1.3712
55800 -1.51129
55900 -1.54498
56000 -1.5493
56100 -1.51866
56200 -1.55356
56300 -1.51214
56400 -1.57857
56500 -1.62797
56600 -1.57368
56700 -1.6814
56800 -1.68321
56900 -1.73811
57000 -1.53158
57100 -1.37838
57200 -1.42103
57300 -1.55685
57400 -1.71645
57500 -1.49567
57600 -1.58189
57700 -1.50885
57800 -1.43766
57900 -1.59341
58000 -1.67217
58100 -1.51706
58200 -1.49166
58300 -1.54405
58400 -1.50578
58500 -1.50963
58600 -1.50793
58700 -1.47635
58800 -1.44676
58900 -1.42652
59000 -1.53833
59100 -1.45513
59200 -1.54555
59300 -1.32993
59400 -1.30768
59500 -1.29552
59600 -1.25544
59700 -1.25039
59800 -1.25281
59900 -1.44435
60000 -1.3791
60100 -1.38822
60200 -1.41277
60300 -1.54244
60400 -1.39019
60500 -1.32995
60600 -1.34467
60700 -1.28725
60800 -1.38684
60900 -1.39185
61000 -1.40487
61100 -1.31655
61200 -1.45725
61300 -1.49498
61400 -1.50762
61500 -1.44587
61600 -1.48166
61700 -1.38229
61800 -1.53412
61900 -1.4944
62000 -1.6309
62100 -1.49422
62200 -1.53431
62300 -1.48613
62400 -1.51415
62500 -1.4323
62600 -1.46541
62700 -1.52249
62800 -1.44134
62900 -1.42831
63000 -1.53486
63100 -1.47826
63200 -1.50763
63300 -1.48763
63400 -1.48368
63500 -1.52329
63600 -1.52295
63700 -1.45758
63800 -1.42845
63900 -1.58902
64000 -1.68017
64100 -1.70981
64200 -1.66531
64300 -1.6447
64400 -1.60717
64500 -1.74697
64600 -1.60527
64700 -1.51914
64800 -1.64745
64900 -1.56526
65000 -1.5367
65100 -1.55574
65200 -1.46067
65300 -1.39109
65400 -1.39514
65500 -1.36787
65600 -1.29694
65700 -1.40186
65800 -1.54678
65900 -1.42535
66000 -1.44916
66100 -1.40367
66200 -1.50137
66300 -1.53093
66400 -1.30386
66500 -1.39419
66600 -1.4688
66700 -1.52923
66800 -1.65313
66900 -1.6656
67000 -1.75882
67100 -1.72899
67200 -1.5338
67300 -1.65032
67400 -1.43746
67500 -1.58544
67600 -1.74603
67700 -1.52652
67800 -1.65789
67900 -1.48806
68000 -1.4703
68100 -1.5817
68200 -1.60631
68300 -1.52715
68400 -1.55827
68500 -1.39986
68600 -1.32742
68700 -1.55003
68800 -1.40631
68900 -1.38662
69000 -1.39423
69100 -1.42306
69200 -1.44577
69300 -1.66075
69400 -1.57144
69500 -1.47544
69600 -1.62
69700 -1.38908
69800 -1.45673
69900 -1.51773
70000 -1.25428
70100 -1.38878
70200 -1.52725
70300 -1.42963
70400 -1.42252
70500 -1.36542
70600 -1.40951
70700 -1.37679
70800 -1.68256
70900 -1.51246
71000 -1.63251
71100 -1.45285
71200 -1.58072
71300 -1.59779
71400 -1.51005
71500 -1.52784
71600 -1.58118
71700 -1.53477
71800 -1.56288
71900 -1.55238
72000 -1.46398
72100 -1.61349
72200 -1.64369
72300 -1.57171
72400 -1.44709
72500 -1.43303
72600 -1.49075
72700 -1.41613
72800 -1.62049
72900 -1.42646
73000 -1.42163
73100 -1.44722
73200 -1.34911
73300 -1.49836
73400 -1.52378
73500 -1.49505
73600 -1.41488
73700 -1.56137
73800 -1.38324
73900 -1.71282
74000 -1.60732
74100 -1.61548
74200 -1.64345
74300 -1.62335
74400 -1.56044
74500 -1.72431
74600 -1.60184
74700 -1.61174
74800 -1.71596
74900 -1.63464
75000 -1.64718
75100 -1.50662
75200 -1.5525
75300 -1.61784
75400 -1.52324
75500 -1.30334
75600 -1.39487
75700 -1.51591
75800 -1.43659
75900 -1.5168
76000 -1.49854
76100 -1.51845
76200 -1.50666
76300 -1.57372
76400 -1.67914
76500 -1.53978
76600 -1.72725
76700 -1.60323
76800 -1.49893
76900 -1.57791
77000 -1.51986
77100 -1.55495
77200 -1.47075
77300 -1.5512
77400 -1.49122
77500 -1.36989
77600 -1.40158
77700 -1.48922
77800 -1.41916
77900 -1.51644
78000 -1.40972
78100 -1.40528
78200 -1.44947
78300 -1.4708
78400 -1.46315
78500 -1.40701
78600 -1.44302
78700 -1.30155
78800 -1.28163
78900 -1.41963
79000 -1.35416
79100 -1.28602
79200 -1.34472
79300 -1.29371
79400 -1.36984
79500 -1.35637
79600 -1.40175
79700 -1.44226
79800 -1.34871
79900 -1.37709
80000 -1.51345
80100 -1.5097
80200 -1.5396
80300 -1.48905
80400 -1.45327
80500 -1.4276
80600 -1.4299
80700 -1.49995
80800 -1.38359
80900 -1.40569
81000 -1.54954
81100 -1.62183
81200 -1.53743
81300 -1.56635
81400 -1.5669
81500 -1.56464
81600 -1.88015
81700 -1.8357
81800 -1.60951
81900 -1.4273
82000 -1.4718
82100 -1.47017
82200 -1.65305
82300 -1.5259
82400 -1.45608
82500 -1.49004
82600 -1.39011
82700 -1.37771
82800 -1.55995
82900 -1.32686
83000 -1.50521
83100 -1.54019
83200 -1.57426
83300 -1.55406
83400 -1.45009
83500 -1.48539
83600 -1.62154
83700 -1.52345
83800 -1.4927
83900 -1.65828
84000 -1.60781
84100 -1.60048
84200 -1.63922
84300 -1.83249
84400 -1.54598
84500 -1.67844
84600 -1.75141
84700 -1.72796
84800 -1.75169
84900 -1.39894
85000 -1.55355
85100 -1.50175
85200 -1.57737
85300 -1.6311
85400 -1.51791
85500 -1.40109
85600 -1.53027
85700 -1.3815
85800 -1.5736
85900 -1.66059
86000 -1.61861
86100 -1.56481
86200 -1.55105
86300 -1.52438
86400 -1.51805
86500 -1.52803
86600 -1.50836
86700 -1.58574
86800 -1.61137
86900 -1.61177
87000 -1.67841
87100 -1.53059
87200 -1.64431
87300 -1.58539
87400 -1.69324
87500 -1.68777
87600 -1.66267
87700 -1.55949
87800 -1.64428
87900 -1.67251
88000 -1.62405
88100 -1.54159
88200 -1.57783
88300 -1.63307
88400 -1.4956
88500 -1.53452
88600 -1.59234
88700 -1.64043
88800 -1.44129
88900 -1.54113
89000 -1.56971
89100 -1.49258
89200 -1.6374
89300 -1.46514
89400 -1.58059
89500 -1.52405
89600 -1.55023
89700 -1.49004
89800 -1.39433
89900 -1.46852
90000 -1.55569
90100 -1.60381
90200 -1.59573
90300 -1.67321
90400 -1.56377
90500 -1.41937
90600 -1.47068
90700 -1.51337
90800 -1.47947
90900 -1.42777
91000 -1.36407
91100 -1.39166
91200 -1.50833
91300 -1.44667
91400 -1.42466
91500 -1.46193
91600 -1.41215
91700 -1.39179
91800 -1.54521
91900 -1.4459
92000 -1.25879
92100 -1.32312
92200 -1.44577
92300 -1.39415
92400 -1.4014
92500 -1.42383
92600 -1.41544
92700 -1.5659
92800 -1.42212
92900 -1.4959
93000 -1.42097
93100 -1.31066
93200 -1.34645
93300 -1.44315
93400 -1.53884
93500 -1.46148
93600 -1.53953
93700 -1.42623
93800 -1.64888
93900 -1.772
94000 -1.67153
94100 -1.58198
94200 -1.58144
94300 -1.4726
94400 -1.4723
94500 -1.46509
94600 -1.60518
94700 -1.64874
94800 -1.41811
94900 -1.42172
95000 -1.60468
95100 -1.50737
95200 -1.52173
95300 -1.56325
95400 -1.45195
95500 -1.39478
95600 -1.37178
95700 -1.48264
95800 -1.38343
95900 -1.57834
96000 -1.66058
96100 -1.65749
96200 -1.66545
96300 -1.50314
96400 -1.50595
96500 -1.51477
96600 -1.55301
96700 -1.55049
96800 -1.60189
96900 -1.35362
97000 -1.57413
97100 -1.57391
97200 -1.40582
97300 -1.62359
97400 -1.50627
97500 -1.61818
97600 -1.43954
97700 -1.50644
97800 -1.57301
97900 -1.67736
98000 -1.68116
98100 -1.60873
98200 -1.61826
98300 -1.65806
98400 -1.57307
98500 -1.49724
98600 -1.49304
98700 -1.57171
98800 -1.52144
98900 -1.58942
99000 -1.47123
99100 -1.41673
99200 -1.53337
99300 -1.47795
99400 -1.54096
99500 -1.55212
99600 -1.62602
99700 -1.62701
99800 -1.50148
99900 -1.49308
