0 -1.70328
100 -1.58942
200 -1.71299
300 -1.67041
400 -1.58805
500 -1.671
600 -1.73836
700 -1.6421
800 -1.78341
900 -1.74553
1000 -1.52265
1100 -1.7285
1200 -1.65625
1300 -1.6074
1400 -1.57619
1500 -1.61736
1600 -1.69344
1700 -1.73056
1800 -1.73967
1900 -1.74766
2000 -1.63537
2100 -1.68998
2200 -1.69968
2300 -1.69735
2400 -1.66911
2500 -1.63505
2600 -1.73822
2700 -1.67824
2800 -1.69333
2900 -1.64057
3000 -1.64112
3100 -1.68083
3200 -1.62991
3300 -1.72443
3400 -1.66457
3500 -1.66031
3600 -1.61815
3700 -1.59503
3800 -1.66918
3900 -1.70473
4000 -1.69109
4100 -1.6313
4200 -1.58011
4300 -1.67144
4400 -1.64408
4500 -1.78294
4600 -1.76168
4700 -1.60514
4800 -1.61144
4900 -1.67741
5000 -1.61917
5100 -1.81214
5200 -1.70355
5300 -1.69561
5400 -1.69646
5500 -1.65278
5600 -1.7384
5700 -1.74873
5800 -1.67317
5900 -1.70997
6000 -1.67353
6100 -1.69982
6200 -1.64928
6300 -1.74355
6400 -1.68355
6500 -1.67338
6600 -1.67599
6700 -1.75797
6800 -1.6278
6900 -1.66131
7000 -1.68431
7100 -1.64313
7200 -1.53886
7300 -1.60145
7400 -1.72569
7500 -1.74362
7600 -1.69963
7700 -1.69645
7800 -1.73594
7900 -1.6067
8000 -1.67989
8100 -1.66539
8200 -1.6465
8300 -1.69178
8400 -1.57217
8500 -1.60096
8600 -1.70248
8700 -1.6175
8800 -1.69372
8900 -1.65762
9000 -1.7679
9100 -1.62167
9200 -1.59188
9300 -1.66702
9400 -1.71171
9500 -1.68794
9600 -1.625
9700 -1.76914
9800 -1.68058
9900 -1.69779
10000 -1.61058
10100 -1.66963
10200 -1.83875
10300 -1.75611
10400 -1.64879
10500 -1.64858
10600 -1.65266
10700 -1.5964
10800 -1.6749
10900 -1.71588
11000 -1.62377
11100 -1.57788
11200 -1.56906
11300 -1.64346
11400 -1.56825
11500 -1.69256
11600 -1.72424
11700 -1.67393
11800 -1.72359
11900 -1.65681
12000 -1.70471
12100 -1.62146
12200 -1.61783
12300 -1.68681
12400 -1.5902
12500 -1.58376
12600 -1.74011
12700 -1.65449
12800 -1.55805
12900 -1.70519
13000 -1.61929
13100 -1.72199
13200 -1.75156
13300 -1.57685
13400 -1.63996
13500 -1.6749
13600 -1.69034
13700 -1.72961
13800 -1.63036
13900 -1.68015
14000 -1.71303
14100 -1.71905
14200 -1.58471
14300 -1.6684
14400 -1.72005
14500 -1.66995
14600 -1.77274
14700 -1.70102
14800 -1.72368
14900 -1.79579
15000 -1.60837
15100 -1.66354
15200 -1.63292
15300 -1.72633
15400 -1.70362
15500 -1.72149
15600 -1.74725
15700 -1.59542
15800 -1.78972
15900 -1.65788
16000 -1.67615
16100 -1.67985
16200 -1.67972
16300 -1.60572
16400 -1.72467
16500 -1.74302
16600 -1.73238
16700 -1.69411
16800 -1.63904
16900 -1.71744
17000 -1.70141
17100 -1.66257
17200 -1.71178
17300 -1.59282
17400 -1.68891
17500 -1.6295
17600 -1.67515
17700 -1.60668
17800 -1.69805
17900 -1.6814
18000 -1.6307
18100 -1.77165
18200 -1.5711
18300 -1.64567
18400 -1.69629
18500 -1.6168
18600 -1.76024
18700 -1.66341
18800 -1.76989
18900 -1.78763
19000 -1.68696
19100 -1.66971
19200 -1.64501
19300 -1.80258
19400 -1.6738
19500 -1.67977
19600 -1.63036
19700 -1.81251
19800 -1.6944
19900 -1.66206
20000 -1.63882
20100 -1.80534
20200 -1.70924
20300 -1.68272
20400 -1.63792
20500 -1.69896
20600 -1.69933
20700 -1.79531
20800 -1.69508
20900 -1.74294
21000 -1.78402
21100 -1.72263
21200 -1.70787
21300 -1.75438
21400 -1.73425
21500 -1.53814
21600 -1.63177
21700 -1.67089
21800 -1.73213
21900 -1.70202
22000 -1.67179
22100 -1.57579
22200 -1.61605
22300 -1.53556
22400 -1.62273
22500 -1.53567
22600 -1.69881
22700 -1.75971
22800 -1.67625
22900 -1.66992
23000 -1.57678
23100 -1.68777
23200 -1.67817
23300 -1.64638
23400 -1.62847
23500 -1.64134
23600 -1.67982
23700 -1.74397
23800 -1.70691
23900 -1.72449
24000 -1.65072
24100 -1.66209
24200 -1.55182
24300 -1.58354
24400 -1.46959
24500 -1.64004
24600 -1.70616
24700 -1.7025
24800 -1.57901
24900 -1.67215
25000 -1.68614
25100 -1.70053
25200 -1.62264
25300 -1.67687
25400 -1.69587
25500 -1.74428
25600 -1.75178
25700 -1.717
25800 -1.65248
25900 -1.73614
26000 -1.71667
26100 -1.53686
26200 -1.55751
26300 -1.76498
26400 -1.74751
26500 -1.60696
26600 -1.56331
26700 -1.64357
26800 -1.69292
26900 -1.64914
27000 -1.72362
27100 -1.67053
27200 -1.68403
27300 -1.65103
27400 -1.69591
27500 -1.63808
27600 -1.67339
27700 -1.76392
27800 -1.6359
27900 -1.6202
28000 -1.66956
28100 -1.62639
28200 -1.77156
28300 -1.73396
28400 -1.74671
28500 -1.68916
28600 -1.78866
28700 -1.67801
28800 -1.71666
28900 -1.64589
29000 -1.69189
29100 -1.60482
29200 -1.70262
29300 -1.67434
29400 -1.73713
29500 -1.65664
29600 -1.6982
29700 -1.67198
29800 -1.66229
29900 -1.67862
30000 -1.624
30100 -1.68248
30200 -1.66054
30300 -1.73503
30400 -1.6981
30500 -1.69961
30600 -1.66516
30700 -1.81615
30800 -1.65673
30900 -1.70509
31000 -1.70895
31100 -1.81562
31200 -1.77328
31300 -1.57915
31400 -1.66734
31500 -1.69905
31600 -1.69223
31700 -1.71459
31800 -1.63374
31900 -1.67158
32000 -1.67982
32100 -1.65851
32200 -1.71516
32300 -1.6755
32400 -1.66079
32500 -1.66204
32600 -1.72825
32700 -1.72654
32800 -1.71508
32900 -1.68276
33000 -1.69617
33100 -1.60442
33200 -1.57105
33300 -1.74548
33400 -1.72449
33500 -1.67732
33600 -1.65146
33700 -1.72651
33800 -1.55193
33900 -1.73245
34000 -1.66926
34100 -1.6446
34200 -1.68019
34300 -1.67858
34400 -1.47177
34500 -1.74529
34600 -1.74471
34700 -1.76726
34800 -1.72199
34900 -1.60497
35000 -1.72242
35100 -1.57295
35200 -1.79918
35300 -1.76535
35400 -1.70079
35500 -1.57504
35600 -1.75954
35700 -1.75162
35800 -1.64772
35900 -1.60195
36000 -1.71644
36100 -1.6469
36200 -1.6678
36300 -1.75485
36400 -1.73245
36500 -1.69162
36600 -1.67579
36700 -1.73628
36800 -1.5647
36900 -1.73839
37000 -1.75255
37100 -1.71238
37200 -1.69997
37300 -1.71232
37400 -1.71093
37500 -1.68795
37600 -1.75891
37700 -1.57805
37800 -1.55573
37900 -1.68284
38000 -1.62022
38100 -1.64741
38200 -1.5824
38300 -1.76241
38400 -1.63734
38500 -1.59686
38600 -1.67635
38700 -1.77911
38800 -1.76187
38900 -1.73679
39000 -1.65405
39100 -1.626
39200 -1.81477
39300 -1.65091
39400 -1.63273
39500 -1.64018
39600 -1.73555
39700 -1.72129
39800 -1.82405
39900 -1.64296
40000 -1.72563
40100 -1.5991
40200 -1.76579
40300 -1.61453
40400 -1.65533
40500 -1.62865
40600 -1.65745
40700 -1.63705
40800 -1.6307
40900 -1.69417
41000 -1.62455
41100 -1.72144
41200 -1.55399
41300 -1.63879
41400 -1.60958
41500 -1.58998
41600 -1.71856
41700 -1.63011
41800 -1.60645
41900 -1.57429
42000 -1.64761
42100 -1.77069
42200 -1.59528
42300 -1.65629
42400 -1.72499
42500 -1.64643
42600 -1.7116
42700 -1.60981
42800 -1.62727
42900 -1.61665
43000 -1.7295
43100 -1.66523
43200 -1.6904
43300 -1.78119
43400 -1.72463
43500 -1.71163
43600 -1.62881
43700 -1.5408
43800 -1.67222
43900 -1.59988
44000 -1.65919
44100 -1.65349
44200 -1.72763
44300 -1.70294
44400 -1.65338
44500 -1.60746
44600 -1.68832
44700 -1.70729
44800 -1.61177
44900 -1.62889
45000 -1.76016
45100 -1.64897
45200 -1.68271
45300 -1.74557
45400 -1.88447
45500 -1.74459
45600 -1.64929
45700 -1.67267
45800 -1.69005
45900 -1.70366
46000 -1.7028
46100 -1.75046
46200 -1.73941
46300 -1.74723
46400 -1.60671
46500 -1.68241
46600 -1.69415
46700 -1.60103
46800 -1.61701
46900 -1.54859
47000 -1.68226
47100 -1.71583
47200 -1.74492
47300 -1.78958
47400 -1.67311
47500 -1.68632
47600 -1.62724
47700 -1.64423
47800 -1.80533
47900 -1.67555
48000 -1.75308
48100 -1.67981
48200 -1.7881
48300 -1.73084
48400 -1.7176
48500 -1.72212
48600 -1.68747
48700 -1.58569
48800 -1.63237
48900 -1.63951
49000 -1.64007
49100 -1.70183
49200 -1.72829
49300 -1.70443
49400 -1.66661
49500 -1.69157
49600 -1.63171
49700 -1.63913
49800 -1.72609
49900 -1.58057
50000 -1.70516
50100 -1.73844
50200 -1.69119
50300 -1.7572
50400 -1.63532
50500 -1.80212
50600 -1.6304
50700 -1.6474
50800 -1.67539
50900 -1.66206
51000 -1.558
51100 -1.75096
51200 -1.64613
51300 -1.72994
51400 -1.68149
51500 -1.59699
51600 -1.73658
51700 -1.71104
51800 -1.79185
51900 -1.59453
52000 -1.65609
52100 -1.69371
52200 -1.75852
52300 -1.8379
52400 -1.64331
52500 -1.64793
52600 -1.57707
52700 -1.67637
52800 -1.6563
52900 -1.70715
53000 -1.68056
53100 -1.60175
53200 -1.68038
53300 -1.74121
53400 -1.62092
53500 -1.68693
53600 -1.6821
53700 -1.76748
53800 -1.68608
53900 -1.6022
54000 -1.66581
54100 -1.56483
54200 -1.60216
54300 -1.68546
54400 -1.62649
54500 -1.66998
54600 -1.57033
54700 -1.69336
54800 -1.61098
54900 -1.73322
55000 -1.75296
55100 -1.71211
55200 -1.62322
55300 -1.62568
55400 -1.69402
55500 -1.6784
55600 -1.77486
55700 -1.6413
55800 -1.76927
55900 -1.65871
56000 -1.63966
56100 -1.61728
56200 -1.69517
56300 -1.63084
56400 -1.67993
56500 -1.6999
56600 -1.65333
56700 -1.70265
56800 -1.57833
56900 -1.67404
57000 -1.64837
57100 -1.6264
57200 -1.76076
57300 -1.7109
57400 -1.78517
57500 -1.86933
57600 -1.79061
57700 -1.56996
57800 -1.71535
57900 -1.69081
58000 -1.61724
58100 -1.65335
58200 -1.76017
58300 -1.6854
58400 -1.752
58500 -1.70273
58600 -1.71599
58700 -1.54528
58800 -1.68904
58900 -1.49548
59000 -1.61559
59100 -1.76044
59200 -1.74203
59300 -1.68926
59400 -1.67102
59500 -1.63821
59600 -1.81679
59700 -1.77672
59800 -1.66312
59900 -1.59874
60000 -1.70708
60100 -1.81013
60200 -1.73744
60300 -1.71474
60400 -1.69824
60500 -1.7647
60600 -1.69513
60700 -1.62903
60800 -1.64708
60900 -1.72015
61000 -1.55143
61100 -1.65632
61200 -1.73157
61300 -1.6326
61400 -1.73412
61500 -1.61879
61600 -1.82134
61700 -1.72621
61800 -1.71704
61900 -1.66283
62000 -1.74887
62100 -1.65097
62200 -1.64259
62300 -1.65991
62400 -1.60589
62500 -1.66455
62600 -1.68359
62700 -1.61591
62800 -1.6093
62900 -1.70543
63000 -1.67507
63100 -1.69348
63200 -1.54978
63300 -1.63181
63400 -1.65421
63500 -1.60774
63600 -1.62401
63700 -1.5271
63800 -1.55174
63900 -1.64886
64000 -1.61421
64100 -1.71321
64200 -1.72117
64300 -1.74553
64400 -1.60695
64500 -1.59125
64600 -1.71408
64700 -1.56673
64800 -1.63965
64900 -1.72529
65000 -1.69174
65100 -1.69407
65200 -1.67402
65300 -1.75666
65400 -1.67346
65500 -1.67216
65600 -1.75875
65700 -1.75978
65800 -1.73631
65900 -1.73237
66000 -1.62379
66100 -1.73973
66200 -1.76483
66300 -1.59052
66400 -1.74445
66500 -1.60859
66600 -1.69361
66700 -1.66199
66800 -1.71046
66900 -1.71158
67000 -1.67566
67100 -1.60938
67200 -1.71037
67300 -1.70531
67400 -1.71808
67500 -1.518
67600 -1.63714
67700 -1.79384
67800 -1.74047
67900 -1.75916
68000 -1.56812
68100 -1.70903
68200 -1.68816
68300 -1.65093
68400 -1.67037
68500 -1.77587
68600 -1.69751
68700 -1.67368
68800 -1.5869
68900 -1.57008
69000 -1.72165
69100 -1.62496
69200 -1.76613
69300 -1.69648
69400 -1.67851
69500 -1.6097
69600 -1.67474
69700 -1.64621
69800 -1.6149
69900 -1.54807
70000 -1.59683
70100 -1.62086
70200 -1.59782
70300 -1.59652
70400 -1.71347
70500 -1.81109
70600 -1.7408
70700 -1.63642
70800 -1.64511
70900 -1.76277
71000 -1.62854
71100 -1.63292
71200 -1.81549
71300 -1.73369
71400 -1.6162
71500 -1.71329
71600 -1.75562
71700 -1.75739
71800 -1.6832
71900 -1.64943
72000 -1.74308
72100 -1.82193
72200 -1.73807
72300 -1.64598
72400 -1.65072
72500 -1.65622
72600 -1.75468
72700 -1.67422
72800 -1.65123
72900 -1.70311
73000 -1.6638
73100 -1.63551
73200 -1.73599
73300 -1.62172
73400 -1.66822
73500 -1.72913
73600 -1.67502
73700 -1.71377
73800 -1.57192
73900 -1.69581
74000 -1.71495
74100 -1.73783
74200 -1.73156
74300 -1.67551
74400 -1.69109
74500 -1.628
74600 -1.72628
74700 -1.60562
74800 -1.67453
74900 -1.6128
75000 -1.67148
75100 -1.52062
75200 -1.68595
75300 -1.68234
75400 -1.69326
75500 -1.6622
75600 -1.64946
75700 -1.61568
75800 -1.71159
75900 -1.63199
76000 -1.57003
76100 -1.59718
76200 -1.67833
76300 -1.797
76400 -1.67448
76500 -1.64773
76600 -1.64101
76700 -1.72854
76800 -1.56524
76900 -1.62917
77000 -1.57392
77100 -1.70342
77200 -1.64126
77300 -1.5936
77400 -1.67395
77500 -1.82043
77600 -1.7249
77700 -1.663
77800 -1.71231
77900 -1.67952
78000 -1.66684
78100 -1.70487
78200 -1.70695
78300 -1.69914
78400 -1.65387
78500 -1.56186
78600 -1.59929
78700 -1.76558
78800 -1.71027
78900 -1.65344
79000 -1.74777
79100 -1.54957
79200 -1.68495
79300 -1.65736
79400 -1.77202
79500 -1.66369
79600 -1.63148
79700 -1.65521
79800 -1.62938
79900 -1.59518
80000 -1.60586
80100 -1.70073
80200 -1.6875
80300 -1.76613
80400 -1.68334
80500 -1.6674
80600 -1.69077
80700 -1.72982
80800 -1.68512
80900 -1.64362
81000 -1.71994
81100 -1.70897
81200 -1.68772
81300 -1.58403
81400 -1.67936
81500 -1.63939
81600 -1.66856
81700 -1.65594
81800 -1.74738
81900 -1.70289
82000 -1.68058
82100 -1.61808
82200 -1.68831
82300 -1.66115
82400 -1.66902
82500 -1.64859
82600 -1.61105
82700 -1.64152
82800 -1.74163
82900 -1.76164
83000 -1.74669
83100 -1.7578
83200 -1.72804
83300 -1.75414
83400 -1.60371
83500 -1.74404
83600 -1.72383
83700 -1.7177
83800 -1.61385
83900 -1.62187
84000 -1.70792
84100 -1.66933
84200 -1.67698
84300 -1.76637
84400 -1.6945
84500 -1.62634
84600 -1.71775
84700 -1.71656
84800 -1.6471
84900 -1.65638
85000 -1.55492
85100 -1.6739
85200 -1.56978
85300 -1.73633
85400 -1.65417
85500 -1.692
85600 -1.68427
85700 -1.68906
85800 -1.61984
85900 -1.64014
86000 -1.58437
86100 -1.70982
86200 -1.63914
86300 -1.64983
86400 -1.6667
86500 -1.7167
86600 -1.76841
86700 -1.62746
86800 -1.75903
86900 -1.68271
87000 -1.55983
87100 -1.57186
87200 -1.70839
87300 -1.77663
87400 -1.7166
87500 -1.67969
87600 -1.62314
87700 -1.69847
87800 -1.74693
87900 -1.69941
88000 -1.69051
88100 -1.66488
88200 -1.67979
88300 -1.71843
88400 -1.62486
88500 -1.76331
88600 -1.61409
88700 -1.60666
88800 -1.65009
88900 -1.68467
89000 -1.7221
89100 -1.66142
89200 -1.64304
89300 -1.68986
89400 -1.73617
89500 -1.70862
89600 -1.72594
89700 -1.51163
89800 -1.7093
89900 -1.62897
90000 -1.78075
90100 -1.57462
90200 -1.70144
90300 -1.55346
90400 -1.67282
90500 -1.53358
90600 -1.68937
90700 -1.70121
90800 -1.73631
90900 -1.75036
91000 -1.66453
91100 -1.67238
91200 -1.71754
91300 -1.65216
91400 -1.64201
91500 -1.6788
91600 -1.74376
91700 -1.64834
91800 -1.78866
91900 -1.67367
92000 -1.68262
92100 -1.71054
92200 -1.77383
92300 -1.6735
92400 -1.61584
92500 -1.71634
92600 -1.71257
92700 -1.64729
92800 -1.55647
92900 -1.65246
93000 -1.67475
93100 -1.66899
93200 -1.69186
93300 -1.82126
93400 -1.82275
93500 -1.65114
93600 -1.62676
93700 -1.62881
93800 -1.63029
93900 -1.68011
94000 -1.6375
94100 -1.71436
94200 -1.57568
94300 -1.70574
94400 -1.64354
94500 -1.54959
94600 -1.6659
94700 -1.70857
94800 -1.6719
94900 -1.69259
95000 -1.66569
95100 -1.65504
95200 -1.68956
95300 -1.69687
95400 -1.67243
95500 -1.58463
95600 -1.72942
95700 -1.76708
95800 -1.66006
95900 -1.60875
96000 -1.69098
96100 -1.72129
96200 -1.67923
96300 -1.61161
96400 -1.71547
96500 -1.67693
96600 -1.59672
96700 -1.60827
96800 -1.73966
96900 -1.71613
97000 -1.64547
97100 -1.64601
97200 -1.60146
97300 -1.58564
97400 -1.70198
97500 -1.66457
97600 -1.68701
97700 -1.66668
97800 -1.76316
97900 -1.62983
98000 -1.74139
98100 -1.69667
98200 -1.78136
98300 -1.69961
98400 -1.7155
98500 -1.70376
98600 -1.63701
98700 -1.68836
98800 -1.67771
98900 -1.70796
99000 -1.76497
99100 -1.57495
99200 -1.63542
99300 -1.63804
99400 -1.61507
99500 -1.57799
99600 -1.71474
99700 -1.69164
99800 -1.75276
99900 -1.55108
