0 -1.13346
100 -1.17267
200 -1.05742
300 -1.07612
400 -1.10755
500 -1.13147
600 -1.05043
700 -1.09523
800 -1.10299
900 -1.10824
1000 -1.2138
1100 -1.16835
1200 -1.07641
1300 -1.17903
1400 -1.03242
1500 -1.3586
1600 -1.30309
1700 -1.04089
1800 -1.1894
1900 -1.26173
2000 -1.23128
2100 -1.10253
2200 -1.10541
2300 -1.01112
2400 -1.31733
2500 -1.05197
2600 -1.08112
2700 -1.11327
2800 -1.03375
2900 -0.962864
3000 -1.1401
3100 -1.21827
3200 -0.928818
3300 -1.10254
3400 -1.07698
3500 -1.01902
3600 -1.05169
3700 -1.01829
3800 -0.999254
3900 -1.13666
4000 -1.16766
4100 -1.12022
4200 -1.02885
4300 -1.06721
4400 -1.11649
4500 -1.09243
4600 -1.10395
4700 -1.14766
4800 -1.11982
4900 -1.12102
5000 -1.08154
5100 -0.975786
5200 -0.961156
5300 -0.884168
5400 -1.03027
5500 -1.14945
5600 -1.01405
5700 -1.07991
5800 -1.23357
5900 -1.08333
6000 -1.13099
6100 -1.16646
6200 -1.26902
6300 -1.32542
6400 -1.10349
6500 -0.924341
6600 -0.988257
6700 -1.08745
6800 -0.941098
6900 -1.06106
7000 -1.15679
7100 -1.0908
7200 -1.13729
7300 -1.1344
7400 -1.05296
7500 -1.1674
7600 -1.16125
7700 -1.22184
7800 -1.08684
7900 -1.02452
8000 -1.22784
8100 -1.1798
8200 -1.152
8300 -1.16733
8400 -1.02653
8500 -1.22217
8600 -1.05065
8700 -1.23812
8800 -1.08167
8900 -1.08677
9000 -1.10566
9100 -1.26222
9200 -1.07065
9300 -1.12036
9400 -1.08997
9500 -1.20715
9600 -1.15217
9700 -1.11753
9800 -1.14639
9900 -1.03807
10000 -0.964094
10100 -1.11988
10200 -1.0971
10300 -1.19848
10400 -1.04219
10500 -1.0482
10600 -1.19556
10700 -1.04667
10800 -1.00884
10900 -1.14938
11000 -1.04761
11100 -1.11131
11200 -1.14842
11300 -1.02622
11400 -1.05566
11500 -0.999428
11600 -1.10395
11700 -1.19848
11800 -1.15436
11900 -1.08373
12000 -1.07344
12100 -1.05932
12200 -0.996262
12300 -1.05716
12400 -1.04166
12500 -1.02877
12600 -1.13725
12700 -1.10297
12800 -1.07827
12900 -1.21527
13000 -1.18378
13100 -1.10519
13200 -1.24853
13300 -1.21038
13400 -1.1461
13500 -1.03689
13600 -1.02156
13700 -0.981733
13800 -0.937019
13900 -1.16378
14000 -0.907922
14100 -1.04415
14200 -0.976241
14300 -0.820729
14400 -1.02574
14500 -1.05744
14600 -1.01823
14700 -1.10574
14800 -0.956028
14900 -1.18726
15000 -1.13074
15100 -1.0893
15200 -1.12392
15300 -1.02172
15400 -0.94037
15500 -1.05403
15600 -0.979503
15700 -0.984171
15800 -1.13278
15900 -1.06442
16000 -1.08058
16100 -1.12378
16200 -1.24475
16300 -1.32673
16400 -1.04498
16500 -0.968011
16600 -1.11695
16700 -1.08741
16800 -1.15465
16900 -1.18429
17000 -1.13859
17100 -1.07907
17200 -1.12702
17300 -1.01804
17400 -1.0363
17500 -1.11897
17600 -1.0202
17700 -1.18857
17800 -1.02747
17900 -1.09074
18000 -1.17241
18100 -1.03326
18200 -1.145
18300 -1.15787
18400 -1.20957
18500 -1.23207
18600 -1.14998
18700 -1.00334
18800 -1.20462
18900 -1.04109
19000 -1.16049
19100 -0.914932
19200 -0.983844
19300 -1.0134
19400 -0.964142
19500 -0.975989
19600 -0.990619
19700 -1.04466
19800 -1.14724
19900 -1.06277
20000 -1.21935
20100 -1.02899
20200 -0.995471
20300 -1.08609
20400 -0.959968
20500 -1.07545
20600 -0.996594
20700 -1.07978
20800 -1.17137
20900 -0.890164
21000 -1.03038
21100 -1.10742
21200 -1.08824
21300 -1.18124
21400 -1.14808
21500 -1.08326
21600 -1.08753
21700 -1.01261
21800 -1.20932
21900 -1.12927
22000 -1.26567
22100 -1.22974
22200 -1.2832
22300 -1.23652
22400 -1.17608
22500 -1.09913
22600 -1.10921
22700 -1.02176
22800 -1.11978
22900 -1.1499
23000 -1.13471
23100 -1.05213
23200 -1.08589
23300 -0.967331
23400 -1.09149
23500 -1.0849
23600 -1.0994
23700 -1.17346
23800 -0.945512
23900 -0.952555
24000 -1.08933
24100 -1.14997
24200 -1.07362
24300 -1.05266
24400 -0.963554
24500 -1.102
24600 -1.06288
24700 -1.23274
24800 -1.07609
24900 -1.05786
25000 -0.973854
25100 -1.19073
25200 -1.11297
25300 -1.1493
25400 -1.05901
25500 -1.07023
25600 -0.983874
25700 -1.1189
25800 -1.09901
25900 -1.10338
26000 -1.07115
26100 -1.11194
26200 -1.01249
26300 -1.06038
26400 -1.01803
26500 -1.08983
26600 -1.06286
26700 -1.03524
26800 -1.09091
26900 -1.16666
27000 -0.975555
27100 -1.18444
27200 -1.14974
27300 -1.1322
27400 -1.17791
27500 -1.12191
27600 -0.955323
27700 -1.22105
27800 -1.10667
27900 -1.15504
28000 -1.19237
28100 -1.20387
28200 -1.16152
28300 -1.13924
28400 -1.16226
28500 -1.27787
28600 -1.21619
28700 -1.24563
28800 -1.02389
28900 -1.20204
29000 -1.07139
29100 -1.06234
29200 -1.09329
29300 -1.17035
29400 -1.22366
29500 -1.27856
29600 -1.32001
29700 -1.23256
29800 -1.26045
29900 -1.22579
30000 -1.13297
30100 -1.0235
30200 -1.13142
30300 -1.13706
30400 -1.13094
30500 -1.16253
30600 -1.27893
30700 -1.2498
30800 -1.23024
30900 -1.27815
31000 -1.03754
31100 -1.01349
31200 -0.978127
31300 -1.03514
31400 -1.12339
31500 -0.987678
31600 -1.24672
31700 -0.930992
31800 -0.990829
31900 -1.01042
32000 -1.03541
32100 -1.02445
32200 -0.918461
32300 -0.980558
32400 -0.982991
32500 -0.950141
32600 -1.00951
32700 -1.0117
32800 -1.04053
32900 -1.19428
33000 -0.952411
33100 -1.06077
33200 -1.00914
33300 -1.06429
33400 -1.14759
33500 -1.08608
33600 -1.18149
33700 -1.13661
33800 -1.03358
33900 -1.03681
34000 -1.04254
34100 -1.04984
34200 -0.95859
34300 -0.89753
34400 -1.12251
34500 -1.12273
34600 -1.13598
34700 -1.12441
34800 -1.14968
34900 -1.06129
35000 -1.046
35100 -0.998194
35200 -1.07472
35300 -1.04527
35400 -1.12263
35500 -1.11018
35600 -1.12147
35700 -1.15644
35800 -1.19108
35900 -0.98225
36000 -0.885895
36100 -1.00651
36200 -1.0036
36300 -1.04652
36400 -1.06199
36500 -1.12241
36600 -1.12311
36700 -0.991839
36800 -1.03557
36900 -1.20275
37000 -1.11343
37100 -1.13097
37200 -1.00688
37300 -1.0949
37400 -1.11267
37500 -1.18643
37600 -1.05801
37700 -1.11092
37800 -0.996423
37900 -1.09496
38000 -1.01661
38100 -0.78224
38200 -0.827787
38300 -0.922423
38400 -1.00438
38500 -1.13101
38600 -1.00974
38700 -1.18563
38800 -1.14365
38900 -1.18935
39000 -1.20974
39100 -1.20338
39200 -1.08276
39300 -1.20634
39400 -0.987841
39500 -1.13533
39600 -1.22407
39700 -0.994401
39800 -1.01349
39900 -1.0752
40000 -0.945517
40100 -0.967937
40200 -1.03647
40300 -1.04148
40400 -1.08143
40500 -0.897094
40600 -1.06024
40700 -1.18994
40800 -1.01858
40900 -1.07639
41000 -0.975644
41100 -0.855437
41200 -1.03597
41300 -1.00318
41400 -0.870142
41500 -0.819618
41600 -0.954946
41700 -1.07546
41800 -1.08942
41900 -0.985536
42000 -1.06968
42100 -1.20586
42200 -1.19099
42300 -1.11718
42400 -1.19142
42500 -1.43803
42600 -1.1914
42700 -1.09909
42800 -1.26384
42900 -1.25943
43000 -1.29663
43100 -1.39236
43200 -1.29975
43300 -1.16585
43400 -1.02769
43500 -0.936658
43600 -0.943019
43700 -1.19068
43800 -1.24864
43900 -1.07038
44000 -1.12287
44100 -1.25457
44200 -1.12108
44300 -1.10888
44400 -1.41243
44500 -1.09874
44600 -1.22525
44700 -1.07209
44800 -1.12466
44900 -1.13474
45000 -1.17439
45100 -1.09581
45200 -1.04282
45300 -1.19959
45400 -1.11286
45500 -0.977884
45600 -1.08165
45700 -1.11343
45800 -1.18486
45900 -1.15644
46000 -1.19874
46100 -1.05179
46200 -1.14659
46300 -1.03217
46400 -1.19627
46500 -1.13443
46600 -1.08511
46700 -1.20383
46800 -1.16257
46900 -1.19408
47000 -1.0514
47100 -1.18966
47200 -1.08911
47300 -1.10741
47400 -1.09129
47500 -1.07336
47600 -1.0727
47700 -1.03975
47800 -1.01591
47900 -1.06557
48000 -1.02826
48100 -1.02646
48200 -0.981633
48300 -1.08025
48400 -1.17643
48500 -1.1217
48600 -1.1392
48700 -1.08931
48800 -1.10426
48900 -1.21461
49000 -0.979098
49100 -0.977922
49200 -0.946149
49300 -0.983583
49400 -0.955795
49500 -1.1603
49600 -1.22445
49700 -1.14898
49800 -1.12153
49900 -1.12805
50000 -1.223
50100 -1.16178
50200 -1.20802
50300 -1.05683
50400 -1.01268
50500 -1.12692
50600 -1.00057
50700 -1.00158
50800 -0.929371
50900 -1.09127
51000 -1.05492
51100 -1.15212
51200 -1.23653
51300 -1.14362
51400 -1.19663
51500 -1.08531
51600 -1.05709
51700 -1.05932
51800 -1.16749
51900 -1.25447
52000 -1.05142
52100 -1.21288
52200 -1.06411
52300 -1.09147
52400 -1.14617
52500 -1.17157
52600 -1.05035
52700 -1.12098
52800 -1.14911
52900 -1.12233
53000 -1.04542
53100 -0.983715
53200 -1.05709
53300 -0.99763
53400 -1.10289
53500 -1.08699
53600 -1.15456
53700 -1.06432
53800 -1.08888
53900 -1.04212
54000 -1.03798
54100 -1.03079
54200 -0.931355
54300 -0.902617
54400 -0.995386
54500 -1.00808
54600 -1.13468
54700 -1.04148
54800 -1.22876
54900 -1.29923
55000 -1.19431
55100 -1.24216
55200 -1.10519
55300 -1.16449
55400 -1.16043
55500 -1.24236
55600 -1.1491
55700 -1.18659
55800 -1.16528
55900 -1.04755
56000 -1.08574
56100 -1.08375
56200 -1.20119
56300 -1.22046
56400 -1.31821
56500 -1.29612
56600 -1.20406
56700 -1.28001
56800 -1.13169
56900 -1.14799
57000 -1.08703
57100 -1.10661
57200 -1.03623
57300 -1.12159
57400 -1.04818
57500 -0.98816
57600 -1.03637
57700 -1.0681
57800 -1.04242
57900 -1.16249
58000 -1.16137
58100 -1.06048
58200 -1.04366
58300 -1.07781
58400 -1.03832
58500 -1.1236
58600 -1.03189
58700 -1.14523
58800 -1.01467
58900 -1.10765
59000 -0.957123
59100 -1.17961
59200 -1.02091
59300 -1.0096
59400 -1.18073
59500 -0.982262
59600 -1.0984
59700 -1.05635
59800 -1.05135
59900 -1.06432
60000 -1.02542
60100 -0.90434
60200 -0.938127
60300 -0.943807
60400 -1.22418
60500 -1.1048
60600 -1.08013
60700 -0.986927
60800 -1.03548
60900 -1.08649
61000 -1.09802
61100 -1.14288
61200 -0.923786
61300 -1.06953
61400 -1.00492
61500 -1.04508
61600 -0.937469
61700 -1.05364
61800 -1.12154
61900 -0.999963
62000 -0.967471
62100 -1.04245
62200 -1.06237
62300 -1.16506
62400 -0.935796
62500 -0.945679
62600 -0.943311
62700 -0.997669
62800 -0.911365
62900 -0.998135
63000 -1.10218
63100 -0.9054
63200 -1.16199
63300 -1.13005
63400 -0.954875
63500 -0.861886
63600 -0.989417
63700 -1.06215
63800 -0.977566
63900 -0.836549
64000 -0.965851
64100 -0.969147
64200 -1.02482
64300 -0.85236
64400 -0.897362
64500 -1.04976
64600 -0.984533
64700 -0.901488
64800 -0.986791
64900 -1.03988
65000 -1.13287
65100 -1.3123
65200 -1.29902
65300 -1.32403
65400 -1.31867
65500 -1.0556
65600 -1.07021
65700 -1.18884
65800 -1.22261
65900 -1.20107
66000 -1.23293
66100 -1.21212
66200 -1.14829
66300 -1.17418
66400 -1.03293
66500 -0.975339
66600 -1.15846
66700 -1.13865
66800 -1.13033
66900 -0.944993
67000 -1.10549
67100 -1.18824
67200 -1.0602
67300 -1.08076
67400 -1.11514
67500 -1.1079
67600 -1.15097
67700 -1.15319
67800 -1.232
67900 -1.18673
68000 -0.930388
68100 -1.02184
68200 -0.882334
68300 -0.966105
68400 -0.975032
68500 -1.07305
68600 -1.12155
68700 -1.08238
68800 -1.27823
68900 -1.18274
69000 -1.17397
69100 -1.17026
69200 -1.15411
69300 -1.29297
69400 -1.18293
69500 -1.04798
69600 -1.02673
69700 -1.15317
69800 -1.37953
69900 -1.22182
70000 -1.16565
70100 -1.04211
70200 -1.1653
70300 -1.08352
70400 -1.266
70500 -1.11767
70600 -0.975249
70700 -1.12367
70800 -1.10465
70900 -1.09757
71000 -0.982174
71100 -1.05554
71200 -0.94194
71300 -0.979129
71400 -0.984344
71500 -1.03166
71600 -1.01816
71700 -1.07069
71800 -1.01895
71900 -1.12439
72000 -1.04436
72100 -1.01922
72200 -0.930145
72300 -1.04864
72400 -1.08518
72500 -0.97079
72600 -1.12111
72700 -1.14673
72800 -1.10479
72900 -0.908391
73000 -1.05816
73100 -1.09132
73200 -0.94718
73300 -0.959653
73400 -1.03924
73500 -1.13142
73600 -1.08513
73700 -1.05283
73800 -1.13207
73900 -1.18374
74000 -1.14907
74100 -1.27144
74200 -1.16146
74300 -1.2239
74400 -1.11893
74500 -1.18885
74600 -1.26499
74700 -1.16195
74800 -1.05924
74900 -1.07618
75000 -0.893459
75100 -0.961806
75200 -1.06142
75300 -0.937383
75400 -1.0796
75500 -1.01973
75600 -0.960615
75700 -0.831403
75800 -1.01761
75900 -1.05686
76000 -1.10599
76100 -1.11454
76200 -1.11873
76300 -1.08628
76400 -1.10639
76500 -1.12801
76600 -1.10504
76700 -1.28395
76800 -1.119
76900 -1.05572
77000 -1.05624
77100 -1.27099
77200 -1.07548
77300 -1.13777
77400 -1.19367
77500 -1.2877
77600 -1.16388
77700 -1.15846
77800 -1.1348
77900 -1.0949
78000 -1.18175
78100 -1.17854
78200 -1.17129
78300 -1.13286
78400 -1.15943
78500 -1.07926
78600 -1.04511
78700 -1.13427
78800 -1.09248
78900 -1.00637
79000 -0.954621
79100 -1.07105
79200 -1.13493
79300 -1.11446
79400 -1.14935
79500 -1.11452
79600 -1.18504
79700 -1.09304
79800 -1.14866
79900 -1.09231
80000 -1.04995
80100 -1.02266
80200 -1.20289
80300 -1.00845
80400 -1.24998
80500 -1.16059
80600 -1.05493
80700 -0.876381
80800 -1.0463
80900 -0.986542
81000 -1.02746
81100 -1.02811
81200 -1.05903
81300 -1.01442
81400 -0.923805
81500 -0.916804
81600 -1.0283
81700 -0.966709
81800 -1.19261
81900 -1.03597
82000 -1.08882
82100 -1.10417
82200 -1.09476
82300 -1.15632
82400 -0.939278
82500 -1.02394
82600 -0.96064
82700 -1.16074
82800 -1.18812
82900 -1.12747
83000 -1.0754
83100 -1.23903
83200 -1.17496
83300 -1.10276
83400 -1.13434
83500 -1.07051
83600 -0.945652
83700 -1.23603
83800 -1.17208
83900 -1.10717
84000 -1.21336
84100 -1.11998
84200 -1.02981
84300 -0.973321
84400 -1.22345
84500 -1.06091
84600 -0.971489
84700 -1.04275
84800 -0.980979
84900 -0.923548
85000 -0.977241
85100 -0.997688
85200 -1.0576
85300 -0.877158
85400 -1.02288
85500 -1.11163
85600 -1.0042
85700 -1.0502
85800 -1.04072
85900 -0.913268
86000 -1.02571
86100 -1.10195
86200 -0.978248
86300 -0.955261
86400 -1.08389
86500 -1.11575
86600 -0.976933
86700 -0.942411
86800 -1.06302
86900 -0.955763
87000 -0.991597
87100 -0.992703
87200 -1.09887
87300 -0.988164
87400 -1.15644
87500 -1.12437
87600 -1.01436
87700 -1.01031
87800 -1.17048
87900 -1.01088
88000 -1.03626
88100 -1.04
88200 -1.02172
88300 -1.1067
88400 -1.06019
88500 -1.33206
88600 -1.1283
88700 -1.03698
88800 -1.17797
88900 -1.00465
89000 -1.02396
89100 -1.05697
89200 -1.01661
89300 -1.1518
89400 -1.04081
89500 -1.01528
89600 -0.982622
89700 -1.1283
89800 -0.920909
89900 -0.92997
90000 -1.12829
90100 -1.09864
90200 -0.959412
90300 -0.946383
90400 -1.17131
90500 -1.305
90600 -1.27545
90700 -1.13639
90800 -1.17036
90900 -1.04407
91000 -1.15699
91100 -1.18574
91200 -1.12863
91300 -0.980003
91400 -1.25757
91500 -1.02101
91600 -1.10883
91700 -1.11928
91800 -1.12703
91900 -1.20824
92000 -1.08469
92100 -1.1848
92200 -1.20958
92300 -1.20839
92400 -1.18202
92500 -1.33602
92600 -1.14537
92700 -1.0101
92800 -1.0457
92900 -1.06049
93000 -1.11485
93100 -1.23565
93200 -1.15779
93300 -1.13988
93400 -1.22314
93500 -1.25083
93600 -1.09805
93700 -1.21709
93800 -1.10216
93900 -1.00628
94000 -1.069
94100 -1.06123
94200 -1.09766
94300 -1.03617
94400 -1.18324
94500 -0.967958
94600 -1.01131
94700 -0.963489
94800 -1.01523
94900 -0.940484
95000 -1.06626
95100 -1.08315
95200 -0.874825
95300 -1.01987
95400 -1.11478
95500 -1.11768
95600 -1.02251
95700 -1.09427
95800 -1.00547
95900 -1.04847
96000 -1.06208
96100 -1.23625
96200 -1.00731
96300 -1.04088
96400 -1.13462
96500 -1.09466
96600 -1.207
96700 -1.28082
96800 -1.22722
96900 -1.18384
97000 -0.989027
97100 -1.14829
97200 -1.24023
97300 -1.1334
97400 -1.15353
97500 -1.40461
97600 -1.30193
97700 -1.28021
97800 -1.1388
97900 -1.33988
98000 -1.06564
98100 -1.16569
98200 -1.05715
98300 -1.09841
98400 -0.961576
98500 -1.06414
98600 -1.01202
98700 -1.13023
98800 -0.971013
98900 -1.04537
99000 -1.1825
99100 -1.07398
99200 -1.02548
99300 -1.03375
99400 -0.849305
99500 -0.994669
99600 -1.05879
99700 -1.02355
99800 -0.904181
99900 -0.953084
