0 -1.40251
100 -1.45784
200 -1.42462
300 -1.48626
400 -1.51005
500 -1.49752
600 -1.44096
700 -1.43273
800 -1.46324
900 -1.60078
1000 -1.71632
1100 -1.53911
1200 -1.50492
1300 -1.56332
1400 -1.56273
1500 -1.67106
1600 -1.51666
1700 -1.63479
1800 -1.53079
1900 -1.44964
2000 -1.38136
2100 -1.47497
2200 -1.75424
2300 -1.59579
2400 -1.50282
2500 -1.49852
2600 -1.52937
2700 -1.47137
2800 -1.55988
2900 -1.63092
3000 -1.55437
3100 -1.6317
3200 -1.67388
3300 -1.59465
3400 -1.51408
3500 -1.43694
3600 -1.57741
3700 -1.5894
3800 -1.53344
3900 -1.45051
4000 -1.62717
4100 -1.55712
4200 -1.41608
4300 -1.54467
4400 -1.36531
4500 -1.52816
4600 -1.47763
4700 -1.44124
4800 -1.55778
4900 -1.53652
5000 -1.56966
5100 -1.72229
5200 -1.54937
5300 -1.58582
5400 -1.48682
5500 -1.58111
5600 -1.59323
5700 -1.53316
5800 -1.67083
5900 -1.60244
6000 -1.49179
6100 -1.49311
6200 -1.46887
6300 -1.55235
6400 -1.72071
6500 -1.58544
6600 -1.46901
6700 -1.64007
6800 -1.54265
6900 -1.46474
7000 -1.54111
7100 -1.54736
7200 -1.54473
7300 -1.41888
7400 -1.47711
7500 -1.53651
7600 -1.53871
7700 -1.52739
7800 -1.44138
7900 -1.59687
8000 -1.56187
8100 -1.45252
8200 -1.41443
8300 -1.46773
8400 -1.50979
8500 -1.54651
8600 -1.72433
8700 -1.4954
8800 -1.62254
8900 -1.44497
9000 -1.54374
9100 -1.54405
9200 -1.61353
9300 -1.61889
9400 -1.52794
9500 -1.57148
9600 -1.49068
9700 -1.52976
9800 -1.48273
9900 -1.49127
10000 -1.45986
10100 -1.59309
10200 -1.55844
10300 -1.60131
10400 -1.48404
10500 -1.65381
10600 -1.4982
10700 -1.45441
10800 -1.48683
10900 -1.50655
11000 -1.49934
11100 -1.52595
11200 -1.51412
11300 -1.45865
11400 -1.33315
11500 -1.57861
11600 -1.49979
11700 -1.53067
11800 -1.47382
11900 -1.58133
12000 -1.41799
12100 -1.53445
12200 -1.4331
12300 -1.64798
12400 -1.51189
12500 -1.43407
12600 -1.52777
12700 -1.46834
12800 -1.3802
12900 -1.47351
13000 -1.49501
13100 -1.51442
13200 -1.576
13300 -1.54545
13400 -1.50106
13500 -1.39457
13600 -1.44085
13700 -1.54063
13800 -1.57837
13900 -1.49912
14000 -1.40356
14100 -1.4198
14200 -1.53633
14300 -1.53703
14400 -1.56884
14500 -1.56499
14600 -1.42459
14700 -1.49912
14800 -1.45593
14900 -1.40714
15000 -1.45571
15100 -1.55671
15200 -1.3167
15300 -1.36169
15400 -1.34757
15500 -1.4352
15600 -1.43326
15700 -1.44858
15800 -1.45866
15900 -1.36384
16000 -1.4027
16100 -1.52115
16200 -1.4294
16300 -1.57707
16400 -1.53918
16500 -1.65929
16600 -1.53658
16700 -1.4011
16800 -1.47762
16900 -1.51358
17000 -1.58743
17100 -1.51171
17200 -1.65906
17300 -1.60073
17400 -1.65824
17500 -1.65661
17600 -1.55168
17700 -1.47877
17800 -1.33326
17900 -1.50294
18000 -1.47459
18100 -1.47598
18200 -1.55375
18300 -1.64687
18400 -1.50219
18500 -1.42802
18600 -1.46117
18700 -1.35904
18800 -1.43844
18900 -1.43851
19000 -1.51499
19100 -1.41564
19200 -1.60487
19300 -1.51891
19400 -1.52172
19500 -1.54762
19600 -1.48894
19700 -1.45348
19800 -1.49373
19900 -1.5545
20000 -1.54878
20100 -1.52599
20200 -1.53998
20300 -1.60547
20400 -1.60019
20500 -1.50781
20600 -1.46015
20700 -1.48689
20800 -1.40106
20900 -1.56618
21000 -1.62486
21100 -1.63634
21200 -1.51045
21300 -1.51887
21400 -1.68729
21500 -1.50566
21600 -1.51228
21700 -1.51626
21800 -1.46924
21900 -1.45956
22000 -1.44122
22100 -1.33641
22200 -1.55462
22300 -1.44554
22400 -1.45188
22500 -1.56375
22600 -1.42892
22700 -1.4809
22800 -1.52906
22900 -1.43737
23000 -1.39042
23100 -1.41305
23200 -1.46962
23300 -1.46592
23400 -1.49978
23500 -1.46522
23600 -1.47297
23700 -1.47917
23800 -1.52044
23900 -1.58077
24000 -1.30922
24100 -1.34011
24200 -1.52496
24300 -1.5275
24400 -1.49941
24500 -1.4066
24600 -1.42795
24700 -1.40524
24800 -1.33676
24900 -1.39822
25000 -1.34802
25100 -1.52396
25200 -1.4657
25300 -1.54067
25400 -1.42439
25500 -1.36067
25600 -1.52439
25700 -1.4295
25800 -1.50165
25900 -1.55293
26000 -1.49701
26100 -1.44235
26200 -1.58703
26300 -1.51583
26400 -1.4671
26500 -1.64186
26600 -1.6253
26700 -1.57794
26800 -1.58967
26900 -1.58569
27000 -1.53639
27100 -1.59114
27200 -1.64444
27300 -1.47873
27400 -1.59123
27500 -1.40496
27600 -1.46279
27700 -1.51289
27800 -1.35999
27900 -1.43118
28000 -1.51096
28100 -1.51062
28200 -1.43945
28300 -1.46518
28400 -1.58636
28500 -1.39875
28600 -1.66756
28700 -1.57494
28800 -1.58368
28900 -1.57145
29000 -1.5405
29100 -1.61386
29200 -1.53231
29300 -1.47182
29400 -1.45038
29500 -1.55776
29600 -1.50653
29700 -1.58446
29800 -1.49169
29900 -1.39251
30000 -1.50781
30100 -1.46352
30200 -1.41656
30300 -1.58282
30400 -1.48311
30500 -1.51068
30600 -1.44861
30700 -1.43265
30800 -1.47618
30900 -1.53087
31000 -1.51877
31100 -1.50289
31200 -1.64418
31300 -1.49172
31400 -1.68908
31500 -1.59245
31600 -1.60994
31700 -1.73462
31800 -1.60715
31900 -1.53349
32000 -1.40824
32100 -1.44478
32200 -1.52804
32300 -1.57147
32400 -1.53863
32500 -1.61431
32600 -1.53291
32700 -1.60967
32800 -1.60833
32900 -1.4576
33000 -1.57444
33100 -1.53896
33200 -1.5007
33300 -1.54476
33400 -1.45231
33500 -1.39663
33600 -1.41686
33700 -1.41322
33800 -1.4669
33900 -1.50367
34000 -1.51546
34100 -1.59976
34200 -1.5739
34300 -1.58504
34400 -1.47841
34500 -1.49016
34600 -1.70445
34700 -1.55622
34800 -1.45579
34900 -1.51822
35000 -1.56458
35100 -1.52041
35200 -1.38549
35300 -1.49937
35400 -1.45629
35500 -1.44712
35600 -1.42091
35700 -1.44822
35800 -1.51302
35900 -1.41615
36000 -1.63085
36100 -1.49686
36200 -1.50959
36300 -1.58057
36400 -1.49269
36500 -1.50997
36600 -1.43889
36700 -1.40406
36800 -1.42786
36900 -1.49067
37000 -1.57048
37100 -1.45569
37200 -1.52153
37300 -1.50314
37400 -1.5242
37500 -1.45687
37600 -1.37225
37700 -1.52581
37800 -1.46289
37900 -1.55968
38000 -1.56889
38100 -1.7273
38200 -1.55391
38300 -1.5546
38400 -1.50827
38500 -1.46
38600 -1.4799
38700 -1.45124
38800 -1.39416
38900 -1.533
39000 -1.47199
39100 -1.48046
39200 -1.57862
39300 -1.44143
39400 -1.46203
39500 -1.48937
39600 -1.57045
39700 -1.59238
39800 -1.74657
39900 -1.70888
40000 -1.65781
40100 -1.48303
40200 -1.42051
40300 -1.56307
40400 -1.48806
40500 -1.38003
40600 -1.47772
40700 -1.58413
40800 -1.56864
40900 -1.54231
41000 -1.57291
41100 -1.57062
41200 -1.60067
41300 -1.52571
41400 -1.58953
41500 -1.58016
41600 -1.47849
41700 -1.4829
41800 -1.59609
41900 -1.49852
42000 -1.38715
42100 -1.47807
42200 -1.50863
42300 -1.62003
42400 -1.39592
42500 -1.49418
42600 -1.48072
42700 -1.39056
42800 -1.55256
42900 -1.4798
43000 -1.59739
43100 -1.51549
43200 -1.54434
43300 -1.67638
43400 -1.64677
43500 -1.58381
43600 -1.47006
43700 -1.43359
43800 -1.52792
43900 -1.42298
44000 -1.44791
44100 -1.42579
44200 -1.42825
44300 -1.43749
44400 -1.49893
44500 -1.42588
44600 -1.37897
44700 -1.5366
44800 -1.39995
44900 -1.44531
45000 -1.62241
45100 -1.61379
45200 -1.51927
45300 -1.44292
45400 -1.54953
45500 -1.48737
45600 -1.56591
45700 -1.57415
45800 -1.58448
45900 -1.54189
46000 -1.43044
46100 -1.47063
46200 -1.50873
46300 -1.43877
46400 -1.45682
46500 -1.36914
46600 -1.51469
46700 -1.40561
46800 -1.47667
46900 -1.43686
47000 -1.4475
47100 -1.46195
47200 -1.4596
47300 -1.63498
47400 -1.50988
47500 -1.49104
47600 -1.55991
47700 -1.63552
47800 -1.54505
47900 -1.51827
48000 -1.46377
48100 -1.5066
48200 -1.45402
48300 -1.48343
48400 -1.28594
48500 -1.40109
48600 -1.39021
48700 -1.57281
48800 -1.38586
48900 -1.62138
49000 -1.56724
49100 -1.59507
49200 -1.57801
49300 -1.71429
49400 -1.53305
49500 -1.51706
49600 -1.6765
49700 -1.52011
49800 -1.50953
49900 -1.41431
50000 -1.59305
50100 -1.55366
50200 -1.61232
50300 -1.62946
50400 -1.59002
50500 -1.56257
50600 -1.42304
50700 -1.55253
50800 -1.47366
50900 -1.41551
51000 -1.49208
51100 -1.55009
51200 -1.53133
51300 -1.53588
51400 -1.52848
51500 -1.571
51600 -1.489
51700 -1.60908
51800 -1.52811
51900 -1.49807
52000 -1.50398
52100 -1.50692
52200 -1.50571
52300 -1.42262
52400 -1.53126
52500 -1.55043
52600 -1.46541
52700 -1.44542
52800 -1.47816
52900 -1.4735
53000 -1.48
53100 -1.5463
53200 -1.45433
53300 -1.4232
53400 -1.50847
53500 -1.45506
53600 -1.44039
53700 -1.5787
53800 -1.42313
53900 -1.49548
54000 -1.37698
54100 -1.47252
54200 -1.47347
54300 -1.43656
54400 -1.54753
54500 -1.43254
54600 -1.43109
54700 -1.55254
54800 -1.56319
54900 -1.44244
55000 -1.44888
55100 -1.54026
55200 -1.42248
55300 -1.43681
55400 -1.47164
55500 -1.52289
55600 -1.60639
55700 -1.56218
55800 -1.50146
55900 -1.57138
56000 -1.51026
56100 -1.61876
56200 -1.58194
56300 -1.49215
56400 -1.459
56500 -1.64887
56600 -1.55417
56700 -1.59131
56800 -1.4457
56900 -1.48521
57000 -1.57524
57100 -1.5937
57200 -1.60724
57300 -1.5802
57400 -1.43763
57500 -1.42037
57600 -1.4776
57700 -1.42625
57800 -1.47577
57900 -1.55991
58000 -1.53143
58100 -1.47349
58200 -1.51816
58300 -1.53905
58400 -1.45291
58500 -1.45334
58600 -1.60804
58700 -1.41325
58800 -1.49881
58900 -1.52734
59000 -1.4975
59100 -1.55287
59200 -1.64896
59300 -1.4464
59400 -1.36271
59500 -1.46991
59600 -1.38405
59700 -1.45114
59800 -1.35782
59900 -1.46388
60000 -1.63364
60100 -1.47271
60200 -1.48981
60300 -1.58566
60400 -1.49106
60500 -1.45446
60600 -1.47137
60700 -1.55763
60800 -1.45818
60900 -1.54273
61000 -1.46458
61100 -1.41337
61200 -1.4639
61300 -1.42721
61400 -1.44981
61500 -1.32081
61600 -1.43009
61700 -1.57315
61800 -1.69463
61900 -1.52885
62000 -1.59957
62100 -1.59712
62200 -1.63144
62300 -1.51575
62400 -1.48169
62500 -1.66934
62600 -1.45521
62700 -1.49129
62800 -1.36509
62900 -1.47525
63000 -1.53246
63100 -1.5937
63200 -1.63704
63300 -1.72108
63400 -1.49608
63500 -1.61054
63600 -1.55551
63700 -1.67074
63800 -1.59023
63900 -1.42824
64000 -1.53114
64100 -1.6368
64200 -1.58431
64300 -1.59803
64400 -1.60091
64500 -1.59505
64600 -1.57737
64700 -1.48924
64800 -1.51171
64900 -1.57967
65000 -1.58387
65100 -1.49365
65200 -1.53002
65300 -1.52465
65400 -1.50481
65500 -1.41938
65600 -1.51115
65700 -1.53789
65800 -1.59522
65900 -1.65788
66000 -1.49111
66100 -1.53098
66200 -1.45587
66300 -1.57347
66400 -1.51736
66500 -1.57138
66600 -1.43364
66700 -1.42444
66800 -1.38836
66900 -1.53664
67000 -1.53579
67100 -1.50424
67200 -1.46472
67300 -1.4493
67400 -1.49846
67500 -1.43181
67600 -1.47132
67700 -1.49429
67800 -1.44984
67900 -1.41288
68000 -1.5314
68100 -1.56631
68200 -1.47622
68300 -1.62228
68400 -1.5935
68500 -1.59418
68600 -1.48888
68700 -1.472
68800 -1.44455
68900 -1.54071
69000 -1.52617
69100 -1.38074
69200 -1.49837
69300 -1.49106
69400 -1.64839
69500 -1.60638
69600 -1.56048
69700 -1.60713
69800 -1.64585
69900 -1.62088
70000 -1.63899
70100 -1.61646
70200 -1.56358
70300 -1.4654
70400 -1.47313
70500 -1.47839
70600 -1.39075
70700 -1.64803
70800 -1.60893
70900 -1.56035
71000 -1.50934
71100 -1.42738
71200 -1.61322
71300 -1.39702
71400 -1.39689
71500 -1.49402
71600 -1.44156
71700 -1.49585
71800 -1.45567
71900 -1.41503
72000 -1.41405
72100 -1.5639
72200 -1.55766
72300 -1.71061
72400 -1.53774
72500 -1.51523
72600 -1.56822
72700 -1.3583
72800 -1.41026
72900 -1.63357
73000 -1.6942
73100 -1.45542
73200 -1.42511
73300 -1.39524
73400 -1.43475
73500 -1.5543
73600 -1.59698
73700 -1.66984
73800 -1.49733
73900 -1.48803
74000 -1.64811
74100 -1.5148
74200 -1.45913
74300 -1.67517
74400 -1.52129
74500 -1.46025
74600 -1.51616
74700 -1.51335
74800 -1.52524
74900 -1.48468
75000 -1.55928
75100 -1.55019
75200 -1.65094
75300 -1.66541
75400 -1.51148
75500 -1.4354
75600 -1.51192
75700 -1.46991
75800 -1.57545
75900 -1.44158
76000 -1.55633
76100 -1.50166
76200 -1.43441
76300 -1.49041
76400 -1.60352
76500 -1.46034
76600 -1.48953
76700 -1.5199
76800 -1.38888
76900 -1.51102
77000 -1.46076
77100 -1.53984
77200 -1.6791
77300 -1.57829
77400 -1.61297
77500 -1.44582
77600 -1.39757
77700 -1.44131
77800 -1.40049
77900 -1.52043
78000 -1.4251
78100 -1.52128
78200 -1.60586
78300 -1.60741
78400 -1.46446
78500 -1.45954
78600 -1.52972
78700 -1.51177
78800 -1.54401
78900 -1.49011
79000 -1.56064
79100 -1.60859
79200 -1.4996
79300 -1.55929
79400 -1.58095
79500 -1.51785
79600 -1.52669
79700 -1.5246
79800 -1.7028
79900 -1.55366
80000 -1.5006
80100 -1.47009
80200 -1.43514
80300 -1.52474
80400 -1.47912
80500 -1.4335
80600 -1.49438
80700 -1.44001
80800 -1.45401
80900 -1.44814
81000 -1.37013
81100 -1.52143
81200 -1.47364
81300 -1.47902
81400 -1.49115
81500 -1.46581
81600 -1.45498
81700 -1.44798
81800 -1.52608
81900 -1.63789
82000 -1.38713
82100 -1.64657
82200 -1.3607
82300 -1.49758
82400 -1.46244
82500 -1.38444
82600 -1.44284
82700 -1.40164
82800 -1.4453
82900 -1.53221
83000 -1.60918
83100 -1.57673
83200 -1.55929
83300 -1.51809
83400 -1.57792
83500 -1.53057
83600 -1.53204
83700 -1.67911
83800 -1.5476
83900 -1.63711
84000 -1.61604
84100 -1.46626
84200 -1.55843
84300 -1.55569
84400 -1.44384
84500 -1.45923
84600 -1.51966
84700 -1.43853
84800 -1.62535
84900 -1.57548
85000 -1.69918
85100 -1.63316
85200 -1.64678
85300 -1.51002
85400 -1.57165
85500 -1.55072
85600 -1.48154
85700 -1.44761
85800 -1.46646
85900 -1.50328
86000 -1.62207
86100 -1.50166
86200 -1.53091
86300 -1.45096
86400 -1.42061
86500 -1.4843
86600 -1.70869
86700 -1.52996
86800 -1.56415
86900 -1.48438
87000 -1.46789
87100 -1.60937
87200 -1.4747
87300 -1.38786
87400 -1.3087
87500 -1.52816
87600 -1.53728
87700 -1.50955
87800 -1.4513
87900 -1.5641
88000 -1.49815
88100 -1.56042
88200 -1.48075
88300 -1.48307
88400 -1.54733
88500 -1.4956
88600 -1.58908
88700 -1.445
88800 -1.52114
88900 -1.48099
89000 -1.63828
89100 -1.52941
89200 -1.6243
89300 -1.45957
89400 -1.49578
89500 -1.6983
89600 -1.57039
89700 -1.50133
89800 -1.41014
89900 -1.42156
90000 -1.45042
90100 -1.45463
90200 -1.45904
90300 -1.39163
90400 -1.44525
90500 -1.38383
90600 -1.52981
90700 -1.61267
90800 -1.50991
90900 -1.43064
91000 -1.49827
91100 -1.61706
91200 -1.55449
91300 -1.61536
91400 -1.44251
91500 -1.46347
91600 -1.5957
91700 -1.45841
91800 -1.45718
91900 -1.47567
92000 -1.43678
92100 -1.49081
92200 -1.43874
92300 -1.72413
92400 -1.49606
92500 -1.66945
92600 -1.53416
92700 -1.47627
92800 -1.51525
92900 -1.41186
93000 -1.47599
93100 -1.52279
93200 -1.51976
93300 -1.48533
93400 -1.40477
93500 -1.55363
93600 -1.58616
93700 -1.38576
93800 -1.49182
93900 -1.4713
94000 -1.59236
94100 -1.50636
94200 -1.45094
94300 -1.56002
94400 -1.56592
94500 -1.60451
94600 -1.42349
94700 -1.52902
94800 -1.54212
94900 -1.55428
95000 -1.48694
95100 -1.4014
95200 -1.52822
95300 -1.53585
95400 -1.56083
95500 -1.50445
95600 -1.44159
95700 -1.54437
95800 -1.5455
95900 -1.63147
96000 -1.59422
96100 -1.48215
96200 -1.47377
96300 -1.46716
96400 -1.49334
96500 -1.36514
96600 -1.32092
96700 -1.43133
96800 -1.48578
96900 -1.54218
97000 -1.39253
97100 -1.65421
97200 -1.45044
97300 -1.5387
97400 -1.32822
97500 -1.53442
97600 -1.55
97700 -1.46135
97800 -1.38112
97900 -1.50942
98000 -1.43106
98100 -1.55952
98200 -1.52455
98300 -1.46122
98400 -1.52519
98500 -1.56695
98600 -1.51245
98700 -1.51545
98800 -1.61974
98900 -1.53142
99000 -1.61174
99100 -1.44032
99200 -1.52297
99300 -1.47677
99400 -1.70937
99500 -1.64113
99600 -1.63552
99700 -1.53937
99800 -1.48056
99900 -1.45962
