0 -1.2541
100 -1.2774
200 -1.39464
300 -1.37636
400 -1.39194
500 -1.36718
600 -1.35062
700 -1.27331
800 -1.42274
900 -1.33016
1000 -1.29634
1100 -1.17257
1200 -1.20184
1300 -1.20452
1400 -1.15476
1500 -1.24336
1600 -1.20785
1700 -1.26912
1800 -1.27271
1900 -1.31401
2000 -1.26284
2100 -1.36412
2200 -1.14054
2300 -1.28456
2400 -1.24747
2500 -1.33933
2600 -1.28683
2700 -1.2586
2800 -1.2675
2900 -1.34277
3000 -1.29081
3100 -1.17282
3200 -1.24422
3300 -1.16817
3400 -1.30079
3500 -1.19923
3600 -1.4244
3700 -1.37877
3800 -1.25913
3900 -1.24668
4000 -1.18992
4100 -1.30002
4200 -1.4054
4300 -1.27217
4400 -1.33524
4500 -1.43821
4600 -1.39982
4700 -1.31496
4800 -1.34474
4900 -1.3313
5000 -1.3259
5100 -1.35021
5200 -1.31571
5300 -1.37946
5400 -1.19844
5500 -1.37313
5600 -1.54229
5700 -1.28256
5800 -1.41446
5900 -1.21947
6000 -1.26524
6100 -1.32803
6200 -1.52034
6300 -1.18375
6400 -1.37553
6500 -1.40755
6600 -1.39457
6700 -1.25806
6800 -1.30318
6900 -1.27891
7000 -1.33576
7100 -1.26852
7200 -1.23085
7300 -1.22714
7400 -1.33269
7500 -1.37342
7600 -1.29696
7700 -1.28254
7800 -1.3213
7900 -1.3242
8000 -1.34504
8100 -1.44378
8200 -1.31107
8300 -1.33646
8400 -1.42428
8500 -1.23228
8600 -1.14121
8700 -1.29069
8800 -1.27625
8900 -1.39629
9000 -1.28843
9100 -1.35682
9200 -1.36881
9300 -1.47181
9400 -1.32626
9500 -1.46534
9600 -1.39351
9700 -1.25906
9800 -1.2792
9900 -1.42345
10000 -1.16991
10100 -1.44045
10200 -1.26375
10300 -1.32383
10400 -1.28881
10500 -1.4312
10600 -1.34998
10700 -1.3443
10800 -1.20423
10900 -1.28377
11000 -1.27003
11100 -1.30341
11200 -1.28176
11300 -1.26546
11400 -1.2587
11500 -1.28169
11600 -1.32049
11700 -1.24061
11800 -1.25754
11900 -1.26627
12000 -1.30694
12100 -1.17994
12200 -1.23661
12300 -1.25619
12400 -1.23015
12500 -0.993557
12600 -1.22974
12700 -1.2653
12800 -1.32046
12900 -1.28413
13000 -1.3087
13100 -1.19468
13200 -1.31215
13300 -1.40342
13400 -1.37895
13500 -1.23991
13600 -1.3074
13700 -1.29725
13800 -1.48085
13900 -1.38607
14000 -1.43332
14100 -1.20382
14200 -1.26851
14300 -1.17528
14400 -1.2086
14500 -1.26816
14600 -1.22513
14700 -1.29497
14800 -1.31916
14900 -1.29724
15000 -1.35072
15100 -1.19734
15200 -1.29746
15300 -1.27689
15400 -1.19194
15500 -1.25871
15600 -1.41103
15700 -1.29406
15800 -1.33203
15900 -1.1535
16000 -1.23842
16100 -1.22044
16200 -1.31881
16300 -1.30098
16400 -1.29918
16500 -1.26061
16600 -1.24643
16700 -1.20965
16800 -1.28703
16900 -1.24416
17000 -1.24623
17100 -1.19056
17200 -1.16124
17300 -1.39244
17400 -1.29563
17500 -1.31367
17600 -1.31606
17700 -1.28709
17800 -1.37231
17900 -1.32914
18000 -1.348
18100 -1.39559
18200 -1.35412
18300 -1.3361
18400 -1.31725
18500 -1.28746
18600 -1.25018
18700 -1.33887
18800 -1.33937
18900 -1.25925
19000 -1.27968
19100 -1.24868
19200 -1.459
19300 -1.28197
19400 -1.33758
19500 -1.16692
19600 -1.27812
19700 -1.49307
19800 -1.38617
19900 -1.22577
20000 -1.28326
20100 -1.33056
20200 -1.18151
20300 -1.18978
20400 -1.26702
20500 -1.30445
20600 -1.35085
20700 -1.15564
20800 -1.34579
20900 -1.25216
21000 -1.30939
21100 -1.26905
21200 -1.21932
21300 -1.38436
21400 -1.43944
21500 -1.34583
21600 -1.33773
21700 -1.47919
21800 -1.47932
21900 -1.44013
22000 -1.39235
22100 -1.30048
22200 -1.19867
22300 -1.38087
22400 -1.22821
22500 -1.36518
22600 -1.33147
22700 -1.41643
22800 -1.26332
22900 -1.31635
23000 -1.19866
23100 -1.25535
23200 -1.27367
23300 -1.42636
23400 -1.27697
23500 -1.30027
23600 -1.28918
23700 -1.2152
23800 -1.28934
23900 -1.3973
24000 -1.12724
24100 -1.22297
24200 -1.2018
24300 -1.27194
24400 -1.20035
24500 -1.17477
24600 -1.13498
24700 -1.24087
24800 -1.2508
24900 -1.19072
25000 -1.24753
25100 -1.2682
25200 -1.35591
25300 -1.41138
25400 -1.33099
25500 -1.37014
25600 -1.42684
25700 -1.34292
25800 -1.28928
25900 -1.43044
26000 -1.54309
26100 -1.49886
26200 -1.37283
26300 -1.37775
26400 -1.38236
26500 -1.33775
26600 -1.46365
26700 -1.36811
26800 -1.21572
26900 -1.30609
27000 -1.42679
27100 -1.22313
27200 -1.34986
27300 -1.43985
27400 -1.41203
27500 -1.30575
27600 -1.3632
27700 -1.28556
27800 -1.44068
27900 -1.3278
28000 -1.49756
28100 -1.47725
28200 -1.372
28300 -1.49821
28400 -1.39518
28500 -1.30209
28600 -1.32708
28700 -1.34163
28800 -1.32355
28900 -1.45349
29000 -1.45777
29100 -1.27876
29200 -1.31406
29300 -1.14536
29400 -1.34198
29500 -1.32676
29600 -1.34367
29700 -1.34799
29800 -1.40338
29900 -1.19168
30000 -1.36391
30100 -1.28602
30200 -1.1559
30300 -1.18079
30400 -1.29033
30500 -1.45904
30600 -1.50194
30700 -1.30855
30800 -1.37651
30900 -1.41153
31000 -1.34794
31100 -1.4858
31200 -1.48251
31300 -1.21187
31400 -1.33739
31500 -1.35278
31600 -1.35466
31700 -1.33008
31800 -1.35428
31900 -1.34558
32000 -1.37168
32100 -1.46791
32200 -1.29206
32300 -1.1416
32400 -1.27311
32500 -1.33964
32600 -1.1153
32700 -1.07638
32800 -1.25569
32900 -1.40457
33000 -1.39782
33100 -1.34099
33200 -1.41508
33300 -1.36672
33400 -1.51876
33500 -1.2772
33600 -1.3093
33700 -1.30389
33800 -1.3042
33900 -1.44542
34000 -1.3014
34100 -1.24391
34200 -1.26768
34300 -1.26304
34400 -1.24041
34500 -1.28742
34600 -1.30949
34700 -1.30272
34800 -1.41567
34900 -1.27166
35000 -1.29817
35100 -1.13072
35200 -1.17943
35300 -1.1589
35400 -1.42059
35500 -1.42926
35600 -1.37474
35700 -1.40391
35800 -1.41298
35900 -1.3716
36000 -1.28962
36100 -1.25325
36200 -1.33077
36300 -1.33003
36400 -1.27945
36500 -1.31741
36600 -1.32474
36700 -1.36196
36800 -1.39471
36900 -1.24374
37000 -1.28129
37100 -1.4296
37200 -1.34871
37300 -1.24476
37400 -1.2227
37500 -1.22675
37600 -1.25399
37700 -1.23092
37800 -1.18543
37900 -1.29708
38000 -1.32076
38100 -1.41095
38200 -1.33087
38300 -1.46534
38400 -1.53555
38500 -1.37553
38600 -1.33177
38700 -1.38483
38800 -1.34543
38900 -1.21536
39000 -1.34968
39100 -1.17425
39200 -1.33973
39300 -1.24135
39400 -1.48616
39500 -1.23987
39600 -1.37269
39700 -1.32944
39800 -1.32523
39900 -1.21572
40000 -1.17693
40100 -1.12234
40200 -1.18467
40300 -1.28302
40400 -1.35403
40500 -1.38266
40600 -1.30222
40700 -1.37142
40800 -1.30584
40900 -1.25958
41000 -1.54122
41100 -1.40727
41200 -1.40222
41300 -1.394
41400 -1.35583
41500 -1.35964
41600 -1.50934
41700 -1.49322
41800 -1.51147
41900 -1.32738
42000 -1.48072
42100 -1.30116
42200 -1.30282
42300 -1.19943
42400 -1.23471
42500 -1.33454
42600 -1.31456
42700 -1.28132
42800 -1.09321
42900 -1.11973
43000 -1.16877
43100 -1.24225
43200 -1.26752
43300 -1.12134
43400 -1.15972
43500 -1.22241
43600 -1.22438
43700 -1.40858
43800 -1.55721
43900 -1.2599
44000 -1.28215
44100 -1.21087
44200 -1.36118
44300 -1.3358
44400 -1.25018
44500 -1.34634
44600 -1.22197
44700 -1.14804
44800 -1.16457
44900 -1.38377
45000 -1.13196
45100 -1.1887
45200 -1.22193
45300 -1.35466
45400 -1.42309
45500 -1.34452
45600 -1.38539
45700 -1.30783
45800 -1.28135
45900 -1.3675
46000 -1.43871
46100 -1.24468
46200 -1.26041
46300 -1.21867
46400 -1.45712
46500 -1.4517
46600 -1.21935
46700 -1.33192
46800 -1.34206
46900 -1.21331
47000 -1.18401
47100 -1.34417
47200 -1.42597
47300 -1.31276
47400 -1.28255
47500 -1.49171
47600 -1.5505
47700 -1.3569
47800 -1.40663
47900 -1.20038
48000 -1.23266
48100 -1.28906
48200 -1.34129
48300 -1.51275
48400 -1.24612
48500 -1.28059
48600 -1.27929
48700 -1.28271
48800 -1.4042
48900 -1.2102
49000 -1.29008
49100 -1.28196
49200 -1.30634
49300 -1.37373
49400 -1.18321
49500 -1.32077
49600 -1.24052
49700 -1.3968
49800 -1.35967
49900 -1.35548
50000 -1.30042
50100 -1.38248
50200 -1.30366
50300 -1.29961
50400 -1.32443
50500 -1.24748
50600 -1.12514
50700 -1.24574
50800 -1.32016
50900 -1.34495
51000 -1.4072
51100 -1.25977
51200 -1.1203
51300 -1.24245
51400 -1.24542
51500 -1.2623
51600 -1.18529
51700 -1.16494
51800 -1.29002
51900 -1.25649
52000 -1.26542
52100 -1.29251
52200 -1.318
52300 -1.307
52400 -1.31706
52500 -1.24414
52600 -1.31155
52700 -1.32966
52800 -1.33572
52900 -1.28314
53000 -1.31426
53100 -1.35766
53200 -1.27595
53300 -1.36806
53400 -1.35551
53500 -1.29122
53600 -1.44269
53700 -1.26425
53800 -1.26942
53900 -1.1863
54000 -1.20406
54100 -1.22946
54200 -1.3455
54300 -1.2979
54400 -1.39653
54500 -1.32548
54600 -1.43747
54700 -1.33739
54800 -1.37634
54900 -1.349
55000 -1.30507
55100 -1.34791
55200 -1.28128
55300 -1.49763
55400 -1.4995
55500 -1.4292
55600 -1.21519
55700 -1.28699
55800 -1.32468
55900 -1.34314
56000 -1.36117
56100 -1.29527
56200 -1.27286
56300 -1.26797
56400 -1.37822
56500 -1.11173
56600 -1.22571
56700 -1.33409
56800 -1.22761
56900 -1.33894
57000 -1.46025
57100 -1.31022
57200 -1.29058
57300 -1.42427
57400 -1.33346
57500 -1.26907
57600 -1.29451
57700 -1.15584
57800 -1.22228
57900 -1.19503
58000 -1.18452
58100 -1.17113
58200 -1.43215
58300 -1.34589
58400 -1.42888
58500 -1.52322
58600 -1.36908
58700 -1.47543
58800 -1.45996
58900 -1.35937
59000 -1.33472
59100 -1.44617
59200 -1.2838
59300 -1.43629
59400 -1.32571
59500 -1.50622
59600 -1.56846
59700 -1.52928
59800 -1.36878
59900 -1.28785
60000 -1.24696
60100 -1.22627
60200 -1.25841
60300 -1.34084
60400 -1.24451
60500 -1.20665
60600 -1.39808
60700 -1.1948
60800 -1.23091
60900 -1.27888
61000 -1.25733
61100 -1.16798
61200 -1.35523
61300 -1.32572
61400 -1.34212
61500 -1.27105
61600 -1.29888
61700 -1.22442
61800 -1.31941
61900 -1.37027
62000 -1.32655
62100 -1.44263
62200 -1.34135
62300 -1.52193
62400 -1.39556
62500 -1.31814
62600 -1.44386
62700 -1.27032
62800 -1.21976
62900 -1.41852
63000 -1.45229
63100 -1.37082
63200 -1.30684
63300 -1.27916
63400 -1.3639
63500 -1.30438
63600 -1.38855
63700 -1.35835
63800 -1.24766
63900 -1.22508
64000 -1.23256
64100 -1.36184
64200 -1.22086
64300 -1.23552
64400 -1.39222
64500 -1.3276
64600 -1.29949
64700 -1.25575
64800 -1.24491
64900 -1.47069
65000 -1.23513
65100 -1.43758
65200 -1.26048
65300 -1.38903
65400 -1.32948
65500 -1.24885
65600 -1.27155
65700 -1.32294
65800 -1.38367
65900 -1.29593
66000 -1.24048
66100 -1.29467
66200 -1.04549
66300 -1.2203
66400 -1.32795
66500 -1.50342
66600 -1.39198
66700 -1.35821
66800 -1.39207
66900 -1.43802
67000 -1.47285
67100 -1.29642
67200 -1.19834
67300 -1.30294
67400 -1.33985
67500 -1.33847
67600 -1.34971
67700 -1.42156
67800 -1.47946
67900 -1.43027
68000 -1.46685
68100 -1.43069
68200 -1.16602
68300 -1.22139
68400 -1.3228
68500 -1.32553
68600 -1.2285
68700 -1.27721
68800 -1.23927
68900 -1.26051
69000 -1.37214
69100 -1.35389
69200 -1.35625
69300 -1.39227
69400 -1.30972
69500 -1.30786
69600 -1.2816
69700 -1.30327
69800 -1.26273
69900 -1.30693
70000 -1.39851
70100 -1.3147
70200 -1.31585
70300 -1.38055
70400 -1.30085
70500 -1.36221
70600 -1.20983
70700 -1.37409
70800 -1.28716
70900 -1.16528
71000 -1.35178
71100 -1.15364
71200 -1.25502
71300 -1.14955
71400 -1.18224
71500 -1.31928
71600 -1.28213
71700 -1.44915
71800 -1.46562
71900 -1.5176
72000 -1.4787
72100 -1.22044
72200 -1.30207
72300 -1.28081
72400 -1.38345
72500 -1.22239
72600 -1.31325
72700 -1.27098
72800 -1.36124
72900 -1.22983
73000 -1.15334
73100 -1.2419
73200 -1.21947
73300 -1.27454
73400 -1.32161
73500 -1.37333
73600 -1.25754
73700 -1.22445
73800 -1.25957
73900 -1.31617
74000 -1.29028
74100 -1.34889
74200 -1.29606
74300 -1.31357
74400 -1.29498
74500 -1.12819
74600 -1.1363
74700 -1.1709
74800 -1.30216
74900 -1.18888
75000 -1.24985
75100 -1.29315
75200 -1.27042
75300 -1.14174
75400 -1.14549
75500 -1.3228
75600 -1.38996
75700 -1.45985
75800 -1.24437
75900 -1.36932
76000 -1.24626
76100 -1.09009
76200 -1.26421
76300 -1.23587
76400 -1.21861
76500 -1.23458
76600 -1.2539
76700 -1.2169
76800 -1.26695
76900 -1.26432
77000 -1.19012
77100 -1.2413
77200 -1.2472
77300 -1.26388
77400 -1.28391
77500 -1.24047
77600 -1.28209
77700 -1.25338
77800 -1.34149
77900 -1.20841
78000 -1.21087
78100 -1.32098
78200 -1.28656
78300 -1.24889
78400 -1.30044
78500 -1.48815
78600 -1.41151
78700 -1.28693
78800 -1.36735
78900 -1.35081
79000 -1.43691
79100 -1.36529
79200 -1.39948
79300 -1.25269
79400 -1.36647
79500 -1.16505
79600 -1.1087
79700 -1.2309
79800 -1.43132
79900 -1.27333
80000 -1.43624
80100 -1.40672
80200 -1.19387
80300 -1.19038
80400 -1.35568
80500 -1.34735
80600 -1.41856
80700 -1.37458
80800 -1.44239
80900 -1.44197
81000 -1.26718
81100 -1.41751
81200 -1.40349
81300 -1.22546
81400 -1.36502
81500 -1.15134
81600 -1.32771
81700 -1.25972
81800 -1.32511
81900 -1.24771
82000 -1.2524
82100 -1.43017
82200 -1.49532
82300 -1.43422
82400 -1.36676
82500 -1.49151
82600 -1.349
82700 -1.31486
82800 -1.36692
82900 -1.37986
83000 -1.3427
83100 -1.35398
83200 -1.36866
83300 -1.34801
83400 -1.38696
83500 -1.48109
83600 -1.36636
83700 -1.40325
83800 -1.41498
83900 -1.35415
84000 -1.35293
84100 -1.26185
84200 -1.29793
84300 -1.35095
84400 -1.42342
84500 -1.28953
84600 -1.20404
84700 -1.40729
84800 -1.50873
84900 -1.43473
85000 -1.52984
85100 -1.41005
85200 -1.31559
85300 -1.40753
85400 -1.22575
85500 -1.29705
85600 -1.32804
85700 -1.36101
85800 -1.3651
85900 -1.31487
86000 -1.24806
86100 -1.35602
86200 -1.2686
86300 -1.4326
86400 -1.35548
86500 -1.26696
86600 -1.31125
86700 -1.35298
86800 -1.31056
86900 -1.28717
87000 -1.30495
87100 -1.2105
87200 -1.26365
87300 -1.2382
87400 -1.30192
87500 -1.35478
87600 -1.30586
87700 -1.2573
87800 -1.26017
87900 -1.28327
88000 -1.19778
88100 -1.24364
88200 -1.36676
88300 -1.29704
88400 -1.23052
88500 -1.30578
88600 -1.27766
88700 -1.3127
88800 -1.35646
88900 -1.26969
89000 -1.51144
89100 -1.3538
89200 -1.31143
89300 -1.34646
89400 -1.22388
89500 -1.33805
89600 -1.41248
89700 -1.34971
89800 -1.25536
89900 -1.23295
90000 -1.34417
90100 -1.34183
90200 -1.34939
90300 -1.30465
90400 -1.33897
90500 -1.32337
90600 -1.34673
90700 -1.47697
90800 -1.35544
90900 -1.36039
91000 -1.25997
91100 -1.21168
91200 -1.34346
91300 -1.23115
91400 -1.32305
91500 -1.37839
91600 -1.14698
91700 -1.31144
91800 -1.29668
91900 -1.3639
92000 -1.27021
92100 -1.28654
92200 -1.14846
92300 -1.21882
92400 -1.22242
92500 -1.33385
92600 -1.23439
92700 -1.29731
92800 -1.34147
92900 -1.36468
93000 -1.39271
93100 -1.32643
93200 -1.31498
93300 -1.25805
93400 -1.30082
93500 -1.35008
93600 -1.35511
93700 -1.30949
93800 -1.27353
93900 -1.45278
94000 -1.39601
94100 -1.36397
94200 -1.25164
94300 -1.21549
94400 -1.25194
94500 -1.29259
94600 -1.45051
94700 -1.28925
94800 -1.39782
94900 -1.40449
95000 -1.21595
95100 -1.29823
95200 -1.22883
95300 -1.38395
95400 -1.2983
95500 -1.38891
95600 -1.45161
95700 -1.33206
95800 -1.36626
95900 -1.31349
96000 -1.41278
96100 -1.38947
96200 -1.24195
96300 -1.36481
96400 -1.27682
96500 -1.36178
96600 -1.1457
96700 -1.27309
96800 -1.16024
96900 -1.44303
97000 -1.32577
97100 -1.33961
97200 -1.34917
97300 -1.36507
97400 -1.32734
97500 -1.37213
97600 -1.34872
97700 -1.18913
97800 -1.23515
97900 -1.26022
98000 -1.3936
98100 -1.36123
98200 -1.30252
98300 -1.33048
98400 -1.07821
98500 -1.35229
98600 -1.40583
98700 -1.24696
98800 -1.32874
98900 -1.35705
99000 -1.24273
99100 -1.27644
99200 -1.3625
99300 -1.21158
99400 -1.2199
99500 -1.39486
99600 -1.20617
99700 -1.084
99800 -1.27881
99900 -1.35238
