0 -0.851766
100 -0.757548
200 -0.91657
300 -1.00229
400 -0.798867
500 -0.679887
600 -0.836717
700 -0.813525
800 -0.841682
900 -0.828244
1000 -1.04139
1100 -0.860447
1200 -0.80508
1300 -0.873126
1400 -0.791993
1500 -0.84423
1600 -0.767499
1700 -0.840776
1800 -0.795512
1900 -0.790001
2000 -0.775141
2100 -0.8249
2200 -1.0112
2300 -0.918544
2400 -0.704862
2500 -0.690154
2600 -0.755467
2700 -0.822452
2800 -0.901558
2900 -0.690509
3000 -0.962721
3100 -0.923708
3200 -0.880582
3300 -0.649247
3400 -0.748612
3500 -0.721714
3600 -0.879937
3700 -0.989183
3800 -0.777411
3900 -0.832736
4000 -0.872601
4100 -0.87044
4200 -0.912961
4300 -0.781551
4400 -0.879248
4500 -0.806281
4600 -0.871006
4700 -0.831782
4800 -0.830485
4900 -0.819179
5000 -0.89033
5100 -0.845555
5200 -0.871894
5300 -0.762439
5400 -0.916857
5500 -0.89977
5600 -0.919815
5700 -0.756675
5800 -0.880718
5900 -0.782821
6000 -0.82782
6100 -0.791711
6200 -0.814761
6300 -0.728247
6400 -0.843373
6500 -0.797608
6600 -0.790757
6700 -0.834103
6800 -0.80357
6900 -1.01867
7000 -0.855592
7100 -0.784591
7200 -0.734269
7300 -0.943671
7400 -0.780923
7500 -0.668309
7600 -0.819195
7700 -0.848256
7800 -0.768077
7900 -0.839632
8000 -0.831082
8100 -0.698797
8200 -0.691123
8300 -0.760867
8400 -0.905286
8500 -0.811668
8600 -0.825319
8700 -0.8043
8800 -0.720733
8900 -0.787282
9000 -0.922846
9100 -0.7773
9200 -0.854643
9300 -0.910344
9400 -0.880125
9500 -0.804344
9600 -0.78675
9700 -0.887637
9800 -0.813636
9900 -0.767329
10000 -0.760963
10100 -0.767488
10200 -0.781301
10300 -0.932577
10400 -0.951456
10500 -0.948508
10600 -0.867316
10700 -0.840567
10800 -0.745855
10900 -1.00281
11000 -0.746043
11100 -0.769735
11200 -0.889864
11300 -0.899125
11400 -0.919135
11500 -0.73005
11600 -0.739422
11700 -0.906149
11800 -0.947036
11900 -0.833772
12000 -0.738318
12100 -0.893491
12200 -0.767695
12300 -0.775674
12400 -0.843633
12500 -0.842985
12600 -1.10177
12700 -0.948053
12800 -0.825089
12900 -0.812595
13000 -1.03024
13100 -1.08186
13200 -1.02415
13300 -0.882297
13400 -0.847659
13500 -0.957053
13600 -0.813536
13700 -0.874129
13800 -0.917669
13900 -0.959965
14000 -0.836755
14100 -0.935558
14200 -1.10314
14300 -0.829615
14400 -0.833987
14500 -0.747949
14600 -0.856517
14700 -0.777826
14800 -0.880804
14900 -0.813745
15000 -0.937079
15100 -0.782265
15200 -0.861859
15300 -0.782927
15400 -0.826634
15500 -0.855175
15600 -0.913363
15700 -0.853167
15800 -0.919414
15900 -0.910681
16000 -0.74628
16100 -0.778568
16200 -0.822058
16300 -0.948898
16400 -0.79213
16500 -0.856147
16600 -0.872443
16700 -0.914912
16800 -0.766885
16900 -0.833491
17000 -0.921001
17100 -0.751462
17200 -0.749537
17300 -0.845864
17400 -0.661971
17500 -0.914779
17600 -0.869242
17700 -0.814972
17800 -0.784576
17900 -0.937466
18000 -0.804575
18100 -0.794373
18200 -0.836239
18300 -0.854739
18400 -0.902631
18500 -0.792367
18600 -0.815354
18700 -0.885477
18800 -0.839106
18900 -0.821146
19000 -0.833008
19100 -0.861938
19200 -0.753055
19300 -0.823663
19400 -0.698381
19500 -0.879202
19600 -0.871277
19700 -0.859216
19800 -0.977054
19900 -1.06786
20000 -0.873676
20100 -0.784988
20200 -0.8076
20300 -0.829552
20400 -0.880779
20500 -0.794871
20600 -0.940388
20700 -0.958945
20800 -0.948768
20900 -0.724716
21000 -0.745019
21100 -0.792959
21200 -0.890023
21300 -0.827549
21400 -0.771465
21500 -0.844176
21600 -0.959821
21700 -0.948543
21800 -0.91672
21900 -0.694975
22000 -0.782003
22100 -0.785396
22200 -0.910648
22300 -0.860299
22400 -0.877921
22500 -0.838378
22600 -0.891146
22700 -0.744796
22800 -0.856013
22900 -0.70921
23000 -0.90481
23100 -0.893882
23200 -0.84398
23300 -0.960965
23400 -0.850885
23500 -0.972878
23600 -1.03877
23700 -0.906744
23800 -1.01201
23900 -0.849277
24000 -0.999968
24100 -0.931458
24200 -0.93156
24300 -0.930687
24400 -0.851911
24500 -0.892016
24600 -1.046
24700 -0.986548
24800 -0.783227
24900 -0.829093
25000 -0.918866
25100 -0.904612
25200 -0.749346
25300 -0.818261
25400 -0.899922
25500 -0.934591
25600 -0.804053
25700 -0.979108
25800 -0.792111
25900 -0.782328
26000 -0.697821
26100 -0.826432
26200 -0.913231
26300 -0.774534
26400 -0.840738
26500 -0.899725
26600 -0.915256
26700 -0.75337
26800 -0.869351
26900 -0.831583
27000 -0.900412
27100 -0.844719
27200 -0.860412
27300 -0.828442
27400 -0.797075
27500 -1.02638
27600 -0.848362
27700 -0.898159
27800 -0.766759
27900 -0.788121
28000 -0.716682
28100 -0.929794
28200 -0.838188
28300 -0.792627
28400 -0.770796
28500 -0.795492
28600 -1.0316
28700 -0.815931
28800 -0.879636
28900 -0.827596
29000 -0.738845
29100 -0.705602
29200 -0.801695
29300 -0.716916
29400 -0.864139
29500 -0.906439
29600 -0.887119
29700 -0.874266
29800 -0.992576
29900 -0.787071
30000 -0.751401
30100 -0.95764
30200 -0.839387
30300 -0.829779
30400 -0.777541
30500 -0.842786
30600 -0.83198
30700 -0.833151
30800 -0.795564
30900 -0.795297
31000 -0.858608
31100 -0.898175
31200 -0.813474
31300 -0.922135
31400 -0.857947
31500 -0.792119
31600 -0.819946
31700 -0.777011
31800 -0.746205
31900 -0.708398
32000 -0.76081
32100 -0.845952
32200 -0.860015
32300 -0.826673
32400 -0.725408
32500 -0.851996
32600 -0.836472
32700 -0.926884
32800 -0.775445
32900 -0.787028
33000 -0.783091
33100 -0.794021
33200 -0.990868
33300 -0.884236
33400 -0.897076
33500 -0.78621
33600 -0.85786
33700 -0.82666
33800 -0.833161
33900 -0.962878
34000 -0.850147
34100 -0.794652
34200 -0.75328
34300 -0.901867
34400 -0.661594
34500 -0.746394
34600 -0.77092
34700 -0.912082
34800 -0.790514
34900 -0.967583
35000 -1.09226
35100 -0.847361
35200 -0.814523
35300 -0.907116
35400 -0.920795
35500 -0.808722
35600 -0.887475
35700 -0.703998
35800 -0.781774
35900 -0.809167
36000 -0.899542
36100 -0.926944
36200 -0.969209
36300 -0.795672
36400 -0.857144
36500 -0.90779
36600 -0.801527
36700 -0.909759
36800 -0.789822
36900 -0.73869
37000 -0.722547
37100 -0.910666
37200 -0.836143
37300 -0.963118
37400 -1.04322
37500 -0.886641
37600 -0.930222
37700 -0.895696
37800 -1.01627
37900 -0.835457
38000 -0.848464
38100 -1.01037
38200 -1.0454
38300 -0.915584
38400 -0.914703
38500 -0.922978
38600 -0.955596
38700 -0.842436
38800 -1.01278
38900 -0.81998
39000 -0.726761
39100 -0.89456
39200 -0.927284
39300 -0.904355
39400 -0.812987
39500 -0.721333
39600 -0.773642
39700 -0.775362
39800 -0.701672
39900 -0.761854
40000 -0.866364
40100 -0.877218
40200 -0.690463
40300 -0.843691
40400 -0.777962
40500 -1.0046
40600 -0.886492
40700 -0.988362
40800 -0.747338
40900 -0.744492
41000 -0.72625
41100 -0.849323
41200 -0.897187
41300 -0.960448
41400 -0.991627
41500 -0.939021
41600 -0.862156
41700 -0.808638
41800 -0.722327
41900 -0.809499
42000 -0.737119
42100 -0.98648
42200 -0.82029
42300 -0.941371
42400 -0.878111
42500 -0.81442
42600 -0.913116
42700 -0.948838
42800 -0.823098
42900 -0.814656
43000 -0.9153
43100 -0.805511
43200 -0.884695
43300 -0.890942
43400 -0.689671
43500 -0.697369
43600 -0.845485
43700 -0.760588
43800 -0.905011
43900 -0.839858
44000 -1.0185
44100 -1.05889
44200 -0.831344
44300 -0.899833
44400 -0.818985
44500 -0.691918
44600 -0.910405
44700 -0.821012
44800 -0.889841
44900 -0.823797
45000 -0.933436
45100 -0.942844
45200 -0.869392
45300 -0.835645
45400 -0.838432
45500 -0.894381
45600 -0.843993
45700 -0.962497
45800 -0.946701
45900 -1.03027
46000 -0.879562
46100 -0.990232
46200 -0.859173
46300 -0.724433
46400 -0.837201
46500 -0.838131
46600 -0.611495
46700 -0.79437
46800 -0.778016
46900 -0.758454
47000 -0.811397
47100 -0.923677
47200 -0.961419
47300 -0.865919
47400 -0.746037
47500 -0.74954
47600 -0.876877
47700 -0.855878
47800 -0.749552
47900 -0.802007
48000 -0.746583
48100 -0.88854
48200 -0.812709
48300 -0.804682
48400 -0.836609
48500 -0.930067
48600 -0.87307
48700 -0.771476
48800 -0.82969
48900 -0.855591
49000 -0.841215
49100 -0.792917
49200 -0.844961
49300 -0.818475
49400 -0.995856
49500 -0.828845
49600 -0.898119
49700 -0.950118
49800 -0.986303
49900 -0.981525
50000 -1.07956
50100 -1.02329
50200 -0.945687
50300 -1.02637
50400 -0.974758
50500 -0.755481
50600 -0.907366
50700 -0.979157
50800 -0.984778
50900 -0.999106
51000 -0.846846
51100 -0.971667
51200 -0.992586
51300 -1.04944
51400 -0.795059
51500 -0.924223
51600 -0.872986
51700 -0.991792
51800 -0.776401
51900 -0.809798
52000 -0.684981
52100 -0.752138
52200 -0.804076
52300 -0.74924
52400 -0.729393
52500 -0.797048
52600 -0.670523
52700 -0.681833
52800 -0.957047
52900 -0.919058
53000 -0.823864
53100 -0.977824
53200 -0.910676
53300 -0.74532
53400 -0.928189
53500 -0.970595
53600 -0.781995
53700 -0.883007
53800 -0.766261
53900 -0.821444
54000 -0.758898
54100 -0.883942
54200 -0.882981
54300 -0.888769
54400 -0.785562
54500 -0.858534
54600 -0.831775
54700 -0.959772
54800 -0.789862
54900 -0.90783
55000 -0.850794
55100 -0.82155
55200 -0.927719
55300 -0.983021
55400 -0.890139
55500 -0.943441
55600 -0.919024
55700 -0.822158
55800 -1.04442
55900 -0.810377
56000 -0.686788
56100 -0.890008
56200 -0.75145
56300 -0.967734
56400 -0.815784
56500 -0.654163
56600 -0.679566
56700 -0.815723
56800 -0.815539
56900 -0.893059
57000 -0.832412
57100 -0.880128
57200 -0.999028
57300 -1.031
57400 -0.72662
57500 -0.952008
57600 -0.877172
57700 -0.865767
57800 -0.958507
57900 -0.818288
58000 -0.852457
58100 -0.930266
58200 -0.913732
58300 -0.734365
58400 -0.929754
58500 -0.789935
58600 -0.890102
58700 -0.852541
58800 -0.7988
58900 -0.827729
59000 -0.783303
59100 -0.758793
59200 -0.870595
59300 -0.844739
59400 -0.672727
59500 -0.824317
59600 -0.858343
59700 -0.836837
59800 -0.747614
59900 -0.932496
60000 -0.882147
60100 -0.920584
60200 -0.996917
60300 -0.785381
60400 -0.756184
60500 -0.773612
60600 -0.813635
60700 -0.826603
60800 -0.661477
60900 -0.726139
61000 -0.717464
61100 -0.782994
61200 -0.743549
61300 -0.824366
61400 -0.80147
61500 -0.908164
61600 -0.847704
61700 -0.756541
61800 -0.854137
61900 -0.72787
62000 -0.918565
62100 -0.809487
62200 -0.841881
62300 -0.866363
62400 -0.894276
62500 -0.854067
62600 -0.89625
62700 -0.897276
62800 -0.936371
62900 -0.86076
63000 -0.802889
63100 -0.836335
63200 -0.877979
63300 -0.747456
63400 -0.937395
63500 -0.759315
63600 -0.848033
63700 -0.903742
63800 -0.909457
63900 -0.785368
64000 -0.883566
64100 -0.799303
64200 -0.928978
64300 -1.00319
64400 -1.05707
64500 -0.937925
64600 -0.956052
64700 -1.05328
64800 -0.968413
64900 -0.874639
65000 -0.92893
65100 -0.803399
65200 -0.890393
65300 -0.96671
65400 -0.815871
65500 -0.953232
65600 -1.01212
65700 -0.811495
65800 -0.799015
65900 -0.747909
66000 -0.854912
66100 -0.92662
66200 -0.905051
66300 -0.842788
66400 -0.903753
66500 -0.951766
66600 -0.841901
66700 -0.856881
66800 -0.947075
66900 -0.906073
67000 -0.852372
67100 -0.969373
67200 -0.859523
67300 -0.936684
67400 -0.977232
67500 -0.897524
67600 -0.975225
67700 -0.860221
67800 -0.872029
67900 -0.759862
68000 -0.807046
68100 -0.790422
68200 -0.6809
68300 -0.713279
68400 -0.853296
68500 -0.924125
68600 -0.918798
68700 -0.935019
68800 -0.93722
68900 -0.836956
69000 -0.853318
69100 -0.80219
69200 -0.739596
69300 -0.909766
69400 -0.86737
69500 -0.868924
69600 -0.920312
69700 -0.778192
69800 -0.750891
69900 -0.917596
70000 -0.990005
70100 -0.744986
70200 -0.813985
70300 -0.799162
70400 -0.71359
70500 -0.878897
70600 -0.813791
70700 -0.876954
70800 -0.609617
70900 -0.844436
71000 -0.830323
71100 -0.862033
71200 -0.783346
71300 -0.799925
71400 -0.731146
71500 -0.958728
71600 -0.790789
71700 -0.749976
71800 -0.65441
71900 -0.693014
72000 -0.806195
72100 -0.81872
72200 -0.823306
72300 -0.814649
72400 -0.864388
72500 -0.85413
72600 -0.830149
72700 -0.790055
72800 -0.743969
72900 -0.859545
73000 -0.874653
73100 -0.965988
73200 -0.950275
73300 -0.990156
73400 -0.881487
73500 -0.879528
73600 -0.968174
73700 -0.975227
73800 -0.912547
73900 -0.755435
74000 -0.851242
74100 -0.803192
74200 -0.794714
74300 -0.864266
74400 -0.799065
74500 -0.948613
74600 -0.731488
74700 -0.825784
74800 -0.851926
74900 -0.912691
75000 -0.896259
75100 -0.811865
75200 -0.883184
75300 -0.736361
75400 -0.806225
75500 -0.874992
75600 -0.751605
75700 -0.753572
75800 -0.826747
75900 -0.906521
76000 -0.879104
76100 -0.851756
76200 -0.790344
76300 -0.898545
76400 -0.836591
76500 -0.804701
76600 -1.04106
76700 -0.845752
76800 -0.697373
76900 -0.781215
77000 -0.857246
77100 -0.915078
77200 -1.06316
77300 -0.85808
77400 -0.818316
77500 -0.8114
77600 -0.838423
77700 -0.782281
77800 -0.801209
77900 -0.960486
78000 -0.930395
78100 -0.790462
78200 -0.815652
78300 -0.73496
78400 -0.685924
78500 -0.844121
78600 -0.907133
78700 -0.879538
78800 -0.889842
78900 -0.820637
79000 -0.762248
79100 -0.973557
79200 -0.99158
79300 -0.874044
79400 -0.985839
79500 -0.934024
79600 -1.03787
79700 -0.823751
79800 -0.936657
79900 -0.972819
80000 -0.778422
80100 -0.883564
80200 -0.778442
80300 -0.758294
80400 -0.852047
80500 -0.900542
80600 -0.781941
80700 -0.710204
80800 -0.727134
80900 -0.832456
81000 -0.84701
81100 -0.738974
81200 -0.79941
81300 -0.820447
81400 -0.872238
81500 -0.91625
81600 -0.882849
81700 -0.877736
81800 -0.943844
81900 -0.977738
82000 -0.831414
82100 -0.964659
82200 -0.97439
82300 -1.02119
82400 -0.92653
82500 -0.825286
82600 -0.803191
82700 -0.973137
82800 -0.844937
82900 -0.891022
83000 -0.950896
83100 -0.908756
83200 -0.924616
83300 -0.851806
83400 -0.893172
83500 -0.835277
83600 -0.814064
83700 -0.849371
83800 -0.863799
83900 -0.9298
84000 -0.862688
84100 -0.808429
84200 -1.04288
84300 -0.790473
84400 -0.833482
84500 -0.947147
84600 -0.782921
84700 -0.839347
84800 -0.745313
84900 -0.752953
85000 -0.717437
85100 -0.919111
85200 -0.771489
85300 -0.869421
85400 -0.822667
85500 -0.774616
85600 -0.890844
85700 -0.785415
85800 -0.816227
85900 -0.840046
86000 -0.843501
86100 -0.982619
86200 -0.972139
86300 -0.721476
86400 -0.872876
86500 -0.802004
86600 -0.718865
86700 -0.872069
86800 -0.850164
86900 -0.756514
87000 -0.779885
87100 -0.770079
87200 -0.885503
87300 -0.973183
87400 -0.831797
87500 -0.776366
87600 -0.762909
87700 -0.819845
87800 -0.70586
87900 -0.75287
88000 -0.891875
88100 -0.88444
88200 -0.840789
88300 -0.795346
88400 -0.779947
88500 -0.845155
88600 -0.971773
88700 -0.723412
88800 -0.789608
88900 -0.804402
89000 -0.789578
89100 -0.730091
89200 -0.688349
89300 -0.68734
89400 -0.885191
89500 -0.910527
89600 -0.705655
89700 -0.676429
89800 -0.743222
89900 -0.849905
90000 -0.854395
90100 -0.886235
90200 -0.84284
90300 -0.892657
90400 -0.795832
90500 -0.859779
90600 -0.856712
90700 -0.884835
90800 -0.836242
90900 -0.886911
91000 -0.954509
91100 -0.894383
91200 -0.906849
91300 -0.824987
91400 -0.805601
91500 -0.794067
91600 -0.941013
91700 -0.836479
91800 -0.863732
91900 -0.870539
92000 -0.941268
92100 -0.862088
92200 -0.809511
92300 -0.76407
92400 -0.75981
92500 -0.682711
92600 -0.834025
92700 -0.754053
92800 -0.739028
92900 -0.876867
93000 -0.935941
93100 -1.00273
93200 -0.968316
93300 -1.07358
93400 -0.83845
93500 -0.911994
93600 -1.02299
93700 -0.850065
93800 -0.825713
93900 -0.825259
94000 -0.816006
94100 -0.807548
94200 -0.712175
94300 -0.805489
94400 -0.757435
94500 -0.825635
94600 -0.654068
94700 -0.886776
94800 -0.90155
94900 -0.778061
95000 -0.714999
95100 -0.897709
95200 -0.970946
95300 -0.791205
95400 -0.726814
95500 -0.770438
95600 -0.821582
95700 -0.760243
95800 -0.74396
95900 -0.773101
96000 -0.829226
96100 -0.684111
96200 -0.771394
96300 -0.914935
96400 -0.876997
96500 -0.861552
96600 -0.76023
96700 -0.936789
96800 -0.819234
96900 -0.798361
97000 -0.822173
97100 -0.796262
97200 -0.841928
97300 -0.822801
97400 -0.834704
97500 -0.936153
97600 -0.824939
97700 -0.922512
97800 -0.899756
97900 -0.776101
98000 -0.967498
98100 -1.01653
98200 -0.975746
98300 -0.902286
98400 -0.943078
98500 -0.932997
98600 -0.9368
98700 -0.744725
98800 -0.794846
98900 -0.821128
99000 -0.775383
99100 -0.810635
99200 -0.784554
99300 -0.813472
99400 -0.724681
99500 -0.8724
99600 -0.839108
99700 -0.944378
99800 -0.867865
99900 -0.86307
