0 -1.02219
100 -0.973441
200 -0.946817
300 -0.940893
400 -1.1001
500 -1.06023
600 -0.899236
700 -1.05039
800 -0.972219
900 -0.946795
1000 -0.918725
1100 -0.966572
1200 -1.01781
1300 -1.06513
1400 -0.987491
1500 -0.954146
1600 -0.982668
1700 -1.05088
1800 -1.05276
1900 -0.96985
2000 -1.09923
2100 -0.993759
2200 -1.09265
2300 -1.01309
2400 -0.955754
2500 -0.938616
2600 -0.858004
2700 -1.00646
2800 -1.05494
2900 -0.952668
3000 -0.964988
3100 -0.952049
3200 -0.885832
3300 -0.950392
3400 -1.07141
3500 -1.1225
3600 -1.15131
3700 -1.08699
3800 -0.930211
3900 -1.02598
4000 -1.00805
4100 -0.97853
4200 -1.05736
4300 -0.918402
4400 -0.940794
4500 -0.901179
4600 -1.0797
4700 -1.01923
4800 -0.957072
4900 -1.02232
5000 -0.900517
5100 -0.878385
5200 -1.02587
5300 -1.19616
5400 -0.872117
5500 -1.09795
5600 -0.909134
5700 -0.980554
5800 -0.864003
5900 -0.930532
6000 -0.899774
6100 -1.04846
6200 -0.983156
6300 -0.947429
6400 -1.10335
6500 -0.930768
6600 -1.05898
6700 -0.835162
6800 -0.950718
6900 -0.857118
7000 -0.846123
7100 -1.02185
7200 -1.02282
7300 -0.911421
7400 -0.975409
7500 -1.07076
7600 -0.868067
7700 -0.919553
7800 -0.985188
7900 -0.906997
8000 -0.899578
8100 -0.940365
8200 -1.0539
8300 -0.979591
8400 -0.885028
8500 -1.0151
8600 -0.974055
8700 -1.08808
8800 -0.919122
8900 -1.01048
9000 -0.902655
9100 -0.877167
9200 -0.849155
9300 -0.946655
9400 -1.05047
9500 -0.986746
9600 -0.928974
9700 -0.897869
9800 -0.912024
9900 -0.888696
10000 -1.16912
10100 -1.12571
10200 -1.0977
10300 -0.99261
10400 -1.00642
10500 -1.0228
10600 -1.06213
10700 -1.08617
10800 -1.04987
10900 -1.08594
11000 -1.0316
11100 -1.09498
11200 -1.15581
11300 -1.1287
11400 -1.08946
11500 -1.01583
11600 -0.934733
11700 -1.0104
11800 -0.996216
11900 -0.945467
12000 -0.891927
12100 -0.861964
12200 -1.03624
12300 -1.06191
12400 -0.9831
12500 -0.972238
12600 -0.919295
12700 -1.10309
12800 -0.879312
12900 -0.95571
13000 -1.07491
13100 -0.984479
13200 -0.909751
13300 -0.827269
13400 -0.847649
13500 -0.975682
13600 -0.96301
13700 -1.03518
13800 -0.976053
13900 -1.02121
14000 -1.00839
14100 -0.982073
14200 -0.938706
14300 -0.792011
14400 -0.980944
14500 -1.05229
14600 -1.0267
14700 -1.1786
14800 -0.828
14900 -1.01385
15000 -0.97557
15100 -0.923981
15200 -0.978837
15300 -0.976418
15400 -1.07228
15500 -1.15449
15600 -1.09784
15700 -1.0743
15800 -0.929328
15900 -1.09021
16000 -1.00742
16100 -0.937088
16200 -0.921509
16300 -1.16784
16400 -0.92824
16500 -1.16992
16600 -0.916054
16700 -0.965882
16800 -1.02994
16900 -0.920259
17000 -0.945241
17100 -0.924856
17200 -0.96889
17300 -1.01693
17400 -0.854989
17500 -1.03929
17600 -1.07986
17700 -1.01469
17800 -1.04913
17900 -0.90628
18000 -0.866949
18100 -1.04509
18200 -0.952948
18300 -1.05632
18400 -1.10266
18500 -0.964232
18600 -0.978178
18700 -0.836654
18800 -0.808357
18900 -0.874031
19000 -0.909036
19100 -1.02096
19200 -1.06441
19300 -0.92187
19400 -0.883401
19500 -0.857411
19600 -0.848907
19700 -0.757016
19800 -0.905183
19900 -0.976002
20000 -0.986296
20100 -0.903073
20200 -0.925451
20300 -0.854452
20400 -0.986257
20500 -1.12839
20600 -1.09064
20700 -0.925486
20800 -1.12985
20900 -0.994279
21000 -1.00169
21100 -1.11823
21200 -0.955255
21300 -0.914357
21400 -0.883897
21500 -1.01371
21600 -0.929552
21700 -0.964737
21800 -1.03604
21900 -1.01226
22000 -1.05363
22100 -0.886515
22200 -1.05609
22300 -1.06341
22400 -1.00215
22500 -0.99759
22600 -0.870951
22700 -1.10699
22800 -1.04488
22900 -1.03194
23000 -0.902407
23100 -1.05738
23200 -1.00941
23300 -1.0683
23400 -1.07368
23500 -0.907125
23600 -1.07525
23700 -1.07833
23800 -0.958024
23900 -0.882711
24000 -1.07871
24100 -0.983285
24200 -0.994461
24300 -0.856731
24400 -0.981039
24500 -1.06148
24600 -0.891193
24700 -1.0374
24800 -1.08591
24900 -1.06407
25000 -1.00434
25100 -1.11881
25200 -1.05342
25300 -0.963306
25400 -1.14146
25500 -0.951313
25600 -0.877244
25700 -1.06955
25800 -1.00363
25900 -1.07814
26000 -1.0159
26100 -0.950646
26200 -0.945958
26300 -0.971517
26400 -0.921826
26500 -0.981043
26600 -0.940412
26700 -0.937384
26800 -0.952933
26900 -0.991688
27000 -0.973242
27100 -0.946741
27200 -1.06645
27300 -1.05915
27400 -0.933606
27500 -1.06692
27600 -0.987816
27700 -0.955607
27800 -0.904508
27900 -1.02982
28000 -1.03461
28100 -0.918424
28200 -0.964779
28300 -0.910787
28400 -1.01076
28500 -0.921768
28600 -0.913902
28700 -0.94168
28800 -0.857473
28900 -0.917865
29000 -0.942166
29100 -0.91403
29200 -0.922262
29300 -0.853951
29400 -0.905796
29500 -0.888849
29600 -1.01287
29700 -0.956368
29800 -0.986164
29900 -0.914065
30000 -1.06553
30100 -0.844615
30200 -1.13855
30300 -1.04187
30400 -0.944945
30500 -0.946295
30600 -1.06745
30700 -0.905595
30800 -0.954744
30900 -0.942425
31000 -0.98545
31100 -0.943609
31200 -0.974044
31300 -0.974401
31400 -0.967893
31500 -1.09858
31600 -0.853191
31700 -0.967802
31800 -0.910816
31900 -0.908066
32000 -1.0135
32100 -1.08971
32200 -0.950888
32300 -0.952823
32400 -0.915627
32500 -1.12237
32600 -1.09726
32700 -1.14658
32800 -1.01085
32900 -1.08854
33000 -1.0353
33100 -1.01736
33200 -0.959747
33300 -1.01041
33400 -0.851492
33500 -1.0397
33600 -1.04062
33700 -1.03346
33800 -0.972605
33900 -1.03513
34000 -0.902609
34100 -0.868131
34200 -0.869478
34300 -1.0154
34400 -1.03594
34500 -1.0551
34600 -1.08956
34700 -0.990038
34800 -1.17205
34900 -1.08171
35000 -0.972376
35100 -0.940064
35200 -0.861122
35300 -0.939942
35400 -0.964205
35500 -0.940303
35600 -0.981117
35700 -0.934747
35800 -0.898101
35900 -0.976907
36000 -0.859972
36100 -0.890279
36200 -0.947976
36300 -1.05041
36400 -0.965907
36500 -1.01122
36600 -0.834781
36700 -0.942165
36800 -0.90699
36900 -1.01923
37000 -1.00026
37100 -1.06989
37200 -0.968684
37300 -0.884339
37400 -0.890355
37500 -0.952561
37600 -1.02748
37700 -0.798423
37800 -0.839281
37900 -0.923413
38000 -0.960601
38100 -0.985116
38200 -0.800713
38300 -0.879077
38400 -0.917429
38500 -0.968132
38600 -0.882808
38700 -1.04003
38800 -0.798449
38900 -0.979158
39000 -0.959737
39100 -0.793664
39200 -0.979049
39300 -0.945098
39400 -1.15071
39500 -1.01656
39600 -0.954691
39700 -1.03155
39800 -0.989312
39900 -0.91489
40000 -1.05293
40100 -1.06811
40200 -0.925024
40300 -0.938814
40400 -1.02043
40500 -0.862229
40600 -0.9732
40700 -0.995238
40800 -0.77518
40900 -1.04003
41000 -0.843183
41100 -0.844534
41200 -0.991225
41300 -0.863399
41400 -0.965614
41500 -1.03931
41600 -0.906784
41700 -0.825716
41800 -0.914709
41900 -1.01995
42000 -0.844572
42100 -0.930709
42200 -1.14688
42300 -1.07151
42400 -1.0128
42500 -0.910964
42600 -0.793825
42700 -0.88077
42800 -0.976736
42900 -0.949384
43000 -0.970149
43100 -0.936477
43200 -0.89906
43300 -1.00617
43400 -0.896769
43500 -0.810337
43600 -0.909394
43700 -1.05654
43800 -1.01027
43900 -0.99774
44000 -1.01402
44100 -0.918605
44200 -1.01134
44300 -0.984539
44400 -1.10186
44500 -1.06965
44600 -0.982557
44700 -1.00146
44800 -1.09198
44900 -0.977131
45000 -1.15779
45100 -1.10464
45200 -1.00265
45300 -1.01492
45400 -1.03707
45500 -1.24129
45600 -0.978932
45700 -0.936118
45800 -0.910395
45900 -1.01197
46000 -0.987207
46100 -1.0176
46200 -0.972171
46300 -1.01115
46400 -0.91213
46500 -0.879868
46600 -0.974996
46700 -0.92542
46800 -0.905864
46900 -0.981973
47000 -1.05194
47100 -0.855649
47200 -0.943712
47300 -0.978273
47400 -1.06718
47500 -1.21919
47600 -1.08445
47700 -1.16404
47800 -1.06741
47900 -1.0796
48000 -0.991578
48100 -1.00775
48200 -1.05237
48300 -1.03478
48400 -1.17959
48500 -1.15539
48600 -0.895969
48700 -1.00023
48800 -1.16372
48900 -0.929721
49000 -1.05891
49100 -0.921117
49200 -1.08064
49300 -0.951039
49400 -1.03698
49500 -1.03192
49600 -1.04803
49700 -0.88907
49800 -0.877205
49900 -0.906481
50000 -1.00882
50100 -0.972323
50200 -0.935452
50300 -0.881524
50400 -0.877964
50500 -1.04547
50600 -0.943003
50700 -1.0877
50800 -0.999625
50900 -0.965719
51000 -0.894986
51100 -1.02717
51200 -1.05092
51300 -0.973108
51400 -0.977561
51500 -0.953801
51600 -0.959426
51700 -0.90727
51800 -1.00662
51900 -0.930233
52000 -0.901468
52100 -1.0902
52200 -0.998877
52300 -0.86481
52400 -1.01552
52500 -1.0931
52600 -0.890698
52700 -0.965271
52800 -1.00258
52900 -0.891564
53000 -0.947428
53100 -0.97164
53200 -0.834054
53300 -0.955599
53400 -1.02476
53500 -0.960083
53600 -0.92308
53700 -0.976237
53800 -0.910152
53900 -0.908924
54000 -1.10738
54100 -0.954657
54200 -1.00608
54300 -0.955351
54400 -1.04052
54500 -0.985813
54600 -0.855878
54700 -0.917199
54800 -0.967729
54900 -0.879883
55000 -0.953685
55100 -0.914581
55200 -0.860718
55300 -0.934098
55400 -0.808574
55500 -1.00087
55600 -0.958904
55700 -0.960192
55800 -1.03875
55900 -0.898224
56000 -0.906753
56100 -0.976502
56200 -0.992338
56300 -1.02668
56400 -0.929136
56500 -0.837328
56600 -0.93415
56700 -0.898463
56800 -1.01161
56900 -0.98841
57000 -0.995583
57100 -0.89155
57200 -1.05946
57300 -0.993493
57400 -0.898734
57500 -0.858552
57600 -0.97767
57700 -0.804785
57800 -0.87647
57900 -0.888091
58000 -0.943519
58100 -0.991933
58200 -1.06692
58300 -1.07753
58400 -1.03388
58500 -1.08106
58600 -1.01167
58700 -1.01142
58800 -0.927184
58900 -0.935973
59000 -0.95494
59100 -1.03899
59200 -1.04171
59300 -0.928021
59400 -1.00387
59500 -0.955158
59600 -0.990658
59700 -0.926451
59800 -0.895908
59900 -0.926146
60000 -0.928942
60100 -0.924948
60200 -0.900076
60300 -1.03966
60400 -0.965323
60500 -0.967404
60600 -1.06009
60700 -0.703126
60800 -1.0186
60900 -1.09332
61000 -0.917557
61100 -0.951047
61200 -0.90482
61300 -1.04657
61400 -0.83104
61500 -1.0133
61600 -0.903649
61700 -0.962329
61800 -1.09982
61900 -1.06316
62000 -1.09668
62100 -1.00445
62200 -1.15265
62300 -1.0535
62400 -1.06365
62500 -0.938498
62600 -0.959124
62700 -0.913709
62800 -1.07848
62900 -1.0824
63000 -0.988606
63100 -0.965566
63200 -1.01084
63300 -1.11201
63400 -1.11395
63500 -1.03394
63600 -1.00042
63700 -0.942225
63800 -0.916779
63900 -0.926842
64000 -1.02074
64100 -0.913528
64200 -0.857195
64300 -1.03007
64400 -0.899223
64500 -0.958906
64600 -1.01089
64700 -0.909708
64800 -0.952163
64900 -0.946539
65000 -1.00325
65100 -0.932252
65200 -1.05129
65300 -0.965903
65400 -1.08701
65500 -1.20824
65600 -1.10531
65700 -0.936708
65800 -1.031
65900 -1.02298
66000 -1.09281
66100 -0.95555
66200 -1.07797
66300 -1.27895
66400 -1.03241
66500 -0.983322
66600 -1.00988
66700 -1.07537
66800 -0.943314
66900 -0.860604
67000 -0.88288
67100 -0.89004
67200 -0.99905
67300 -0.895991
67400 -1.13104
67500 -1.08903
67600 -1.02836
67700 -0.89172
67800 -0.950036
67900 -0.988824
68000 -0.959635
68100 -0.928928
68200 -1.15626
68300 -1.06535
68400 -1.06316
68500 -0.998597
68600 -0.973001
68700 -1.15365
68800 -1.02672
68900 -0.892955
69000 -0.901706
69100 -1.11451
69200 -0.945505
69300 -0.932514
69400 -0.924736
69500 -0.828563
69600 -0.904623
69700 -0.971945
69800 -0.858141
69900 -0.980441
70000 -0.896231
70100 -0.929115
70200 -0.959734
70300 -0.807892
70400 -0.988544
70500 -0.874665
70600 -0.950473
70700 -0.876174
70800 -1.03797
70900 -1.08374
71000 -1.01092
71100 -1.243
71200 -1.03265
71300 -0.98655
71400 -0.970181
71500 -0.978364
71600 -1.03191
71700 -1.12674
71800 -1.09839
71900 -1.04376
72000 -1.01463
72100 -0.948205
72200 -0.899032
72300 -1.07334
72400 -0.90588
72500 -0.901944
72600 -0.975223
72700 -0.872373
72800 -0.919226
72900 -0.940982
73000 -1.0198
73100 -0.974562
73200 -0.919975
73300 -0.804855
73400 -0.924867
73500 -0.917049
73600 -0.861944
73700 -0.899126
73800 -1.06238
73900 -1.12046
74000 -1.01299
74100 -0.850874
74200 -1.05803
74300 -0.966361
74400 -1.00695
74500 -0.924219
74600 -0.94713
74700 -1.06246
74800 -0.907755
74900 -1.08628
75000 -0.958176
75100 -0.933404
75200 -0.900884
75300 -1.0489
75400 -0.94694
75500 -0.825441
75600 -0.790121
75700 -0.971793
75800 -0.887485
75900 -0.884975
76000 -1.02206
76100 -0.977348
76200 -1.045
76300 -0.980405
76400 -0.989718
76500 -0.931939
76600 -0.873187
76700 -0.764541
76800 -0.962139
76900 -0.985005
77000 -0.930312
77100 -0.95762
77200 -0.835574
77300 -0.900008
77400 -0.912542
77500 -0.939476
77600 -1.077
77700 -0.996605
77800 -1.00907
77900 -1.00775
78000 -0.971275
78100 -0.998106
78200 -0.935491
78300 -0.98488
78400 -0.998787
78500 -1.03864
78600 -0.889868
78700 -0.87691
78800 -0.960694
78900 -0.949496
79000 -0.926779
79100 -1.14355
79200 -0.912362
79300 -1.10911
79400 -1.044
79500 -0.882304
79600 -0.861132
79700 -0.830281
79800 -0.904077
79900 -0.908761
80000 -0.911341
80100 -0.839082
80200 -0.946759
80300 -0.908552
80400 -1.05559
80500 -1.10073
80600 -0.878917
80700 -0.91982
80800 -0.95202
80900 -1.03607
81000 -0.972149
81100 -0.861404
81200 -0.975783
81300 -0.902586
81400 -0.991052
81500 -1.08793
81600 -0.991884
81700 -0.948906
81800 -1.01569
81900 -0.983395
82000 -0.868751
82100 -1.10636
82200 -0.879424
82300 -0.920308
82400 -0.908976
82500 -1.07945
82600 -1.1473
82700 -1.07937
82800 -1.08345
82900 -1.22779
83000 -1.03242
83100 -1.0427
83200 -0.978765
83300 -1.05423
83400 -1.03812
83500 -0.97976
83600 -0.999281
83700 -1.02299
83800 -1.09838
83900 -0.983345
84000 -0.928967
84100 -1.04696
84200 -1.08248
84300 -1.02169
84400 -1.04582
84500 -1.00452
84600 -0.964476
84700 -0.916756
84800 -0.971719
84900 -0.899171
85000 -0.808539
85100 -0.971262
85200 -0.904356
85300 -0.957666
85400 -1.12051
85500 -1.01589
85600 -1.05428
85700 -0.966796
85800 -0.833464
85900 -0.972109
86000 -0.994686
86100 -0.874201
86200 -0.934892
86300 -1.01997
86400 -1.04333
86500 -1.08211
86600 -1.02431
86700 -1.08295
86800 -0.952116
86900 -0.934886
87000 -0.915119
87100 -0.964953
87200 -0.817369
87300 -1.00049
87400 -0.941676
87500 -1.08491
87600 -0.950446
87700 -1.02397
87800 -1.07382
87900 -1.00621
88000 -0.986946
88100 -0.83667
88200 -0.941249
88300 -1.0142
88400 -1.00099
88500 -0.979306
88600 -0.928147
88700 -0.939591
88800 -0.997798
88900 -0.962459
89000 -1.04662
89100 -1.07236
89200 -1.15139
89300 -1.0925
89400 -1.12464
89500 -1.0545
89600 -1.03089
89700 -1.02911
89800 -1.11009
89900 -1.07285
90000 -1.03877
90100 -1.04486
90200 -0.931162
90300 -0.889693
90400 -1.05827
90500 -1.02938
90600 -0.907646
90700 -0.874089
90800 -1.00567
90900 -0.848702
91000 -1.02672
91100 -1.01923
91200 -0.97884
91300 -0.932773
91400 -1.01201
91500 -0.893199
91600 -1.01593
91700 -0.942823
91800 -1.00287
91900 -1.07086
92000 -1.09817
92100 -1.00609
92200 -1.02846
92300 -0.954904
92400 -0.873099
92500 -0.855007
92600 -1.01668
92700 -0.996708
92800 -0.949919
92900 -1.11623
93000 -1.00183
93100 -1.06128
93200 -1.02986
93300 -0.957794
93400 -0.983633
93500 -0.879944
93600 -0.96414
93700 -0.993039
93800 -1.06285
93900 -1.02486
94000 -1.01428
94100 -1.11511
94200 -0.994312
94300 -1.01228
94400 -1.01829
94500 -0.856466
94600 -1.13256
94700 -1.07192
94800 -1.13269
94900 -1.03208
95000 -1.04914
95100 -1.04481
95200 -1.05255
95300 -1.03463
95400 -1.01428
95500 -0.972481
95600 -1.01172
95700 -0.994779
95800 -1.02305
95900 -1.15676
96000 -1.05864
96100 -1.03428
96200 -0.84375
96300 -0.944158
96400 -0.916835
96500 -0.991359
96600 -0.983187
96700 -0.883532
96800 -0.915972
96900 -1.00382
97000 -0.788763
97100 -0.858633
97200 -0.990444
97300 -0.907491
97400 -0.907123
97500 -1.0588
97600 -1.0451
97700 -0.93869
97800 -0.967572
97900 -1.00362
98000 -0.960857
98100 -1.14793
98200 -1.17559
98300 -1.12637
98400 -1.0034
98500 -0.987004
98600 -0.890841
98700 -0.964101
98800 -1.02628
98900 -0.976352
99000 -0.881009
99100 -1.04082
99200 -0.885119
99300 -0.898459
99400 -1.08835
99500 -0.877983
99600 -0.990113
99700 -0.990292
99800 -0.944218
99900 -0.997448
