0 -1.00571
100 -1.03773
200 -1.04081
300 -1.08558
400 -1.04446
500 -1.08709
600 -1.06003
700 -0.967034
800 -1.07429
900 -1.07985
1000 -1.10582
1100 -0.93059
1200 -0.942544
1300 -0.988325
1400 -1.12843
1500 -1.11184
1600 -1.11998
1700 -1.04675
1800 -1.04671
1900 -1.06551
2000 -1.1176
2100 -0.940865
2200 -1.02954
2300 -1.09206
2400 -1.04886
2500 -1.05885
2600 -1.19339
2700 -1.04332
2800 -1.06756
2900 -1.10495
3000 -1.0716
3100 -1.02345
3200 -1.00587
3300 -1.08882
3400 -1.15074
3500 -1.00352
3600 -0.980634
3700 -1.01682
3800 -1.00119
3900 -1.04262
4000 -1.08096
4100 -1.1732
4200 -1.09101
4300 -0.940398
4400 -1.14493
4500 -1.03699
4600 -1.07585
4700 -1.1492
4800 -1.12993
4900 -1.08569
5000 -1.03284
5100 -0.982411
5200 -1.08064
5300 -1.09675
5400 -1.02927
5500 -1.08409
5600 -0.933144
5700 -1.04965
5800 -0.918498
5900 -1.08111
6000 -0.983691
6100 -1.10869
6200 -1.04851
6300 -0.960855
6400 -0.979632
6500 -1.03469
6600 -1.00488
6700 -1.05488
6800 -1.047
6900 -1.12342
7000 -1.2277
7100 -0.9265
7200 -0.986882
7300 -1.04988
7400 -0.984625
7500 -0.942183
7600 -1.06052
7700 -1.14453
7800 -1.13461
7900 -0.896524
8000 -1.10874
8100 -0.985857
8200 -1.06241
8300 -1.09144
8400 -0.973506
8500 -1.19046
8600 -1.02474
8700 -1.08297
8800 -1.0144
8900 -0.99508
9000 -1.02789
9100 -1.04704
9200 -1.11591
9300 -1.0988
9400 -1.18844
9500 -1.09177
9600 -1.18328
9700 -1.30401
9800 -1.08645
9900 -1.0038
10000 -1.03549
10100 -0.983394
10200 -1.00469
10300 -0.901786
10400 -1.07392
10500 -1.05497
10600 -1.06825
10700 -0.988875
10800 -1.03028
10900 -1.04448
11000 -1.05684
11100 -1.15545
11200 -1.00329
11300 -1.0647
11400 -1.13074
11500 -1.09247
11600 -0.959412
11700 -1.11269
11800 -1.09455
11900 -0.978049
12000 -1.03873
12100 -1.18647
12200 -1.08155
12300 -1.18854
12400 -1.10436
12500 -1.01669
12600 -1.1291
12700 -1.09529
12800 -1.02697
12900 -0.993689
13000 -1.06616
13100 -1.08518
13200 -1.02532
13300 -1.03925
13400 -0.931504
13500 -1.02215
13600 -1.09419
13700 -1.13258
13800 -1.16968
13900 -1.101
14000 -1.089
14100 -1.09659
14200 -1.07439
14300 -1.11262
14400 -1.07324
14500 -1.04615
14600 -1.11951
14700 -1.0467
14800 -0.973364
14900 -1.02727
15000 -0.897961
15100 -1.08072
15200 -1.13101
15300 -1.00491
15400 -1.1324
15500 -1.04114
15600 -1.10284
15700 -1.04449
15800 -1.01574
15900 -0.951199
16000 -1.10402
16100 -1.01562
16200 -1.04065
16300 -1.01604
16400 -1.0199
16500 -1.06705
16600 -0.948597
16700 -1.02348
16800 -1.1008
16900 -0.993541
17000 -1.09022
17100 -1.17888
17200 -0.913069
17300 -1.16426
17400 -0.909161
17500 -1.03601
17600 -1.10705
17700 -1.08943
17800 -1.19594
17900 -1.0012
18000 -1.03619
18100 -0.909882
18200 -1.10659
18300 -1.02971
18400 -1.05017
18500 -1.00928
18600 -1.10903
18700 -1.06064
18800 -1.06537
18900 -0.990076
19000 -1.06449
19100 -0.984555
19200 -1.04988
19300 -1.0575
19400 -1.06984
19500 -1.20371
19600 -1.08704
19700 -1.06796
19800 -0.926869
19900 -1.06033
20000 -1.07168
20100 -1.09998
20200 -1.07383
20300 -1.10965
20400 -1.03267
20500 -1.05905
20600 -0.990666
20700 -1.10456
20800 -1.08214
20900 -1.12441
21000 -1.02245
21100 -1.08714
21200 -1.13519
21300 -1.19275
21400 -1.02887
21500 -1.15852
21600 -1.21959
21700 -1.08669
21800 -1.16283
21900 -1.06952
22000 -1.02029
22100 -0.996561
22200 -1.0964
22300 -0.971136
22400 -1.06877
22500 -0.977283
22600 -1.11647
22700 -1.12626
22800 -1.0069
22900 -1.08288
23000 -1.19742
23100 -1.09873
23200 -1.04877
23300 -1.06616
23400 -1.21019
23500 -1.07765
23600 -1.06277
23700 -1.11221
23800 -0.953135
23900 -0.92918
24000 -0.953185
24100 -1.04265
24200 -1.06612
24300 -1.01397
24400 -1.07241
24500 -0.935091
24600 -1.06578
24700 -1.00847
24800 -1.00642
24900 -1.17577
25000 -0.881468
25100 -1.15525
25200 -1.08693
25300 -1.1417
25400 -1.24713
25500 -0.946954
25600 -0.938156
25700 -1.00775
25800 -1.06222
25900 -1.04799
26000 -0.979939
26100 -1.00791
26200 -1.06644
26300 -1.14412
26400 -1.0993
26500 -1.1629
26600 -0.986508
26700 -1.05397
26800 -0.995216
26900 -1.11794
27000 -1.08456
27100 -1.08855
27200 -1.1514
27300 -1.17036
27400 -1.0499
27500 -1.08943
27600 -1.11884
27700 -1.0826
27800 -1.05268
27900 -1.07034
28000 -1.13323
28100 -1.10749
28200 -1.0425
28300 -1.01697
28400 -1.00262
28500 -1.12113
28600 -1.08398
28700 -0.982484
28800 -1.1011
28900 -0.962634
29000 -1.03951
29100 -1.03387
29200 -1.04141
29300 -0.99502
29400 -1.09407
29500 -1.1563
29600 -1.06372
29700 -1.02948
29800 -0.97924
29900 -0.946711
30000 -1.03349
30100 -1.09149
30200 -0.978554
30300 -1.07565
30400 -1.12574
30500 -1.14476
30600 -1.20884
30700 -0.988581
30800 -1.13396
30900 -0.987426
31000 -1.12008
31100 -1.01939
31200 -0.983406
31300 -0.988689
31400 -1.03922
31500 -0.939003
31600 -0.821256
31700 -1.07302
31800 -1.08276
31900 -0.99203
32000 -1.08595
32100 -1.04367
32200 -1.07181
32300 -1.03996
32400 -1.09803
32500 -1.08978
32600 -1.00079
32700 -0.963097
32800 -1.06344
32900 -0.993841
33000 -1.11788
33100 -1.1344
33200 -1.00785
33300 -0.996745
33400 -0.998786
33500 -0.993863
33600 -1.0012
33700 -1.03993
33800 -1.18108
33900 -1.10888
34000 -1.00247
34100 -0.968303
34200 -0.968777
34300 -0.825798
34400 -1.02641
34500 -1.09294
34600 -1.02937
34700 -1.04159
34800 -1.03706
34900 -1.0946
35000 -1.03965
35100 -1.12865
35200 -1.07883
35300 -1.04318
35400 -0.940345
35500 -1.05369
35600 -1.02596
35700 -1.06579
35800 -1.01712
35900 -1.06526
36000 -1.02031
36100 -1.07494
36200 -1.07715
36300 -1.02444
36400 -1.014
36500 -1.11603
36600 -1.15778
36700 -1.1179
36800 -1.00329
36900 -1.02905
37000 -1.06822
37100 -1.04774
37200 -1.07365
37300 -1.08056
37400 -1.04616
37500 -1.10166
37600 -1.04935
37700 -1.11007
37800 -1.00445
37900 -1.08908
38000 -1.16205
38100 -0.857739
38200 -0.976044
38300 -1.06244
38400 -1.22712
38500 -1.01022
38600 -1.06003
38700 -1.09809
38800 -1.07715
38900 -1.00869
39000 -1.06782
39100 -1.14255
39200 -1.10202
39300 -1.0155
39400 -1.05283
39500 -1.0595
39600 -1.12555
39700 -0.977104
39800 -1.01705
39900 -1.00467
40000 -1.15942
40100 -1.05565
40200 -0.999786
40300 -1.10179
40400 -1.0442
40500 -1.08641
40600 -1.07547
40700 -0.895874
40800 -1.07631
40900 -1.04376
41000 -1.15459
41100 -1.18725
41200 -0.945432
41300 -1.04285
41400 -1.19485
41500 -0.940029
41600 -0.995881
41700 -1.02735
41800 -1.11121
41900 -1.02784
42000 -0.955444
42100 -1.08588
42200 -1.00533
42300 -1.10571
42400 -1.12289
42500 -1.05347
42600 -1.08242
42700 -1.11448
42800 -1.23824
42900 -1.08391
43000 -1.03481
43100 -1.08106
43200 -1.10396
43300 -1.15997
43400 -1.04092
43500 -1.07267
43600 -1.05804
43700 -1.14456
43800 -1.09871
43900 -1.12887
44000 -1.06466
44100 -1.06521
44200 -1.13022
44300 -1.02803
44400 -1.13307
44500 -1.05734
44600 -1.1456
44700 -1.01544
44800 -0.940796
44900 -1.11507
45000 -1.1597
45100 -1.04526
45200 -0.923891
45300 -1.08939
45400 -0.984739
45500 -1.02818
45600 -1.18841
45700 -1.11212
45800 -1.06526
45900 -0.900749
46000 -1.14895
46100 -1.09357
46200 -1.05543
46300 -0.927011
46400 -1.05632
46500 -1.0519
46600 -1.14596
46700 -1.10079
46800 -1.01672
46900 -1.1352
47000 -0.956969
47100 -0.92065
47200 -1.09133
47300 -1.03997
47400 -1.15018
47500 -1.09986
47600 -1.16219
47700 -0.959369
47800 -0.987686
47900 -1.14281
48000 -1.04491
48100 -1.08538
48200 -1.09445
48300 -1.10931
48400 -1.04565
48500 -1.12225
48600 -0.958891
48700 -0.99846
48800 -1.05867
48900 -0.960553
49000 -1.06263
49100 -1.08289
49200 -1.04092
49300 -1.09854
49400 -0.948805
49500 -0.9964
49600 -1.09885
49700 -1.16824
49800 -1.06851
49900 -1.05344
50000 -1.22027
50100 -1.151
50200 -1.05559
50300 -0.916224
50400 -1.10302
50500 -1.10038
50600 -0.959885
50700 -1.09745
50800 -1.00022
50900 -0.950921
51000 -1.13927
51100 -0.914192
51200 -1.08194
51300 -1.07931
51400 -1.08503
51500 -1.12276
51600 -1.06104
51700 -0.919637
51800 -0.969084
51900 -1.14906
52000 -0.944683
52100 -0.995126
52200 -1.09847
52300 -0.989461
52400 -1.13874
52500 -1.19854
52600 -1.05558
52700 -1.00091
52800 -1.13203
52900 -1.10937
53000 -1.03141
53100 -1.07446
53200 -0.982933
53300 -1.18638
53400 -1.07419
53500 -1.04752
53600 -1.01227
53700 -0.974754
53800 -1.10828
53900 -1.0356
54000 -1.18147
54100 -1.08461
54200 -1.07905
54300 -1.16139
54400 -1.23411
54500 -1.12093
54600 -1.20232
54700 -1.06726
54800 -1.12596
54900 -0.919054
55000 -1.09391
55100 -1.07074
55200 -0.965093
55300 -1.02803
55400 -1.04566
55500 -1.10109
55600 -1.1251
55700 -0.97371
55800 -1.00234
55900 -1.03938
56000 -1.04355
56100 -0.928121
56200 -1.02272
56300 -1.1082
56400 -0.981592
56500 -1.08822
56600 -1.02664
56700 -1.00224
56800 -1.11339
56900 -0.943975
57000 -1.1443
57100 -0.998895
57200 -1.05935
57300 -1.10976
57400 -1.04021
57500 -1.10369
57600 -1.17231
57700 -0.937228
57800 -0.941016
57900 -1.04077
58000 -1.09423
58100 -1.05688
58200 -1.01636
58300 -1.15124
58400 -1.07736
58500 -1.02113
58600 -1.13406
58700 -1.1642
58800 -1.29379
58900 -1.09329
59000 -1.05951
59100 -0.985048
59200 -1.05752
59300 -0.945662
59400 -1.0607
59500 -1.04493
59600 -1.02229
59700 -1.03416
59800 -0.994015
59900 -1.1282
60000 -1.04061
60100 -1.02406
60200 -1.0956
60300 -1.0761
60400 -1.07507
60500 -0.966648
60600 -1.05723
60700 -1.12203
60800 -1.06193
60900 -1.00735
61000 -1.10114
61100 -1.22324
61200 -1.07481
61300 -1.00851
61400 -1.12132
61500 -1.05277
61600 -1.08259
61700 -1.13044
61800 -1.0364
61900 -0.973044
62000 -1.13867
62100 -1.18364
62200 -1.15786
62300 -1.13586
62400 -1.03112
62500 -1.06998
62600 -1.05476
62700 -1.06965
62800 -1.14
62900 -0.976134
63000 -1.17613
63100 -0.986677
63200 -0.894107
63300 -1.00819
63400 -0.983627
63500 -0.995841
63600 -1.06416
63700 -1.05047
63800 -1.02181
63900 -1.00778
64000 -0.949485
64100 -1.06606
64200 -1.12101
64300 -1.0548
64400 -1.09715
64500 -1.05968
64600 -0.990274
64700 -1.0605
64800 -0.989651
64900 -1.06676
65000 -1.07849
65100 -1.05679
65200 -1.14443
65300 -1.09058
65400 -1.13142
65500 -1.06537
65600 -1.15005
65700 -1.11632
65800 -1.06169
65900 -1.03885
66000 -1.11729
66100 -1.08149
66200 -1.01378
66300 -0.953609
66400 -1.04145
66500 -1.02905
66600 -1.00416
66700 -1.0593
66800 -1.07732
66900 -1.08465
67000 -0.998224
67100 -1.02987
67200 -0.991756
67300 -0.956865
67400 -0.986272
67500 -0.950797
67600 -1.0253
67700 -1.03753
67800 -1.11215
67900 -1.07253
68000 -1.02053
68100 -1.07914
68200 -1.0623
68300 -1.061
68400 -1.12226
68500 -0.992716
68600 -1.01502
68700 -0.97593
68800 -1.05542
68900 -1.15435
69000 -1.13478
69100 -1.0296
69200 -1.06315
69300 -1.14055
69400 -1.02184
69500 -1.09271
69600 -1.18722
69700 -1.08591
69800 -1.16426
69900 -1.00158
70000 -0.953601
70100 -1.15878
70200 -1.13425
70300 -1.11599
70400 -1.10631
70500 -0.985715
70600 -0.968853
70700 -0.898853
70800 -1.06273
70900 -1.00995
71000 -1.00487
71100 -1.14066
71200 -1.1548
71300 -1.09743
71400 -1.04594
71500 -1.08309
71600 -1.04607
71700 -1.071
71800 -1.06501
71900 -1.07779
72000 -1.03663
72100 -1.01575
72200 -1.03375
72300 -0.957968
72400 -1.03536
72500 -0.940143
72600 -0.858713
72700 -1.08995
72800 -0.912031
72900 -1.09575
73000 -1.02063
73100 -1.09024
73200 -1.2016
73300 -1.04785
73400 -1.07379
73500 -0.923072
73600 -1.01002
73700 -1.06973
73800 -1.10719
73900 -1.05368
74000 -0.965297
74100 -1.01272
74200 -1.08908
74300 -1.06548
74400 -1.05349
74500 -0.984175
74600 -1.13507
74700 -1.03994
74800 -1.03083
74900 -0.993198
75000 -0.990177
75100 -1.02356
75200 -1.0871
75300 -1.10378
75400 -1.21897
75500 -0.997763
75600 -1.07472
75700 -0.910798
75800 -1.00806
75900 -0.92239
76000 -1.01648
76100 -1.00748
76200 -1.08433
76300 -1.14902
76400 -1.09242
76500 -0.994909
76600 -1.08058
76700 -1.1581
76800 -0.922142
76900 -1.07811
77000 -1.06701
77100 -1.0834
77200 -0.949015
77300 -1.10726
77400 -1.10395
77500 -1.04826
77600 -1.04053
77700 -1.02967
77800 -1.0422
77900 -1.01041
78000 -1.01658
78100 -1.13593
78200 -1.19146
78300 -1.06093
78400 -1.10955
78500 -0.947748
78600 -0.967242
78700 -1.14918
78800 -0.968173
78900 -1.07211
79000 -0.948393
79100 -1.02458
79200 -1.03094
79300 -1.09233
79400 -1.06724
79500 -0.96076
79600 -1.14591
79700 -1.07043
79800 -1.18938
79900 -0.998162
80000 -1.26336
80100 -1.1085
80200 -0.984888
80300 -1.05405
80400 -1.04274
80500 -1.17487
80600 -1.06829
80700 -1.09112
80800 -1.25261
80900 -1.09556
81000 -1.0421
81100 -1.08115
81200 -1.04898
81300 -1.07819
81400 -0.998624
81500 -1.12535
81600 -0.917514
81700 -1.10725
81800 -1.06989
81900 -0.946406
82000 -0.980292
82100 -1.04159
82200 -1.07917
82300 -1.02735
82400 -1.21497
82500 -1.16398
82600 -0.996926
82700 -1.00818
82800 -1.08181
82900 -0.987188
83000 -1.1482
83100 -1.00413
83200 -1.26968
83300 -1.13014
83400 -1.01455
83500 -0.963422
83600 -1.17859
83700 -1.08076
83800 -0.972629
83900 -1.00427
84000 -1.0224
84100 -1.0903
84200 -1.00244
84300 -0.975997
84400 -1.05303
84500 -1.06279
84600 -1.07422
84700 -1.03342
84800 -0.937589
84900 -1.15352
85000 -1.11439
85100 -0.905707
85200 -0.978712
85300 -1.0416
85400 -1.04715
85500 -1.01072
85600 -0.974796
85700 -1.18223
85800 -0.963683
85900 -1.07137
86000 -1.15405
86100 -1.07124
86200 -1.02808
86300 -1.07573
86400 -1.0712
86500 -1.04356
86600 -1.09054
86700 -1.04617
86800 -1.05228
86900 -1.07769
87000 -0.983357
87100 -1.04584
87200 -0.927321
87300 -0.99969
87400 -1.12661
87500 -1.19913
87600 -1.03438
87700 -0.925339
87800 -1.03699
87900 -1.0281
88000 -0.94936
88100 -1.06368
88200 -1.196
88300 -0.950261
88400 -1.1204
88500 -1.24859
88600 -1.13667
88700 -1.06445
88800 -1.0314
88900 -0.964254
89000 -1.06326
89100 -1.13652
89200 -0.911615
89300 -1.00891
89400 -0.983766
89500 -1.07596
89600 -1.08426
89700 -1.05682
89800 -1.11044
89900 -1.11096
90000 -1.00309
90100 -1.10089
90200 -1.03537
90300 -0.985633
90400 -1.10319
90500 -1.05195
90600 -1.05736
90700 -1.15936
90800 -1.09288
90900 -1.09845
91000 -1.09501
91100 -0.97878
91200 -1.08644
91300 -1.01777
91400 -0.972532
91500 -1.08037
91600 -0.95429
91700 -1.05325
91800 -1.03268
91900 -0.983546
92000 -1.00132
92100 -1.08434
92200 -1.17099
92300 -1.06575
92400 -1.08543
92500 -1.01018
92600 -1.09426
92700 -0.971315
92800 -1.02014
92900 -0.997697
93000 -0.950015
93100 -0.971526
93200 -1.0953
93300 -1.02777
93400 -1.11807
93500 -0.969565
93600 -1.0271
93700 -1.01404
93800 -1.05095
93900 -0.888461
94000 -1.04084
94100 -0.970238
94200 -1.25513
94300 -1.06453
94400 -1.01106
94500 -1.06269
94600 -1.10703
94700 -1.02445
94800 -1.09384
94900 -1.21084
95000 -1.07605
95100 -1.05797
95200 -1.11394
95300 -1.04841
95400 -1.11704
95500 -1.21339
95600 -1.05544
95700 -1.13543
95800 -1.01619
95900 -1.08189
96000 -1.04207
96100 -1.08982
96200 -1.05332
96300 -0.986067
96400 -0.83075
96500 -1.12811
96600 -1.1102
96700 -1.1775
96800 -1.06783
96900 -0.964053
97000 -1.08617
97100 -1.08836
97200 -0.966738
97300 -1.10386
97400 -1.05128
97500 -1.22427
97600 -1.01266
97700 -1.03204
97800 -0.981182
97900 -1.04525
98000 -0.96147
98100 -1.08298
98200 -0.845737
98300 -1.01958
98400 -1.10345
98500 -1.11998
98600 -1.10204
98700 -1.02918
98800 -1.1155
98900 -1.04542
99000 -0.969833
99100 -1.05894
99200 -1.16631
99300 -1.00668
99400 -1.07839
99500 -1.07256
99600 -1.01964
99700 -1.24102
99800 -1.17745
99900 -1.16762
