0 -2.27512
100 -2.12245
200 -2.25176
300 -2.25241
400 -2.13391
500 -2.11223
600 -2.23117
700 -2.19149
800 -2.27321
900 -2.29718
1000 -2.31745
1100 -2.23092
1200 -2.19268
1300 -2.30945
1400 -2.11991
1500 -1.96855
1600 -2.28367
1700 -2.21975
1800 -2.27592
1900 -2.21656
2000 -2.10969
2100 -2.1667
2200 -2.22775
2300 -2.16208
2400 -2.13682
2500 -2.25836
2600 -2.31282
2700 -2.25896
2800 -2.34518
2900 -2.30816
3000 -2.19032
3100 -2.1523
3200 -2.23842
3300 -2.20931
3400 -2.14602
3500 -2.19977
3600 -2.17474
3700 -2.17956
3800 -2.18205
3900 -2.20227
4000 -2.04328
4100 -2.20335
4200 -2.32842
4300 -2.23592
4400 -2.15212
4500 -2.12157
4600 -2.24338
4700 -2.21433
4800 -2.34648
4900 -2.24186
5000 -2.17921
5100 -2.19747
5200 -2.2785
5300 -2.21426
5400 -2.19649
5500 -2.1822
5600 -2.25367
5700 -2.18052
5800 -2.19816
5900 -2.02039
6000 -2.15935
6100 -2.3188
6200 -2.24918
6300 -2.22426
6400 -2.1731
6500 -2.2428
6600 -2.19867
6700 -2.24498
6800 -2.22323
6900 -2.15635
7000 -2.16115
7100 -2.31439
7200 -2.07531
7300 -2.20939
7400 -2.1066
7500 -2.16038
7600 -2.21074
7700 -2.30383
7800 -2.21032
7900 -2.31705
8000 -2.32411
8100 -2.12054
8200 -2.18899
8300 -2.01784
8400 -2.13722
8500 -2.13416
8600 -2.2541
8700 -2.122
8800 -2.30675
8900 -2.17242
9000 -2.11925
9100 -2.17923
9200 -2.21733
9300 -2.18634
9400 -2.19006
9500 -2.1017
9600 -2.2414
9700 -2.31857
9800 -2.17486
9900 -2.24506
10000 -2.21827
10100 -2.04709
10200 -2.20131
10300 -2.35894
10400 -2.15848
10500 -2.18182
10600 -2.42109
10700 -2.18984
10800 -2.21516
10900 -2.20473
11000 -2.11971
11100 -2.10695
11200 -2.09337
11300 -2.24309
11400 -2.22901
11500 -2.06703
11600 -2.3493
11700 -2.24393
11800 -2.19339
11900 -2.1241
12000 -2.08788
12100 -2.14319
12200 -2.21216
12300 -2.18561
12400 -2.06927
12500 -2.15145
12600 -2.18995
12700 -2.19443
12800 -2.14582
12900 -2.1584
13000 -2.26218
13100 -2.12358
13200 -2.18093
13300 -2.15735
13400 -2.15308
13500 -2.30317
13600 -2.21136
13700 -2.11344
13800 -2.20526
13900 -2.09634
14000 -2.28009
14100 -2.16783
14200 -2.17653
14300 -2.24125
14400 -2.1347
14500 -2.16185
14600 -2.03823
14700 -2.19143
14800 -2.21462
14900 -2.34618
15000 -2.27338
15100 -2.08501
15200 -2.17822
15300 -2.10097
15400 -2.29168
15500 -2.14885
15600 -2.12565
15700 -2.14738
15800 -2.11707
15900 -2.1508
16000 -2.20878
16100 -2.1367
16200 -2.25176
16300 -2.15028
16400 -2.14979
16500 -2.2646
16600 -2.24434
16700 -2.08949
16800 -2.31229
16900 -2.15313
17000 -2.20327
17100 -2.21833
17200 -2.14763
17300 -2.19191
17400 -2.06469
17500 -2.2932
17600 -2.08031
17700 -2.23009
17800 -2.21025
17900 -2.35162
18000 -2.26687
18100 -2.19319
18200 -2.21255
18300 -2.26851
18400 -2.28071
18500 -2.24256
18600 -2.33885
18700 -2.25501
18800 -2.01316
18900 -2.28499
19000 -2.11534
19100 -2.13018
19200 -2.08606
19300 -2.16305
19400 -2.09636
19500 -2.1681
19600 -2.23527
19700 -2.25221
19800 -2.24327
19900 -2.29465
20000 -2.18669
20100 -2.14002
20200 -2.28788
20300 -2.21235
20400 -2.27835
20500 -2.171
20600 -2.04755
20700 -2.27547
20800 -2.28426
20900 -2.04673
21000 -2.28406
21100 -2.3189
21200 -2.10206
21300 -2.0534
21400 -2.25272
21500 -2.10542
21600 -2.18479
21700 -2.23144
21800 -2.22432
21900 -2.03644
22000 -2.24869
22100 -2.22286
22200 -2.25528
22300 -2.22359
22400 -2.17073
22500 -2.24457
22600 -2.25842
22700 -2.21958
22800 -2.31055
22900 -2.24964
23000 -2.18351
23100 -2.3795
23200 -2.26768
23300 -2.27971
23400 -2.14791
23500 -2.27628
23600 -2.033
23700 -2.1344
23800 -2.22078
23900 -2.22614
24000 -2.26814
24100 -2.1968
24200 -2.2644
24300 -2.1565
24400 -2.0367
24500 -2.07179
24600 -2.19322
24700 -2.19388
24800 -2.22144
24900 -2.24658
25000 -2.18628
25100 -2.19132
25200 -2.19306
25300 -2.27272
25400 -2.2549
25500 -2.1427
25600 -2.26651
25700 -2.23405
25800 -2.17332
25900 -2.19912
26000 -2.16845
26100 -2.11018
26200 -2.07622
26300 -2.14306
26400 -2.22897
26500 -2.11974
26600 -2.28819
26700 -2.12191
26800 -1.92044
26900 -2.31265
27000 -2.33102
27100 -2.20433
27200 -2.23632
27300 -2.22571
27400 -2.30422
27500 -2.21339
27600 -2.19278
27700 -2.28353
27800 -2.13753
27900 -2.24425
28000 -2.21563
28100 -2.19065
28200 -2.16568
28300 -2.26984
28400 -2.19356
28500 -2.11405
28600 -2.18518
28700 -2.21545
28800 -2.33932
28900 -2.21739
29000 -2.23069
29100 -2.28126
29200 -2.15618
29300 -2.15249
29400 -2.18911
29500 -2.15729
29600 -2.21396
29700 -2.22423
29800 -2.18701
29900 -2.29765
30000 -2.20218
30100 -2.21732
30200 -2.22212
30300 -2.07054
30400 -2.26127
30500 -2.23962
30600 -2.28735
30700 -2.16717
30800 -2.25909
30900 -2.22159
31000 -2.30534
31100 -2.15268
31200 -2.10232
31300 -2.23053
31400 -2.09102
31500 -2.19325
31600 -2.2026
31700 -2.23298
31800 -2.16466
31900 -2.30926
32000 -1.99055
32100 -2.34065
32200 -2.22183
32300 -2.18297
32400 -2.20643
32500 -2.27682
32600 -2.28921
32700 -2.21521
32800 -2.20766
32900 -2.16895
33000 -2.30436
33100 -2.38383
33200 -2.15863
33300 -2.22616
33400 -2.17382
33500 -2.20838
33600 -2.12505
33700 -2.25904
33800 -2.1946
33900 -2.27579
34000 -2.24027
34100 -2.27184
34200 -2.26068
34300 -2.21111
34400 -2.25937
34500 -2.09275
34600 -2.1252
34700 -2.24122
34800 -2.23851
34900 -2.22716
35000 -2.35773
35100 -2.27012
35200 -2.23645
35300 -2.07912
35400 -2.08717
35500 -2.14768
35600 -2.10473
35700 -2.19019
35800 -2.04724
35900 -2.17504
36000 -2.13778
36100 -2.1921
36200 -2.17702
36300 -2.19017
36400 -2.10507
36500 -2.17831
36600 -2.1959
36700 -2.11067
36800 -2.16896
36900 -2.24813
37000 -2.3
37100 -2.24175
37200 -2.14511
37300 -2.21409
37400 -2.13055
37500 -2.21061
37600 -2.27571
37700 -2.11034
37800 -2.2418
37900 -2.23798
38000 -2.21491
38100 -2.22608
38200 -2.2213
38300 -2.05393
38400 -2.2019
38500 -2.17705
38600 -2.12717
38700 -2.3388
38800 -2.21938
38900 -2.05542
39000 -2.22269
39100 -2.21928
39200 -2.25335
39300 -2.35714
39400 -2.23137
39500 -2.237
39600 -2.10082
39700 -2.30577
39800 -2.23765
39900 -2.22774
40000 -2.29806
40100 -2.2514
40200 -2.14561
40300 -2.24619
40400 -2.279
40500 -2.15816
40600 -2.21144
40700 -2.14581
40800 -2.27002
40900 -2.19703
41000 -2.16257
41100 -2.1715
41200 -2.18581
41300 -2.2667
41400 -2.29
41500 -1.937
41600 -2.17483
41700 -2.19653
41800 -2.17828
41900 -2.26731
42000 -2.23106
42100 -2.19811
42200 -2.19777
42300 -2.22483
42400 -2.21563
42500 -2.12356
42600 -2.39863
42700 -2.30874
42800 -2.16985
42900 -2.26559
43000 -2.09889
43100 -2.1052
43200 -2.19912
43300 -2.10397
43400 -2.18588
43500 -2.12811
43600 -2.23165
43700 -2.19096
43800 -2.05372
43900 -2.21172
44000 -2.10548
44100 -2.13333
44200 -2.2447
44300 -2.24512
44400 -2.31203
44500 -2.24803
44600 -2.18494
44700 -2.13393
44800 -2.04689
44900 -2.14926
45000 -2.12462
45100 -2.3651
45200 -2.33638
45300 -2.21738
45400 -2.19545
45500 -2.1882
45600 -2.30823
45700 -2.16549
45800 -2.12759
45900 -2.30448
46000 -2.25337
46100 -2.28949
46200 -2.18671
46300 -2.19771
46400 -2.1414
46500 -2.2065
46600 -2.06861
46700 -2.21694
46800 -2.26356
46900 -2.16927
47000 -2.33363
47100 -2.22487
47200 -2.21821
47300 -2.11684
47400 -2.21086
47500 -2.21036
47600 -2.28027
47700 -2.36008
47800 -2.16459
47900 -2.29431
48000 -2.13395
48100 -2.14816
48200 -2.2126
48300 -2.13027
48400 -2.20668
48500 -2.2458
48600 -2.09493
48700 -2.08775
48800 -2.18093
48900 -2.236
49000 -2.14726
49100 -2.05238
49200 -2.1505
49300 -2.20396
49400 -2.28954
49500 -2.13187
49600 -2.12401
49700 -2.07766
49800 -2.18206
49900 -2.26131
50000 -2.09147
50100 -2.2144
50200 -2.14447
50300 -2.19245
50400 -2.17924
50500 -2.07686
50600 -2.20499
50700 -2.15905
50800 -2.22091
50900 -2.05857
51000 -2.1188
51100 -2.18258
51200 -2.22711
51300 -2.18658
51400 -2.20052
51500 -2.15292
51600 -2.26289
51700 -2.1192
51800 -2.04106
51900 -2.17012
52000 -2.22827
52100 -2.09973
52200 -2.04819
52300 -2.1371
52400 -2.0143
52500 -2.31011
52600 -2.27881
52700 -2.17577
52800 -2.09236
52900 -2.13756
53000 -2.21685
53100 -2.11035
53200 -2.10273
53300 -2.25201
53400 -2.20176
53500 -2.22197
53600 -2.18028
53700 -2.09437
53800 -2.18732
53900 -2.22504
54000 -2.19688
54100 -2.20964
54200 -2.18088
54300 -2.1509
54400 -2.09323
54500 -2.11729
54600 -2.14666
54700 -2.2908
54800 -2.10186
54900 -2.30814
55000 -2.21308
55100 -2.11501
55200 -2.18597
55300 -2.08655
55400 -2.20323
55500 -2.17615
55600 -1.92701
55700 -2.13383
55800 -2.16249
55900 -2.2246
56000 -2.20726
56100 -2.19359
56200 -2.05474
56300 -2.17079
56400 -2.14681
56500 -2.1301
56600 -2.1701
56700 -2.25023
56800 -2.1385
56900 -1.97782
57000 -2.08186
57100 -2.21987
57200 -2.16009
57300 -2.32418
57400 -2.2231
57500 -2.1852
57600 -2.35
57700 -2.21054
57800 -2.20714
57900 -2.30304
58000 -2.17247
58100 -2.04731
58200 -2.16636
58300 -2.26591
58400 -2.33462
58500 -2.1445
58600 -2.2192
58700 -2.28824
58800 -2.15928
58900 -2.24186
59000 -2.27161
59100 -2.27966
59200 -2.13044
59300 -2.29008
59400 -2.18864
59500 -2.14042
59600 -2.27244
59700 -2.34365
59800 -2.29153
59900 -2.26487
60000 -2.09292
60100 -2.21173
60200 -2.24338
60300 -2.25308
60400 -2.06364
60500 -2.17488
60600 -2.16128
60700 -2.11407
60800 -2.14088
60900 -2.29373
61000 -2.25241
61100 -2.25872
61200 -2.21888
61300 -2.13642
61400 -2.00753
61500 -2.10443
61600 -2.22323
61700 -2.21454
61800 -2.32399
61900 -2.37069
62000 -2.15538
62100 -2.21075
62200 -2.27701
62300 -2.18931
62400 -2.16186
62500 -2.02735
62600 -2.18487
62700 -2.22253
62800 -2.05966
62900 -2.03949
63000 -2.21049
63100 -2.1752
63200 -2.22712
63300 -2.26636
63400 -2.10813
63500 -2.16272
63600 -2.23923
63700 -2.21207
63800 -2.23693
63900 -2.11063
64000 -2.31532
64100 -2.28684
64200 -2.16253
64300 -2.17608
64400 -2.08203
64500 -2.24395
64600 -2.02985
64700 -2.16485
64800 -2.14721
64900 -2.06643
65000 -2.23486
65100 -2.26563
65200 -2.33041
65300 -2.3272
65400 -2.28564
65500 -2.1031
65600 -2.00911
65700 -2.05008
65800 -2.27557
65900 -2.30297
66000 -2.20377
66100 -2.00689
66200 -2.07998
66300 -2.19687
66400 -2.11442
66500 -2.16629
66600 -2.23262
66700 -2.15109
66800 -2.05542
66900 -2.27248
67000 -2.05941
67100 -2.15208
67200 -2.23171
67300 -2.22466
67400 -2.23334
67500 -2.19192
67600 -2.16063
67700 -2.15602
67800 -2.2196
67900 -2.24064
68000 -2.08574
68100 -1.91643
68200 -2.11997
68300 -2.18792
68400 -2.27615
68500 -2.13767
68600 -2.18837
68700 -2.15503
68800 -2.20576
68900 -2.26852
69000 -2.31161
69100 -2.25475
69200 -2.24553
69300 -2.05715
69400 -2.19217
69500 -2.15996
69600 -2.20262
69700 -2.22786
69800 -2.28632
69900 -2.29537
70000 -2.23343
70100 -2.24216
70200 -2.17689
70300 -2.32008
70400 -2.03728
70500 -2.24595
70600 -2.26635
70700 -2.28952
70800 -2.11355
70900 -2.14596
71000 -2.28351
71100 -2.30598
71200 -2.11077
71300 -2.0353
71400 -2.14878
71500 -2.2647
71600 -2.1113
71700 -2.13914
71800 -2.0822
71900 -2.15955
72000 -2.10543
72100 -2.33128
72200 -2.11266
72300 -2.22998
72400 -2.27844
72500 -2.23641
72600 -2.16134
72700 -2.23815
72800 -2.20919
72900 -2.24367
73000 -2.21548
73100 -2.14787
73200 -2.39082
73300 -2.21348
73400 -2.21132
73500 -2.23859
73600 -2.25689
73700 -2.36442
73800 -2.28202
73900 -2.0764
74000 -2.1091
74100 -2.09477
74200 -2.17116
74300 -2.20818
74400 -2.11203
74500 -2.23122
74600 -2.21211
74700 -2.33169
74800 -2.2566
74900 -2.27362
75000 -2.29837
75100 -2.30324
75200 -2.25802
75300 -2.12418
75400 -2.29506
75500 -2.23355
75600 -2.32098
75700 -2.26783
75800 -2.24653
75900 -2.2609
76000 -2.16277
76100 -2.20322
76200 -2.08452
76300 -2.25944
76400 -2.10068
76500 -2.17801
76600 -2.23664
76700 -2.09191
76800 -2.21921
76900 -1.95651
77000 -2.17587
77100 -2.18602
77200 -2.13359
77300 -2.07963
77400 -2.13464
77500 -2.28353
77600 -2.17801
77700 -2.14839
77800 -2.21907
77900 -2.27594
78000 -2.122
78100 -2.10359
78200 -2.19143
78300 -2.11647
78400 -2.25243
78500 -2.18118
78600 -2.28919
78700 -2.27592
78800 -2.17938
78900 -2.27911
79000 -2.10034
79100 -2.19178
79200 -2.16882
79300 -2.21042
79400 -2.2832
79500 -2.17366
79600 -2.15796
79700 -2.25559
79800 -2.15928
79900 -2.19816
80000 -2.14292
80100 -2.19029
80200 -2.27189
80300 -2.23128
80400 -2.04278
80500 -2.10842
80600 -2.26356
80700 -2.15088
80800 -2.19746
80900 -2.21746
81000 -2.25409
81100 -2.24515
81200 -2.25878
81300 -2.25572
81400 -2.06798
81500 -2.25915
81600 -2.25599
81700 -2.31297
81800 -2.30612
81900 -2.06798
82000 -2.20108
82100 -2.36872
82200 -2.14261
82300 -2.23269
82400 -2.2273
82500 -2.14403
82600 -2.20389
82700 -2.17778
82800 -2.22881
82900 -2.12844
83000 -2.15626
83100 -2.23199
83200 -2.20235
83300 -2.32241
83400 -2.18807
83500 -2.25654
83600 -2.22511
83700 -2.08046
83800 -2.23794
83900 -2.27292
84000 -2.27639
84100 -2.23998
84200 -2.12544
84300 -2.18441
84400 -2.23474
84500 -2.12076
84600 -2.1084
84700 -2.0855
84800 -2.24093
84900 -2.2007
85000 -2.25547
85100 -2.14846
85200 -2.04044
85300 -2.10724
85400 -2.17733
85500 -2.23571
85600 -2.12981
85700 -2.25777
85800 -2.26487
85900 -2.18274
86000 -2.28386
86100 -2.17171
86200 -2.10543
86300 -2.21561
86400 -2.23071
86500 -2.12473
86600 -2.10352
86700 -2.16401
86800 -2.11248
86900 -2.22335
87000 -2.07041
87100 -2.18041
87200 -2.26971
87300 -2.18555
87400 -2.03485
87500 -2.13843
87600 -2.27016
87700 -2.20119
87800 -2.21208
87900 -2.08128
88000 -2.19599
88100 -1.94339
88200 -2.11734
88300 -2.24927
88400 -2.23037
88500 -2.26092
88600 -2.19914
88700 -2.26788
88800 -2.17707
88900 -2.21652
89000 -2.15482
89100 -2.29105
89200 -2.32301
89300 -2.20938
89400 -2.01897
89500 -2.2329
89600 -2.19351
89700 -2.30671
89800 -2.24719
89900 -2.33258
90000 -2.06906
90100 -2.23477
90200 -2.28083
90300 -2.22876
90400 -2.20368
90500 -2.03975
90600 -2.17813
90700 -2.21532
90800 -2.10755
90900 -2.10778
91000 -2.20004
91100 -2.10887
91200 -2.28496
91300 -2.24559
91400 -2.11627
91500 -2.1997
91600 -2.2124
91700 -2.24676
91800 -2.22099
91900 -2.29037
92000 -2.24578
92100 -2.25156
92200 -2.07019
92300 -2.18778
92400 -2.26389
92500 -2.21268
92600 -2.23652
92700 -2.2725
92800 -2.24943
92900 -2.22174
93000 -2.18347
93100 -2.29819
93200 -2.05586
93300 -2.19437
93400 -2.22692
93500 -2.18759
93600 -2.29814
93700 -2.19736
93800 -2.03134
93900 -2.16751
94000 -2.22589
94100 -2.09433
94200 -2.20866
94300 -2.24101
94400 -2.23886
94500 -2.22306
94600 -2.16563
94700 -2.30893
94800 -2.20372
94900 -2.23264
95000 -2.24289
95100 -2.14996
95200 -2.13114
95300 -2.31959
95400 -2.12258
95500 -2.26066
95600 -2.13871
95700 -2.26949
95800 -2.13336
95900 -2.04643
96000 -2.27898
96100 -2.08162
96200 -2.23353
96300 -2.1682
96400 -2.16503
96500 -2.00626
96600 -2.24971
96700 -2.27704
96800 -2.22671
96900 -2.12641
97000 -2.04939
97100 -2.20102
97200 -2.1929
97300 -2.21989
97400 -2.09492
97500 -2.34863
97600 -2.23613
97700 -2.18328
97800 -2.23485
97900 -2.28908
98000 -2.05835
98100 -2.19807
98200 -2.18829
98300 -2.08888
98400 -2.07127
98500 -2.1201
98600 -2.0429
98700 -2.19117
98800 -2.27416
98900 -2.26254
99000 -2.24182
99100 -2.26736
99200 -2.23328
99300 -2.16705
99400 -2.22329
99500 -2.31909
99600 -2.1148
99700 -2.21444
99800 -2.26092
99900 -2.26804
