0 -0.925827
100 -0.89099
200 -0.905552
300 -0.869068
400 -0.977564
500 -0.910967
600 -1.01155
700 -0.85591
800 -0.865156
900 -1.06529
1000 -0.97065
1100 -0.861497
1200 -0.95076
1300 -0.925084
1400 -0.815863
1500 -0.836509
1600 -0.852759
1700 -0.938003
1800 -0.879147
1900 -0.87003
2000 -0.970287
2100 -0.862645
2200 -0.940807
2300 -0.832872
2400 -0.931922
2500 -0.931625
2600 -1.00006
2700 -1.00736
2800 -0.932139
2900 -0.863433
3000 -0.948401
3100 -0.88286
3200 -0.920648
3300 -0.852109
3400 -0.942297
3500 -1.00255
3600 -0.98245
3700 -0.885612
3800 -0.86416
3900 -0.789955
4000 -0.791615
4100 -0.788278
4200 -0.857701
4300 -0.882519
4400 -0.880068
4500 -0.863733
4600 -0.911854
4700 -0.874921
4800 -1.04927
4900 -0.851197
5000 -0.758499
5100 -0.757851
5200 -0.916045
5300 -0.877524
5400 -0.98553
5500 -0.925536
5600 -0.981814
5700 -0.72509
5800 -0.829067
5900 -1.02662
6000 -1.00548
6100 -0.834702
6200 -0.860955
6300 -0.695616
6400 -0.905847
6500 -0.881782
6600 -0.807534
6700 -0.984763
6800 -0.875867
6900 -0.949999
7000 -0.963663
7100 -0.947713
7200 -0.842514
7300 -0.811027
7400 -0.813481
7500 -0.896459
7600 -0.932267
7700 -0.886022
7800 -0.944174
7900 -0.838912
8000 -1.00263
8100 -0.890443
8200 -0.992039
8300 -0.917572
8400 -0.976096
8500 -0.90964
8600 -0.904177
8700 -1.08136
8800 -1.13308
8900 -1.11784
9000 -0.918381
9100 -0.756097
9200 -0.861061
9300 -0.932957
9400 -1.10215
9500 -1.01557
9600 -0.95698
9700 -0.944175
9800 -0.881293
9900 -0.736958
10000 -0.852917
10100 -1.00925
10200 -0.975051
10300 -0.897179
10400 -0.951986
10500 -0.843819
10600 -0.892117
10700 -0.836667
10800 -0.943619
10900 -0.826503
11000 -0.813055
11100 -0.84367
11200 -0.892328
11300 -0.828172
11400 -1.01043
11500 -0.960405
11600 -1.04931
11700 -0.987348
11800 -0.945937
11900 -0.887899
12000 -0.933723
12100 -0.918291
12200 -0.934507
12300 -0.911751
12400 -0.895332
12500 -1.02501
12600 -0.953199
12700 -0.85396
12800 -0.939069
12900 -0.762933
13000 -0.845428
13100 -0.910557
13200 -0.871376
13300 -0.795327
13400 -0.948912
13500 -0.932963
13600 -0.819287
13700 -0.839163
13800 -0.734371
13900 -0.889226
14000 -1.02356
14100 -0.852118
14200 -1.01166
14300 -0.937672
14400 -0.876356
14500 -0.909675
14600 -0.887063
14700 -0.80867
14800 -0.838186
14900 -0.8117
15000 -0.984972
15100 -0.966925
15200 -0.906107
15300 -0.811122
15400 -0.87382
15500 -0.854211
15600 -0.996274
15700 -0.839196
15800 -0.931363
15900 -0.930302
16000 -0.833843
16100 -0.856794
16200 -0.81617
16300 -0.810962
16400 -0.914593
16500 -0.82492
16600 -0.942736
16700 -0.880553
16800 -0.862981
16900 -0.87154
17000 -0.7576
17100 -0.853388
17200 -0.972025
17300 -1.00126
17400 -0.880706
17500 -0.901104
17600 -0.902139
17700 -0.887541
17800 -0.798813
17900 -0.877636
18000 -0.977361
18100 -0.839287
18200 -0.916121
18300 -0.865365
18400 -0.838602
18500 -0.84867
18600 -0.849392
18700 -0.954983
18800 -0.981305
18900 -0.898805
19000 -0.86883
19100 -0.828566
19200 -0.95997
19300 -0.738321
19400 -0.705619
19500 -0.859323
19600 -0.945238
19700 -0.866812
19800 -0.790735
19900 -0.860045
20000 -0.871183
20100 -0.792992
20200 -0.82476
20300 -0.963219
20400 -0.84356
20500 -0.91506
20600 -0.914524
20700 -0.943113
20800 -0.853843
20900 -0.958896
21000 -0.930295
21100 -0.857486
21200 -0.839282
21300 -0.934113
21400 -0.850063
21500 -0.890688
21600 -0.902032
21700 -0.873944
21800 -1.00508
21900 -0.829622
22000 -0.923382
22100 -0.913056
22200 -0.951663
22300 -0.955413
22400 -0.976648
22500 -0.858456
22600 -0.807084
22700 -0.854952
22800 -0.855126
22900 -0.926028
23000 -0.839109
23100 -0.752931
23200 -0.780857
23300 -0.803787
23400 -0.933587
23500 -0.816643
23600 -0.858826
23700 -0.98037
23800 -0.897859
23900 -0.902373
24000 -0.88231
24100 -0.884349
24200 -0.822546
24300 -0.730772
24400 -0.928387
24500 -0.938553
24600 -0.851202
24700 -0.917002
24800 -0.792936
24900 -0.822159
25000 -0.839322
25100 -0.838786
25200 -0.834877
25300 -0.943275
25400 -0.866837
25500 -0.749437
25600 -0.919958
25700 -0.897241
25800 -0.93968
25900 -0.86883
26000 -0.828803
26100 -0.863392
26200 -1.19239
26300 -0.926928
26400 -0.9379
26500 -0.939236
26600 -0.934136
26700 -0.78121
26800 -0.827389
26900 -0.805776
27000 -0.860892
27100 -0.999046
27200 -0.93957
27300 -0.956629
27400 -0.829676
27500 -0.981517
27600 -0.862293
27700 -0.930961
27800 -0.843102
27900 -0.886188
28000 -0.841991
28100 -0.905906
28200 -0.870712
28300 -0.8577
28400 -0.890469
28500 -0.907075
28600 -0.820139
28700 -0.848253
28800 -0.837593
28900 -0.709374
29000 -0.993051
29100 -0.911544
29200 -0.92232
29300 -1.06797
29400 -0.870012
29500 -0.837503
29600 -0.901199
29700 -0.932596
29800 -0.790108
29900 -1.00476
30000 -0.734595
30100 -0.871472
30200 -0.823536
30300 -0.92079
30400 -0.83717
30500 -0.856884
30600 -1.00617
30700 -0.959096
30800 -0.97446
30900 -1.00028
31000 -0.907083
31100 -0.965604
31200 -0.958773
31300 -0.960492
31400 -0.856937
31500 -0.921535
31600 -0.935391
31700 -0.940173
31800 -0.915989
31900 -0.798413
32000 -1.00881
32100 -0.832244
32200 -0.970422
32300 -0.901623
32400 -0.94917
32500 -0.801515
32600 -0.845149
32700 -0.859271
32800 -0.886726
32900 -0.798187
33000 -0.925226
33100 -0.832732
33200 -0.93284
33300 -0.742751
33400 -0.820353
33500 -0.850903
33600 -0.881391
33700 -0.770298
33800 -0.896139
33900 -0.700765
34000 -0.766288
34100 -0.722289
34200 -0.977975
34300 -0.986254
34400 -0.92874
34500 -0.943266
34600 -0.965453
34700 -0.911165
34800 -0.980129
34900 -0.96993
35000 -0.885281
35100 -0.85895
35200 -0.796566
35300 -1.01817
35400 -0.951539
35500 -1.01483
35600 -0.84507
35700 -0.887656
35800 -0.875492
35900 -0.922607
36000 -0.777191
36100 -0.901251
36200 -0.883344
36300 -0.78831
36400 -0.884955
36500 -0.875185
36600 -0.863424
36700 -0.967342
36800 -0.891136
36900 -0.913488
37000 -0.895785
37100 -0.939856
37200 -0.675936
37300 -0.814512
37400 -0.962143
37500 -0.889782
37600 -0.882189
37700 -0.920398
37800 -0.89936
37900 -0.883698
38000 -0.934998
38100 -0.98657
38200 -0.935258
38300 -0.927459
38400 -1.04569
38500 -0.966372
38600 -1.05247
38700 -0.931562
38800 -0.79004
38900 -0.923182
39000 -0.848892
39100 -0.853941
39200 -0.840032
39300 -0.824643
39400 -0.848862
39500 -0.908762
39600 -0.843724
39700 -0.9349
39800 -1.00528
39900 -0.89412
40000 -0.960717
40100 -1.00344
40200 -0.862449
40300 -0.781125
40400 -0.986154
40500 -0.855155
40600 -0.940609
40700 -0.808613
40800 -0.835861
40900 -0.766564
41000 -0.875642
41100 -0.830442
41200 -0.879972
41300 -0.77975
41400 -0.807501
41500 -0.798313
41600 -0.920478
41700 -0.938962
41800 -0.823697
41900 -0.948305
42000 -0.87954
42100 -0.980163
42200 -0.945056
42300 -0.84424
42400 -0.763983
42500 -0.882535
42600 -0.944196
42700 -0.898601
42800 -0.851224
42900 -0.911059
43000 -0.925392
43100 -0.871888
43200 -0.895851
43300 -0.885751
43400 -0.938791
43500 -0.855098
43600 -0.863885
43700 -0.970234
43800 -1.11263
43900 -1.00145
44000 -1.02246
44100 -1.12284
44200 -0.943133
44300 -0.917286
44400 -0.955175
44500 -0.926853
44600 -0.959976
44700 -0.879104
44800 -0.823977
44900 -1.02309
45000 -0.941244
45100 -0.879894
45200 -0.952913
45300 -0.903347
45400 -0.899789
45500 -0.762605
45600 -0.915134
45700 -1.00219
45800 -0.952034
45900 -0.86588
46000 -1.01009
46100 -0.870713
46200 -0.796377
46300 -0.982437
46400 -0.843745
46500 -0.857415
46600 -0.765882
46700 -0.921132
46800 -1.02942
46900 -1.02063
47000 -0.897506
47100 -0.967968
47200 -1.08107
47300 -0.955109
47400 -0.962272
47500 -1.06006
47600 -0.986979
47700 -0.884555
47800 -0.896855
47900 -0.811372
48000 -1.00498
48100 -0.798304
48200 -0.844541
48300 -0.947971
48400 -1.13623
48500 -1.06143
48600 -1.11322
48700 -1.01018
48800 -0.951093
48900 -0.971313
49000 -0.839641
49100 -0.8456
49200 -0.931423
49300 -0.835749
49400 -0.869733
49500 -0.873723
49600 -0.940292
49700 -0.855095
49800 -0.968573
49900 -0.946013
50000 -1.02514
50100 -0.95615
50200 -0.808689
50300 -0.913364
50400 -0.834171
50500 -0.772182
50600 -0.872464
50700 -0.964014
50800 -0.974956
50900 -0.896202
51000 -0.901881
51100 -1.01542
51200 -0.827138
51300 -0.888441
51400 -0.911487
51500 -0.890041
51600 -0.874271
51700 -0.811741
51800 -0.777448
51900 -0.803261
52000 -0.879514
52100 -1.115
52200 -0.949618
52300 -0.849277
52400 -0.819277
52500 -0.839488
52600 -0.922195
52700 -0.956697
52800 -0.878149
52900 -1.00896
53000 -0.963561
53100 -0.82262
53200 -0.810475
53300 -0.829376
53400 -0.894212
53500 -0.861365
53600 -0.99874
53700 -1.01319
53800 -0.863383
53900 -0.784816
54000 -0.72986
54100 -0.857832
54200 -1.10356
54300 -0.897997
54400 -0.857968
54500 -0.940143
54600 -0.690961
54700 -0.940361
54800 -0.79311
54900 -0.81584
55000 -0.927987
55100 -0.829983
55200 -0.961592
55300 -0.865085
55400 -0.823832
55500 -0.898955
55600 -0.841321
55700 -0.842162
55800 -0.886879
55900 -0.810293
56000 -0.818706
56100 -1.01253
56200 -0.943701
56300 -0.995233
56400 -0.977078
56500 -0.707235
56600 -0.830729
56700 -1.02104
56800 -0.870169
56900 -0.926104
57000 -0.937824
57100 -1.03986
57200 -0.792056
57300 -0.803636
57400 -0.818988
57500 -0.892707
57600 -0.929783
57700 -0.863674
57800 -0.877745
57900 -0.980027
58000 -0.940348
58100 -0.911229
58200 -0.918017
58300 -0.703024
58400 -0.962881
58500 -0.982057
58600 -0.873901
58700 -0.955827
58800 -0.764951
58900 -0.902383
59000 -0.893078
59100 -0.815404
59200 -1.01797
59300 -0.985448
59400 -0.978052
59500 -0.819302
59600 -0.899794
59700 -0.939828
59800 -0.817029
59900 -0.869615
60000 -0.879516
60100 -0.887769
60200 -0.762412
60300 -0.936436
60400 -0.953908
60500 -0.835902
60600 -0.981849
60700 -0.933219
60800 -0.851359
60900 -0.828292
61000 -0.991597
61100 -0.819126
61200 -0.812233
61300 -1.00279
61400 -0.941647
61500 -0.79053
61600 -0.776803
61700 -0.959796
61800 -0.927629
61900 -0.88378
62000 -0.826515
62100 -0.919272
62200 -0.948429
62300 -1.07682
62400 -1.04857
62500 -0.882875
62600 -0.871651
62700 -0.945152
62800 -0.938564
62900 -0.939585
63000 -0.906511
63100 -0.902972
63200 -0.844362
63300 -0.974832
63400 -1.00381
63500 -1.02493
63600 -0.911682
63700 -0.812927
63800 -0.919269
63900 -1.03449
64000 -0.925043
64100 -0.981018
64200 -0.917846
64300 -0.99189
64400 -0.904802
64500 -0.997444
64600 -0.8962
64700 -0.789917
64800 -0.923941
64900 -1.03063
65000 -0.849733
65100 -0.956227
65200 -0.820829
65300 -0.825413
65400 -0.840082
65500 -0.6129
65600 -0.802043
65700 -0.936227
65800 -0.896302
65900 -0.898807
66000 -0.833199
66100 -0.933319
66200 -0.949096
66300 -0.810626
66400 -0.920133
66500 -0.832399
66600 -0.941261
66700 -0.813232
66800 -0.98405
66900 -0.719366
67000 -0.926895
67100 -0.978834
67200 -0.844958
67300 -0.874022
67400 -0.833127
67500 -0.915593
67600 -0.948378
67700 -0.984085
67800 -0.903
67900 -0.921976
68000 -0.951652
68100 -0.962686
68200 -0.860794
68300 -0.870827
68400 -0.863176
68500 -0.856031
68600 -0.878857
68700 -0.875338
68800 -0.868188
68900 -0.975581
69000 -0.901589
69100 -0.773309
69200 -0.770016
69300 -0.786541
69400 -0.872284
69500 -0.945667
69600 -0.815558
69700 -0.821465
69800 -0.859064
69900 -0.899734
70000 -0.881834
70100 -0.907625
70200 -0.892066
70300 -0.844841
70400 -0.943384
70500 -0.895316
70600 -0.950961
70700 -0.806749
70800 -1.03347
70900 -1.04079
71000 -1.1242
71100 -0.875781
71200 -0.863451
71300 -0.985503
71400 -0.763784
71500 -0.919322
71600 -1.00202
71700 -1.08888
71800 -0.957962
71900 -1.05469
72000 -0.842346
72100 -0.942696
72200 -0.954255
72300 -0.937252
72400 -0.93016
72500 -0.82757
72600 -0.960987
72700 -0.803065
72800 -0.867927
72900 -0.909881
73000 -0.937593
73100 -0.924902
73200 -1.12982
73300 -0.971581
73400 -1.04008
73500 -1.08239
73600 -0.877905
73700 -0.98387
73800 -0.866538
73900 -0.951858
74000 -0.762405
74100 -0.873605
74200 -0.941697
74300 -0.932697
74400 -0.941876
74500 -0.979433
74600 -0.770432
74700 -0.899094
74800 -1.04987
74900 -0.8561
75000 -0.866861
75100 -0.989724
75200 -0.848939
75300 -0.972603
75400 -1.01282
75500 -0.970576
75600 -1.01345
75700 -0.913381
75800 -0.852876
75900 -0.99302
76000 -0.85367
76100 -0.93493
76200 -0.890049
76300 -0.997409
76400 -0.854466
76500 -0.961901
76600 -0.845582
76700 -0.932019
76800 -0.891437
76900 -1.01876
77000 -1.06284
77100 -1.00032
77200 -0.988163
77300 -1.0434
77400 -0.936367
77500 -1.05964
77600 -1.00276
77700 -0.888882
77800 -0.920291
77900 -0.928478
78000 -0.896684
78100 -0.732843
78200 -0.871872
78300 -1.04691
78400 -0.850839
78500 -0.993633
78600 -0.95238
78700 -0.812616
78800 -0.834745
78900 -0.889607
79000 -0.915088
79100 -0.797826
79200 -0.903685
79300 -0.863637
79400 -0.834341
79500 -0.738629
79600 -0.814959
79700 -0.762499
79800 -0.924752
79900 -0.820107
80000 -1.00085
80100 -0.914487
80200 -0.847831
80300 -0.821084
80400 -0.797682
80500 -0.904811
80600 -1.00518
80700 -0.805296
80800 -0.79081
80900 -0.945843
81000 -0.801783
81100 -0.952124
81200 -1.10377
81300 -0.92942
81400 -0.859216
81500 -0.965729
81600 -0.866317
81700 -0.93326
81800 -0.912653
81900 -0.861299
82000 -0.91102
82100 -0.923518
82200 -0.978195
82300 -0.88963
82400 -0.981
82500 -0.943457
82600 -0.941718
82700 -0.779249
82800 -0.851776
82900 -0.834644
83000 -0.882844
83100 -1.02641
83200 -0.890885
83300 -0.855605
83400 -0.962796
83500 -0.888207
83600 -0.867015
83700 -1.02796
83800 -1.00963
83900 -0.913121
84000 -0.879848
84100 -1.05488
84200 -0.85238
84300 -1.00749
84400 -0.899842
84500 -0.970774
84600 -0.883987
84700 -0.870975
84800 -0.905176
84900 -0.985221
85000 -1.02757
85100 -1.24534
85200 -0.965183
85300 -0.944039
85400 -0.897853
85500 -0.834971
85600 -0.985648
85700 -0.853566
85800 -0.934051
85900 -0.916745
86000 -1.04852
86100 -1.1097
86200 -0.965143
86300 -0.947098
86400 -0.815833
86500 -0.963432
86600 -0.871198
86700 -0.905928
86800 -0.875912
86900 -0.814675
87000 -0.894023
87100 -0.777349
87200 -0.973879
87300 -0.85199
87400 -0.859574
87500 -0.875117
87600 -0.835704
87700 -0.94155
87800 -0.807212
87900 -0.868327
88000 -0.887578
88100 -0.930094
88200 -0.888703
88300 -0.847435
88400 -0.846811
88500 -0.807267
88600 -0.797546
88700 -0.956491
88800 -0.898965
88900 -0.926634
89000 -0.862004
89100 -0.78079
89200 -0.866141
89300 -0.948122
89400 -0.895283
89500 -0.937792
89600 -1.06153
89700 -0.776359
89800 -0.848592
89900 -0.889112
90000 -0.852744
90100 -0.935765
90200 -0.809517
90300 -0.87088
90400 -0.816585
90500 -0.788418
90600 -0.804057
90700 -0.971532
90800 -0.897847
90900 -0.829677
91000 -0.935917
91100 -1.06644
91200 -0.932994
91300 -0.761792
91400 -0.77341
91500 -0.901431
91600 -1.04013
91700 -0.99368
91800 -0.836506
91900 -0.879464
92000 -0.884122
92100 -0.907811
92200 -0.829052
92300 -0.900706
92400 -0.878698
92500 -1.01627
92600 -0.934209
92700 -0.850194
92800 -0.789417
92900 -0.82587
93000 -0.998997
93100 -0.892858
93200 -0.932046
93300 -0.890238
93400 -0.782165
93500 -0.954086
93600 -0.816653
93700 -0.930954
93800 -0.98442
93900 -0.860783
94000 -0.941644
94100 -1.02621
94200 -1.06456
94300 -1.16519
94400 -0.908452
94500 -0.948507
94600 -0.815983
94700 -0.939016
94800 -1.03829
94900 -0.882523
95000 -0.897542
95100 -0.905577
95200 -0.912298
95300 -0.938739
95400 -0.904312
95500 -0.910042
95600 -0.997129
95700 -0.77238
95800 -0.791649
95900 -0.899158
96000 -0.834277
96100 -0.983507
96200 -0.922404
96300 -0.989857
96400 -0.919083
96500 -0.966841
96600 -0.817736
96700 -0.870884
96800 -0.793508
96900 -0.948613
97000 -0.88085
97100 -0.823741
97200 -0.903638
97300 -0.864566
97400 -0.835872
97500 -0.937158
97600 -0.903255
97700 -0.933891
97800 -0.773244
97900 -0.942186
98000 -0.930725
98100 -1.00141
98200 -0.955167
98300 -0.882895
98400 -0.973337
98500 -0.985102
98600 -1.02387
98700 -0.839455
98800 -0.865531
98900 -0.992328
99000 -0.999888
99100 -0.848701
99200 -0.850942
99300 -0.810566
99400 -1.05226
99500 -0.749142
99600 -0.93047
99700 -0.972838
99800 -0.902993
99900 -0.810696
