0 -0.549043
100 -0.526334
200 -0.469305
300 -0.492457
400 -0.460323
500 -0.520903
600 -0.500046
700 -0.450258
800 -0.488211
900 -0.582909
1000 -0.513939
1100 -0.622427
1200 -0.628718
1300 -0.571511
1400 -0.629549
1500 -0.645794
1600 -0.489913
1700 -0.538904
1800 -0.606705
1900 -0.558593
2000 -0.604813
2100 -0.552455
2200 -0.570047
2300 -0.600642
2400 -0.522432
2500 -0.540338
2600 -0.469242
2700 -0.543677
2800 -0.698577
2900 -0.521271
3000 -0.544703
3100 -0.506254
3200 -0.536322
3300 -0.681376
3400 -0.471282
3500 -0.479847
3600 -0.589896
3700 -0.630815
3800 -0.510073
3900 -0.515544
4000 -0.643209
4100 -0.52618
4200 -0.471295
4300 -0.493333
4400 -0.563883
4500 -0.525544
4600 -0.532443
4700 -0.579112
4800 -0.681933
4900 -0.602655
5000 -0.548405
5100 -0.635483
5200 -0.571892
5300 -0.534417
5400 -0.509298
5500 -0.534504
5600 -0.659471
5700 -0.562326
5800 -0.52562
5900 -0.68986
6000 -0.588078
6100 -0.579227
6200 -0.498759
6300 -0.460387
6400 -0.631192
6500 -0.586706
6600 -0.584244
6700 -0.453063
6800 -0.515334
6900 -0.502719
7000 -0.652919
7100 -0.528471
7200 -0.540881
7300 -0.583875
7400 -0.478073
7500 -0.612082
7600 -0.580477
7700 -0.533784
7800 -0.603563
7900 -0.516603
8000 -0.482567
8100 -0.635666
8200 -0.492779
8300 -0.511133
8400 -0.49963
8500 -0.503297
8600 -0.5054
8700 -0.667599
8800 -0.589805
8900 -0.537874
9000 -0.49282
9100 -0.602044
9200 -0.591782
9300 -0.483077
9400 -0.558146
9500 -0.616107
9600 -0.44743
9700 -0.626641
9800 -0.52235
9900 -0.358043
10000 -0.640081
10100 -0.526486
10200 -0.4426
10300 -0.57722
10400 -0.481696
10500 -0.527253
10600 -0.555294
10700 -0.482495
10800 -0.517293
10900 -0.508115
11000 -0.572073
11100 -0.515873
11200 -0.671309
11300 -0.636625
11400 -0.604236
11500 -0.568421
11600 -0.622549
11700 -0.497976
11800 -0.648116
11900 -0.66762
12000 -0.569891
12100 -0.440254
12200 -0.53134
12300 -0.691206
12400 -0.442379
12500 -0.561804
12600 -0.624861
12700 -0.457923
12800 -0.531583
12900 -0.435814
13000 -0.595454
13100 -0.532871
13200 -0.53114
13300 -0.510275
13400 -0.628252
13500 -0.612222
13600 -0.597597
13700 -0.612212
13800 -0.624247
13900 -0.512342
14000 -0.565129
14100 -0.567184
14200 -0.528911
14300 -0.499306
14400 -0.53157
14500 -0.516798
14600 -0.544287
14700 -0.552571
14800 -0.47357
14900 -0.513498
15000 -0.524961
15100 -0.501626
15200 -0.540341
15300 -0.516632
15400 -0.497959
15500 -0.510468
15600 -0.427051
15700 -0.60813
15800 -0.647776
15900 -0.482813
16000 -0.595162
16100 -0.514639
16200 -0.624567
16300 -0.614471
16400 -0.512045
16500 -0.508185
16600 -0.536288
16700 -0.578108
16800 -0.688622
16900 -0.665743
17000 -0.659558
17100 -0.433115
17200 -0.547196
17300 -0.530811
17400 -0.538604
17500 -0.527432
17600 -0.548783
17700 -0.546687
17800 -0.576756
17900 -0.512134
18000 -0.525977
18100 -0.636035
18200 -0.460196
18300 -0.531762
18400 -0.481569
18500 -0.588433
18600 -0.425706
18700 -0.558875
18800 -0.560648
18900 -0.560698
19000 -0.523152
19100 -0.591589
19200 -0.512727
19300 -0.523589
19400 -0.663624
19500 -0.674477
19600 -0.707918
19700 -0.498475
19800 -0.591736
19900 -0.538365
20000 -0.512059
20100 -0.59759
20200 -0.637894
20300 -0.552425
20400 -0.552993
20500 -0.622863
20600 -0.584746
20700 -0.620398
20800 -0.673917
20900 -0.488601
21000 -0.568305
21100 -0.608233
21200 -0.604452
21300 -0.595118
21400 -0.658
21500 -0.611153
21600 -0.607925
21700 -0.509289
21800 -0.499997
21900 -0.519434
22000 -0.556593
22100 -0.601198
22200 -0.527729
22300 -0.519984
22400 -0.556439
22500 -0.542038
22600 -0.570335
22700 -0.538786
22800 -0.530806
22900 -0.45759
23000 -0.524293
23100 -0.485754
23200 -0.507798
23300 -0.660448
23400 -0.72343
23500 -0.578066
23600 -0.687559
23700 -0.672877
23800 -0.641952
23900 -0.654275
24000 -0.638939
24100 -0.695346
24200 -0.599403
24300 -0.428404
24400 -0.613678
24500 -0.597368
24600 -0.674109
24700 -0.620636
24800 -0.486824
24900 -0.555717
25000 -0.683784
25100 -0.540274
25200 -0.597416
25300 -0.540888
25400 -0.580231
25500 -0.512981
25600 -0.615807
25700 -0.593862
25800 -0.574118
25900 -0.567359
26000 -0.58988
26100 -0.611622
26200 -0.510819
26300 -0.544639
26400 -0.574285
26500 -0.548191
26600 -0.606629
26700 -0.567989
26800 -0.473882
26900 -0.489832
27000 -0.52053
27100 -0.551243
27200 -0.679991
27300 -0.563813
27400 -0.69446
27500 -0.664879
27600 -0.541494
27700 -0.523613
27800 -0.534048
27900 -0.545065
28000 -0.67589
28100 -0.557254
28200 -0.494594
28300 -0.586367
28400 -0.557712
28500 -0.564423
28600 -0.593938
28700 -0.585935
28800 -0.541631
28900 -0.514035
29000 -0.589041
29100 -0.609608
29200 -0.603694
29300 -0.559234
29400 -0.446959
29500 -0.610729
29600 -0.67523
29700 -0.480757
29800 -0.580178
29900 -0.529792
30000 -0.503003
30100 -0.497462
30200 -0.517149
30300 -0.704732
30400 -0.575598
30500 -0.475204
30600 -0.536772
30700 -0.569765
30800 -0.519977
30900 -0.553503
31000 -0.569832
31100 -0.512898
31200 -0.559843
31300 -0.595605
31400 -0.634058
31500 -0.776985
31600 -0.650763
31700 -0.617425
31800 -0.616419
31900 -0.59632
32000 -0.665095
32100 -0.533234
32200 -0.546487
32300 -0.558239
32400 -0.520539
32500 -0.543521
32600 -0.596885
32700 -0.502397
32800 -0.588793
32900 -0.683438
33000 -0.487443
33100 -0.547273
33200 -0.607426
33300 -0.476418
33400 -0.550276
33500 -0.613297
33600 -0.672559
33700 -0.471833
33800 -0.667937
33900 -0.61044
34000 -0.63879
34100 -0.626253
34200 -0.676781
34300 -0.641172
34400 -0.556325
34500 -0.520684
34600 -0.616966
34700 -0.575679
34800 -0.523444
34900 -0.527567
35000 -0.585242
35100 -0.423265
35200 -0.603663
35300 -0.590329
35400 -0.556736
35500 -0.617202
35600 -0.58104
35700 -0.503482
35800 -0.590541
35900 -0.493706
36000 -0.595301
36100 -0.420803
36200 -0.459129
36300 -0.5501
36400 -0.505786
36500 -0.493711
36600 -0.574121
36700 -0.524718
36800 -0.611058
36900 -0.492183
37000 -0.417991
37100 -0.497502
37200 -0.54633
37300 -0.667692
37400 -0.570799
37500 -0.604347
37600 -0.592754
37700 -0.59707
37800 -0.657572
37900 -0.571987
38000 -0.555966
38100 -0.652782
38200 -0.463576
38300 -0.554006
38400 -0.56757
38500 -0.626243
38600 -0.639113
38700 -0.584947
38800 -0.738433
38900 -0.638305
39000 -0.612108
39100 -0.61855
39200 -0.617352
39300 -0.471993
39400 -0.529793
39500 -0.580899
39600 -0.613104
39700 -0.57695
39800 -0.587616
39900 -0.538449
40000 -0.585298
40100 -0.531049
40200 -0.659114
40300 -0.573147
40400 -0.64576
40500 -0.558272
40600 -0.419667
40700 -0.484238
40800 -0.573686
40900 -0.659046
41000 -0.630788
41100 -0.630972
41200 -0.559671
41300 -0.624089
41400 -0.432345
41500 -0.630233
41600 -0.442861
41700 -0.636368
41800 -0.586401
41900 -0.562304
42000 -0.604304
42100 -0.447441
42200 -0.597392
42300 -0.546956
42400 -0.46362
42500 -0.584531
42600 -0.542599
42700 -0.49104
42800 -0.569158
42900 -0.563237
43000 -0.633193
43100 -0.658555
43200 -0.568653
43300 -0.608471
43400 -0.578248
43500 -0.479716
43600 -0.528342
43700 -0.614104
43800 -0.636599
43900 -0.628227
44000 -0.519289
44100 -0.582753
44200 -0.564424
44300 -0.592728
44400 -0.541156
44500 -0.564494
44600 -0.49528
44700 -0.551871
44800 -0.489042
44900 -0.497311
45000 -0.618664
45100 -0.689714
45200 -0.6845
45300 -0.649674
45400 -0.559931
45500 -0.588787
45600 -0.647414
45700 -0.589328
45800 -0.646456
45900 -0.65906
46000 -0.535304
46100 -0.544187
46200 -0.502471
46300 -0.622852
46400 -0.463706
46500 -0.50667
46600 -0.609853
46700 -0.571792
46800 -0.608538
46900 -0.484363
47000 -0.472984
47100 -0.481043
47200 -0.499421
47300 -0.468197
47400 -0.593654
47500 -0.526257
47600 -0.583278
47700 -0.484933
47800 -0.625513
47900 -0.573528
48000 -0.607759
48100 -0.810429
48200 -0.588512
48300 -0.540047
48400 -0.633789
48500 -0.666867
48600 -0.558603
48700 -0.640495
48800 -0.594544
48900 -0.500282
49000 -0.526307
49100 -0.545984
49200 -0.618979
49300 -0.517608
49400 -0.521796
49500 -0.503564
49600 -0.602463
49700 -0.604768
49800 -0.50927
49900 -0.658624
50000 -0.554573
50100 -0.561897
50200 -0.558664
50300 -0.588905
50400 -0.620918
50500 -0.550642
50600 -0.708525
50700 -0.537983
50800 -0.5166
50900 -0.508527
51000 -0.436273
51100 -0.523928
51200 -0.513785
51300 -0.533991
51400 -0.587828
51500 -0.462867
51600 -0.604167
51700 -0.494859
51800 -0.513339
51900 -0.653708
52000 -0.692968
52100 -0.66917
52200 -0.601771
52300 -0.712001
52400 -0.569276
52500 -0.675869
52600 -0.611329
52700 -0.595353
52800 -0.596911
52900 -0.554065
53000 -0.610885
53100 -0.475851
53200 -0.663632
53300 -0.591083
53400 -0.673238
53500 -0.606857
53600 -0.547827
53700 -0.801805
53800 -0.601555
53900 -0.619579
54000 -0.532119
54100 -0.681045
54200 -0.580592
54300 -0.568341
54400 -0.599498
54500 -0.570774
54600 -0.585949
54700 -0.533374
54800 -0.525937
54900 -0.496364
55000 -0.492064
55100 -0.563691
55200 -0.4702
55300 -0.483257
55400 -0.502002
55500 -0.586851
55600 -0.566106
55700 -0.55392
55800 -0.61991
55900 -0.630242
56000 -0.505052
56100 -0.576312
56200 -0.413371
56300 -0.577334
56400 -0.673845
56500 -0.606154
56600 -0.59004
56700 -0.621362
56800 -0.554974
56900 -0.685717
57000 -0.830383
57100 -0.440044
57200 -0.668645
57300 -0.482222
57400 -0.600998
57500 -0.555822
57600 -0.549235
57700 -0.582421
57800 -0.581339
57900 -0.529506
58000 -0.643107
58100 -0.626642
58200 -0.637697
58300 -0.604199
58400 -0.56365
58500 -0.614785
58600 -0.571279
58700 -0.547189
58800 -0.454091
58900 -0.50355
59000 -0.552468
59100 -0.465437
59200 -0.495649
59300 -0.494808
59400 -0.532564
59500 -0.632488
59600 -0.641705
59700 -0.579643
59800 -0.532673
59900 -0.601252
60000 -0.611585
60100 -0.547471
60200 -0.680509
60300 -0.61139
60400 -0.647684
60500 -0.680017
60600 -0.603194
60700 -0.540445
60800 -0.585905
60900 -0.616928
61000 -0.593531
61100 -0.452287
61200 -0.602714
61300 -0.502056
61400 -0.538797
61500 -0.545047
61600 -0.601073
61700 -0.625406
61800 -0.6461
61900 -0.545407
62000 -0.575046
62100 -0.67487
62200 -0.570174
62300 -0.599464
62400 -0.700386
62500 -0.52058
62600 -0.507119
62700 -0.619192
62800 -0.690456
62900 -0.520132
63000 -0.49658
63100 -0.558546
63200 -0.524589
63300 -0.52096
63400 -0.548752
63500 -0.527037
63600 -0.622022
63700 -0.63996
63800 -0.700668
63900 -0.685543
64000 -0.620246
64100 -0.531606
64200 -0.579787
64300 -0.58848
64400 -0.572651
64500 -0.598261
64600 -0.651737
64700 -0.576439
64800 -0.523884
64900 -0.57785
65000 -0.630761
65100 -0.565932
65200 -0.542023
65300 -0.592228
65400 -0.554207
65500 -0.566458
65600 -0.474901
65700 -0.569635
65800 -0.566925
65900 -0.542189
66000 -0.667417
66100 -0.653883
66200 -0.653803
66300 -0.565027
66400 -0.589319
66500 -0.558071
66600 -0.635432
66700 -0.613816
66800 -0.752958
66900 -0.603601
67000 -0.547823
67100 -0.475171
67200 -0.546701
67300 -0.636071
67400 -0.533649
67500 -0.468076
67600 -0.616304
67700 -0.517887
67800 -0.646531
67900 -0.466583
68000 -0.565275
68100 -0.461144
68200 -0.565115
68300 -0.641094
68400 -0.495545
68500 -0.548542
68600 -0.555507
68700 -0.560163
68800 -0.463834
68900 -0.515876
69000 -0.564003
69100 -0.533602
69200 -0.449359
69300 -0.620658
69400 -0.546387
69500 -0.496688
69600 -0.427081
69700 -0.485706
69800 -0.595264
69900 -0.554959
70000 -0.673816
70100 -0.58885
70200 -0.780221
70300 -0.572074
70400 -0.713539
70500 -0.585392
70600 -0.531166
70700 -0.704215
70800 -0.57533
70900 -0.420418
71000 -0.532385
71100 -0.681034
71200 -0.591852
71300 -0.480968
71400 -0.541952
71500 -0.601639
71600 -0.608434
71700 -0.549036
71800 -0.505549
71900 -0.546757
72000 -0.656844
72100 -0.636062
72200 -0.419362
72300 -0.633722
72400 -0.545279
72500 -0.560357
72600 -0.564446
72700 -0.562184
72800 -0.623896
72900 -0.59978
73000 -0.460458
73100 -0.565412
73200 -0.617823
73300 -0.633426
73400 -0.50001
73500 -0.501954
73600 -0.494483
73700 -0.563448
73800 -0.556978
73900 -0.486435
74000 -0.53562
74100 -0.564215
74200 -0.509923
74300 -0.460147
74400 -0.505124
74500 -0.562371
74600 -0.549064
74700 -0.616659
74800 -0.494915
74900 -0.492581
75000 -0.530062
75100 -0.397972
75200 -0.464157
75300 -0.481907
75400 -0.42803
75500 -0.440058
75600 -0.56079
75700 -0.574913
75800 -0.506488
75900 -0.471736
76000 -0.594637
76100 -0.567749
76200 -0.659598
76300 -0.524972
76400 -0.590013
76500 -0.651839
76600 -0.542758
76700 -0.637655
76800 -0.564523
76900 -0.552225
77000 -0.584514
77100 -0.540642
77200 -0.610227
77300 -0.694877
77400 -0.658846
77500 -0.532378
77600 -0.53656
77700 -0.549113
77800 -0.547909
77900 -0.469368
78000 -0.533719
78100 -0.561012
78200 -0.591584
78300 -0.433777
78400 -0.484342
78500 -0.453559
78600 -0.54978
78700 -0.548269
78800 -0.605678
78900 -0.5986
79000 -0.626755
79100 -0.673308
79200 -0.794041
79300 -0.649095
79400 -0.511562
79500 -0.645023
79600 -0.548093
79700 -0.673851
79800 -0.595368
79900 -0.567717
80000 -0.475439
80100 -0.520778
80200 -0.47904
80300 -0.562738
80400 -0.610554
80500 -0.552805
80600 -0.663846
80700 -0.608362
80800 -0.585428
80900 -0.673935
81000 -0.628027
81100 -0.514747
81200 -0.511376
81300 -0.620301
81400 -0.599694
81500 -0.483292
81600 -0.58158
81700 -0.542675
81800 -0.612231
81900 -0.558068
82000 -0.574308
82100 -0.735684
82200 -0.497516
82300 -0.632309
82400 -0.585785
82500 -0.67919
82600 -0.518671
82700 -0.522482
82800 -0.536978
82900 -0.382354
83000 -0.568121
83100 -0.594275
83200 -0.632994
83300 -0.588026
83400 -0.66941
83500 -0.544913
83600 -0.668207
83700 -0.569465
83800 -0.633238
83900 -0.605427
84000 -0.69037
84100 -0.588703
84200 -0.544307
84300 -0.627003
84400 -0.537251
84500 -0.561816
84600 -0.560644
84700 -0.58872
84800 -0.676322
84900 -0.673182
85000 -0.573669
85100 -0.623158
85200 -0.494809
85300 -0.674585
85400 -0.581098
85500 -0.675719
85600 -0.582531
85700 -0.571232
85800 -0.646146
85900 -0.61481
86000 -0.624665
86100 -0.578585
86200 -0.569517
86300 -0.651805
86400 -0.637612
86500 -0.63972
86600 -0.627042
86700 -0.544068
86800 -0.453486
86900 -0.608513
87000 -0.523823
87100 -0.489123
87200 -0.534396
87300 -0.542311
87400 -0.717755
87500 -0.587967
87600 -0.621366
87700 -0.560874
87800 -0.604151
87900 -0.519409
88000 -0.579138
88100 -0.632401
88200 -0.518659
88300 -0.592725
88400 -0.560266
88500 -0.576859
88600 -0.485718
88700 -0.643565
88800 -0.58588
88900 -0.494824
89000 -0.460415
89100 -0.543271
89200 -0.602674
89300 -0.565669
89400 -0.756679
89500 -0.598202
89600 -0.600851
89700 -0.65357
89800 -0.599354
89900 -0.577742
90000 -0.563818
90100 -0.714446
90200 -0.588566
90300 -0.518043
90400 -0.537787
90500 -0.502478
90600 -0.477944
90700 -0.468908
90800 -0.55064
90900 -0.583039
91000 -0.553267
91100 -0.494887
91200 -0.594816
91300 -0.46819
91400 -0.509084
91500 -0.573949
91600 -0.602271
91700 -0.671795
91800 -0.615374
91900 -0.513886
92000 -0.548565
92100 -0.601866
92200 -0.534044
92300 -0.498645
92400 -0.691368
92500 -0.609261
92600 -0.53479
92700 -0.557427
92800 -0.468879
92900 -0.532947
93000 -0.489954
93100 -0.50551
93200 -0.535402
93300 -0.587618
93400 -0.650965
93500 -0.636498
93600 -0.60905
93700 -0.780487
93800 -0.546806
93900 -0.575192
94000 -0.555913
94100 -0.57914
94200 -0.6515
94300 -0.547433
94400 -0.483547
94500 -0.525966
94600 -0.57339
94700 -0.628192
94800 -0.574107
94900 -0.55818
95000 -0.575408
95100 -0.472281
95200 -0.546679
95300 -0.513485
95400 -0.523814
95500 -0.535658
95600 -0.561732
95700 -0.629025
95800 -0.602489
95900 -0.457787
96000 -0.524204
96100 -0.673527
96200 -0.540317
96300 -0.559035
96400 -0.49663
96500 -0.607298
96600 -0.616992
96700 -0.686682
96800 -0.63187
96900 -0.672672
97000 -0.530489
97100 -0.507458
97200 -0.665906
97300 -0.539188
97400 -0.497185
97500 -0.608832
97600 -0.472259
97700 -0.615097
97800 -0.514249
97900 -0.532989
98000 -0.591274
98100 -0.593135
98200 -0.431323
98300 -0.59537
98400 -0.593405
98500 -0.605672
98600 -0.509892
98700 -0.509927
98800 -0.571652
98900 -0.504597
99000 -0.609257
99100 -0.607252
99200 -0.448959
99300 -0.552512
99400 -0.606329
99500 -0.5982
99600 -0.578582
99700 -0.572102
99800 -0.538254
99900 -0.601883
