0 -1.65149
100 -1.48183
200 -1.53296
300 -1.48639
400 -1.4325
500 -1.4502
600 -1.51508
700 -1.57712
800 -1.48274
900 -1.49022
1000 -1.67402
1100 -1.66417
1200 -1.61055
1300 -1.52672
1400 -1.42649
1500 -1.47041
1600 -1.53946
1700 -1.54601
1800 -1.50503
1900 -1.54176
2000 -1.51911
2100 -1.53384
2200 -1.57034
2300 -1.48652
2400 -1.49121
2500 -1.60059
2600 -1.57859
2700 -1.54538
2800 -1.67287
2900 -1.50174
3000 -1.61122
3100 -1.52987
3200 -1.52298
3300 -1.56784
3400 -1.43387
3500 -1.56122
3600 -1.35249
3700 -1.60692
3800 -1.54091
3900 -1.60588
4000 -1.56102
4100 -1.60955
4200 -1.59735
4300 -1.60494
4400 -1.50111
4500 -1.53508
4600 -1.65032
4700 -1.51208
4800 -1.67081
4900 -1.43887
5000 -1.55178
5100 -1.62
5200 -1.64356
5300 -1.56237
5400 -1.5815
5500 -1.63314
5600 -1.56854
5700 -1.35309
5800 -1.57684
5900 -1.60714
6000 -1.47383
6100 -1.59685
6200 -1.43935
6300 -1.53933
6400 -1.5957
6500 -1.55681
6600 -1.52837
6700 -1.63501
6800 -1.57718
6900 -1.63406
7000 -1.5094
7100 -1.63399
7200 -1.45081
7300 -1.51634
7400 -1.47743
7500 -1.50931
7600 -1.60122
7700 -1.52891
7800 -1.52642
7900 -1.66297
8000 -1.55544
8100 -1.4783
8200 -1.73045
8300 -1.56141
8400 -1.577
8500 -1.57618
8600 -1.55405
8700 -1.46578
8800 -1.67781
8900 -1.65947
9000 -1.53291
9100 -1.53127
9200 -1.65607
9300 -1.61315
9400 -1.5644
9500 -1.65183
9600 -1.53932
9700 -1.50569
9800 -1.60191
9900 -1.53198
10000 -1.58483
10100 -1.565
10200 -1.65014
10300 -1.6363
10400 -1.57584
10500 -1.66267
10600 -1.59067
10700 -1.68615
10800 -1.48033
10900 -1.58922
11000 -1.53083
11100 -1.71376
11200 -1.55579
11300 -1.53921
11400 -1.60913
11500 -1.64542
11600 -1.6211
11700 -1.49074
11800 -1.46561
11900 -1.5846
12000 -1.5735
12100 -1.52156
12200 -1.46867
12300 -1.55109
12400 -1.56182
12500 -1.66902
12600 -1.41505
12700 -1.55674
12800 -1.56959
12900 -1.64147
13000 -1.59221
13100 -1.55543
13200 -1.51204
13300 -1.60237
13400 -1.61608
13500 -1.61548
13600 -1.47408
13700 -1.49787
13800 -1.50519
13900 -1.60991
14000 -1.49145
14100 -1.52601
14200 -1.53744
14300 -1.5947
14400 -1.65714
14500 -1.56534
14600 -1.5414
14700 -1.43632
14800 -1.48001
14900 -1.60498
15000 -1.55276
15100 -1.61063
15200 -1.51534
15300 -1.59422
15400 -1.5267
15500 -1.64303
15600 -1.69017
15700 -1.66284
15800 -1.53013
15900 -1.55312
16000 -1.55355
16100 -1.60175
16200 -1.53897
16300 -1.56109
16400 -1.51111
16500 -1.52366
16600 -1.53787
16700 -1.64649
16800 -1.51543
16900 -1.53431
17000 -1.5101
17100 -1.76346
17200 -1.47125
17300 -1.59587
17400 -1.54696
17500 -1.60641
17600 -1.52369
17700 -1.68535
17800 -1.5039
17900 -1.42915
18000 -1.63656
18100 -1.67293
18200 -1.55305
18300 -1.54151
18400 -1.60973
18500 -1.49189
18600 -1.5658
18700 -1.55373
18800 -1.49461
18900 -1.55325
19000 -1.59173
19100 -1.54759
19200 -1.41807
19300 -1.59453
19400 -1.65269
19500 -1.67793
19600 -1.69242
19700 -1.53947
19800 -1.58998
19900 -1.64047
20000 -1.66023
20100 -1.45088
20200 -1.52844
20300 -1.66907
20400 -1.53607
20500 -1.56606
20600 -1.46025
20700 -1.60347
20800 -1.50162
20900 -1.50207
21000 -1.59849
21100 -1.54358
21200 -1.64916
21300 -1.47147
21400 -1.47412
21500 -1.64276
21600 -1.52707
21700 -1.4274
21800 -1.48588
21900 -1.48104
22000 -1.66156
22100 -1.37216
22200 -1.46164
22300 -1.60047
22400 -1.59643
22500 -1.56214
22600 -1.60942
22700 -1.68743
22800 -1.44393
22900 -1.60329
23000 -1.53288
23100 -1.55451
23200 -1.72012
23300 -1.64227
23400 -1.56818
23500 -1.56138
23600 -1.62823
23700 -1.55453
23800 -1.56966
23900 -1.6394
24000 -1.52563
24100 -1.5184
24200 -1.59467
24300 -1.57736
24400 -1.5652
24500 -1.55994
24600 -1.7052
24700 -1.68671
24800 -1.58047
24900 -1.58486
25000 -1.67471
25100 -1.64118
25200 -1.62922
25300 -1.56288
25400 -1.59165
25500 -1.52699
25600 -1.67505
25700 -1.52728
25800 -1.60021
25900 -1.51033
26000 -1.55674
26100 -1.63478
26200 -1.61765
26300 -1.62654
26400 -1.57504
26500 -1.57895
26600 -1.60902
26700 -1.57144
26800 -1.51082
26900 -1.53576
27000 -1.51686
27100 -1.59659
27200 -1.56885
27300 -1.58119
27400 -1.59303
27500 -1.57075
27600 -1.53314
27700 -1.58737
27800 -1.56772
27900 -1.55981
28000 -1.31685
28100 -1.53406
28200 -1.44659
28300 -1.58835
28400 -1.54859
28500 -1.4803
28600 -1.49491
28700 -1.52817
28800 -1.67679
28900 -1.50541
29000 -1.60444
29100 -1.68639
29200 -1.62129
29300 -1.57094
29400 -1.53933
29500 -1.56307
29600 -1.6283
29700 -1.6002
29800 -1.69696
29900 -1.51351
30000 -1.63015
30100 -1.5031
30200 -1.63428
30300 -1.76214
30400 -1.57776
30500 -1.4896
30600 -1.6229
30700 -1.60394
30800 -1.62607
30900 -1.49686
31000 -1.59791
31100 -1.54969
31200 -1.63692
31300 -1.58416
31400 -1.59745
31500 -1.60863
31600 -1.45726
31700 -1.64793
31800 -1.59816
31900 -1.53773
32000 -1.56444
32100 -1.57653
32200 -1.53712
32300 -1.62144
32400 -1.54654
32500 -1.5857
32600 -1.39704
32700 -1.54152
32800 -1.5181
32900 -1.56201
33000 -1.49565
33100 -1.56991
33200 -1.4639
33300 -1.60444
33400 -1.55195
33500 -1.54345
33600 -1.49353
33700 -1.66354
33800 -1.57806
33900 -1.69751
34000 -1.59136
34100 -1.61118
34200 -1.57597
34300 -1.54837
34400 -1.62758
34500 -1.62227
34600 -1.69851
34700 -1.57177
34800 -1.53397
34900 -1.51772
35000 -1.46485
35100 -1.5432
35200 -1.58796
35300 -1.50108
35400 -1.59006
35500 -1.52854
35600 -1.59668
35700 -1.58575
35800 -1.6698
35900 -1.49065
36000 -1.58237
36100 -1.48629
36200 -1.54122
36300 -1.70578
36400 -1.5617
36500 -1.60875
36600 -1.57834
36700 -1.59558
36800 -1.43573
36900 -1.59557
37000 -1.57147
37100 -1.54353
37200 -1.58303
37300 -1.63052
37400 -1.66378
37500 -1.59255
37600 -1.54719
37700 -1.56705
37800 -1.56023
37900 -1.59166
38000 -1.60341
38100 -1.55698
38200 -1.54547
38300 -1.56263
38400 -1.6325
38500 -1.50416
38600 -1.49476
38700 -1.59869
38800 -1.66696
38900 -1.5642
39000 -1.59112
39100 -1.68623
39200 -1.53087
39300 -1.5564
39400 -1.61595
39500 -1.61957
39600 -1.54959
39700 -1.541
39800 -1.56494
39900 -1.60511
40000 -1.60157
40100 -1.64503
40200 -1.6356
40300 -1.58973
40400 -1.63309
40500 -1.4156
40600 -1.47023
40700 -1.53605
40800 -1.51029
40900 -1.59491
41000 -1.59554
41100 -1.58015
41200 -1.62487
41300 -1.56106
41400 -1.61041
41500 -1.53549
41600 -1.45853
41700 -1.60319
41800 -1.5906
41900 -1.52546
42000 -1.51334
42100 -1.49088
42200 -1.5575
42300 -1.56571
42400 -1.5242
42500 -1.54359
42600 -1.59813
42700 -1.58866
42800 -1.47326
42900 -1.4873
43000 -1.52735
43100 -1.65071
43200 -1.48508
43300 -1.52946
43400 -1.48401
43500 -1.64908
43600 -1.50934
43700 -1.53552
43800 -1.62347
43900 -1.46914
44000 -1.48969
44100 -1.63961
44200 -1.47004
44300 -1.63787
44400 -1.50411
44500 -1.59373
44600 -1.6436
44700 -1.5943
44800 -1.59799
44900 -1.51353
45000 -1.59613
45100 -1.54537
45200 -1.57917
45300 -1.63567
45400 -1.53101
45500 -1.53703
45600 -1.53229
45700 -1.59424
45800 -1.55868
45900 -1.58145
46000 -1.53709
46100 -1.53213
46200 -1.60327
46300 -1.61975
46400 -1.4954
46500 -1.57436
46600 -1.47904
46700 -1.52274
46800 -1.55492
46900 -1.57963
47000 -1.53336
47100 -1.65129
47200 -1.42721
47300 -1.62615
47400 -1.57138
47500 -1.47233
47600 -1.58316
47700 -1.47888
47800 -1.6572
47900 -1.59794
48000 -1.6198
48100 -1.57901
48200 -1.58307
48300 -1.52785
48400 -1.46119
48500 -1.52104
48600 -1.42754
48700 -1.62994
48800 -1.66376
48900 -1.61637
49000 -1.52676
49100 -1.56643
49200 -1.56648
49300 -1.53154
49400 -1.56246
49500 -1.63539
49600 -1.55625
49700 -1.50632
49800 -1.37482
49900 -1.50707
50000 -1.54113
50100 -1.55829
50200 -1.57365
50300 -1.61696
50400 -1.50961
50500 -1.61766
50600 -1.59771
50700 -1.52544
50800 -1.69845
50900 -1.69184
51000 -1.74403
51100 -1.64681
51200 -1.63511
51300 -1.60962
51400 -1.54028
51500 -1.56734
51600 -1.55213
51700 -1.58501
51800 -1.60714
51900 -1.54342
52000 -1.51509
52100 -1.53981
52200 -1.60245
52300 -1.60226
52400 -1.54898
52500 -1.50004
52600 -1.55139
52700 -1.72209
52800 -1.6095
52900 -1.42525
53000 -1.60769
53100 -1.55791
53200 -1.55749
53300 -1.61771
53400 -1.54982
53500 -1.65009
53600 -1.60178
53700 -1.71173
53800 -1.59298
53900 -1.53908
54000 -1.52195
54100 -1.53725
54200 -1.49102
54300 -1.36599
54400 -1.53922
54500 -1.58064
54600 -1.58589
54700 -1.43309
54800 -1.65087
54900 -1.59358
55000 -1.60907
55100 -1.58893
55200 -1.39939
55300 -1.74864
55400 -1.52907
55500 -1.65231
55600 -1.52902
55700 -1.4532
55800 -1.60944
55900 -1.56609
56000 -1.56867
56100 -1.54334
56200 -1.62298
56300 -1.51003
56400 -1.64333
56500 -1.4515
56600 -1.64188
56700 -1.65546
56800 -1.54871
56900 -1.59658
57000 -1.57868
57100 -1.49781
57200 -1.60495
57300 -1.58601
57400 -1.59824
57500 -1.53943
57600 -1.54271
57700 -1.57871
57800 -1.53518
57900 -1.5703
58000 -1.51869
58100 -1.65075
58200 -1.62034
58300 -1.68135
58400 -1.70062
58500 -1.49886
58600 -1.42359
58700 -1.57197
58800 -1.56706
58900 -1.51044
59000 -1.52955
59100 -1.49633
59200 -1.57942
59300 -1.50869
59400 -1.55853
59500 -1.54862
59600 -1.56491
59700 -1.6289
59800 -1.61519
59900 -1.54797
60000 -1.65557
60100 -1.57068
60200 -1.59113
60300 -1.54626
60400 -1.55996
60500 -1.61884
60600 -1.52146
60700 -1.56813
60800 -1.60408
60900 -1.4765
61000 -1.63811
61100 -1.39681
61200 -1.62209
61300 -1.58468
61400 -1.61391
61500 -1.60834
61600 -1.62315
61700 -1.49209
61800 -1.55418
61900 -1.65709
62000 -1.60894
62100 -1.68023
62200 -1.5928
62300 -1.61613
62400 -1.47986
62500 -1.60073
62600 -1.66785
62700 -1.48101
62800 -1.58448
62900 -1.59802
63000 -1.57977
63100 -1.60848
63200 -1.69309
63300 -1.60913
63400 -1.65326
63500 -1.50723
63600 -1.52844
63700 -1.57471
63800 -1.57251
63900 -1.49787
64000 -1.52751
64100 -1.61541
64200 -1.51578
64300 -1.60118
64400 -1.56828
64500 -1.41967
64600 -1.69377
64700 -1.47325
64800 -1.61638
64900 -1.6617
65000 -1.47787
65100 -1.53469
65200 -1.61238
65300 -1.53361
65400 -1.53648
65500 -1.64233
65600 -1.45241
65700 -1.60319
65800 -1.53611
65900 -1.64018
66000 -1.47499
66100 -1.56214
66200 -1.62534
66300 -1.49751
66400 -1.62625
66500 -1.56666
66600 -1.5533
66700 -1.4234
66800 -1.53291
66900 -1.67455
67000 -1.58244
67100 -1.6787
67200 -1.53573
67300 -1.50956
67400 -1.5255
67500 -1.56938
67600 -1.55212
67700 -1.55016
67800 -1.6559
67900 -1.51172
68000 -1.47645
68100 -1.58103
68200 -1.6561
68300 -1.60113
68400 -1.51235
68500 -1.49586
68600 -1.59027
68700 -1.65176
68800 -1.60545
68900 -1.57215
69000 -1.54399
69100 -1.56624
69200 -1.59308
69300 -1.50342
69400 -1.56286
69500 -1.42376
69600 -1.56805
69700 -1.49975
69800 -1.58559
69900 -1.52283
70000 -1.58753
70100 -1.39229
70200 -1.49996
70300 -1.50822
70400 -1.55575
70500 -1.5046
70600 -1.51194
70700 -1.47869
70800 -1.53421
70900 -1.38763
71000 -1.59529
71100 -1.60726
71200 -1.42588
71300 -1.63441
71400 -1.53347
71500 -1.52249
71600 -1.50529
71700 -1.32607
71800 -1.65783
71900 -1.62969
72000 -1.61819
72100 -1.69151
72200 -1.51679
72300 -1.54114
72400 -1.61446
72500 -1.53164
72600 -1.56864
72700 -1.4544
72800 -1.63094
72900 -1.49435
73000 -1.52479
73100 -1.54719
73200 -1.54506
73300 -1.6324
73400 -1.66287
73500 -1.61711
73600 -1.59317
73700 -1.63813
73800 -1.5145
73900 -1.40467
74000 -1.45012
74100 -1.57737
74200 -1.55582
74300 -1.58233
74400 -1.5607
74500 -1.41101
74600 -1.50108
74700 -1.61016
74800 -1.4642
74900 -1.63947
75000 -1.49121
75100 -1.46752
75200 -1.58948
75300 -1.59867
75400 -1.66258
75500 -1.57096
75600 -1.61542
75700 -1.56379
75800 -1.54879
75900 -1.51523
76000 -1.57806
76100 -1.61388
76200 -1.494
76300 -1.51943
76400 -1.56878
76500 -1.4919
76600 -1.51401
76700 -1.56489
76800 -1.49141
76900 -1.56511
77000 -1.58733
77100 -1.58946
77200 -1.59308
77300 -1.64916
77400 -1.51367
77500 -1.66342
77600 -1.64276
77700 -1.63216
77800 -1.58055
77900 -1.55938
78000 -1.52519
78100 -1.56408
78200 -1.57464
78300 -1.53408
78400 -1.47027
78500 -1.56434
78600 -1.49009
78700 -1.65925
78800 -1.51181
78900 -1.62488
79000 -1.48356
79100 -1.7047
79200 -1.65467
79300 -1.61384
79400 -1.59217
79500 -1.6201
79600 -1.57603
79700 -1.67381
79800 -1.55421
79900 -1.3437
80000 -1.62072
80100 -1.50426
80200 -1.57643
80300 -1.62187
80400 -1.59941
80500 -1.56636
80600 -1.61634
80700 -1.67432
80800 -1.50832
80900 -1.53881
81000 -1.68598
81100 -1.54232
81200 -1.62892
81300 -1.6164
81400 -1.7422
81500 -1.6346
81600 -1.45688
81700 -1.60858
81800 -1.60202
81900 -1.43614
82000 -1.60962
82100 -1.58278
82200 -1.58614
82300 -1.52458
82400 -1.4964
82500 -1.57333
82600 -1.52174
82700 -1.55741
82800 -1.61426
82900 -1.63442
83000 -1.67771
83100 -1.60539
83200 -1.74093
83300 -1.62282
83400 -1.50541
83500 -1.60358
83600 -1.39709
83700 -1.60748
83800 -1.50898
83900 -1.59117
84000 -1.63982
84100 -1.59313
84200 -1.49263
84300 -1.40938
84400 -1.58429
84500 -1.58142
84600 -1.58008
84700 -1.59907
84800 -1.59649
84900 -1.55146
85000 -1.60205
85100 -1.58697
85200 -1.47101
85300 -1.67762
85400 -1.39245
85500 -1.49714
85600 -1.50867
85700 -1.5716
85800 -1.57051
85900 -1.5914
86000 -1.58218
86100 -1.63728
86200 -1.67945
86300 -1.55994
86400 -1.50419
86500 -1.60965
86600 -1.60233
86700 -1.38032
86800 -1.30945
86900 -1.54234
87000 -1.55111
87100 -1.63602
87200 -1.46549
87300 -1.57503
87400 -1.53049
87500 -1.40149
87600 -1.45011
87700 -1.59225
87800 -1.64135
87900 -1.58609
88000 -1.55544
88100 -1.55528
88200 -1.45083
88300 -1.6082
88400 -1.50334
88500 -1.55893
88600 -1.55727
88700 -1.53099
88800 -1.60729
88900 -1.61805
89000 -1.62739
89100 -1.55491
89200 -1.59735
89300 -1.55878
89400 -1.64221
89500 -1.47557
89600 -1.51424
89700 -1.59086
89800 -1.63606
89900 -1.52491
90000 -1.60127
90100 -1.6286
90200 -1.53642
90300 -1.64446
90400 -1.50167
90500 -1.63495
90600 -1.68305
90700 -1.51205
90800 -1.56894
90900 -1.51153
91000 -1.54114
91100 -1.65257
91200 -1.51461
91300 -1.61462
91400 -1.52256
91500 -1.66686
91600 -1.65548
91700 -1.5332
91800 -1.62423
91900 -1.58193
92000 -1.52002
92100 -1.59254
92200 -1.50788
92300 -1.63782
92400 -1.43805
92500 -1.52841
92600 -1.68876
92700 -1.51419
92800 -1.52423
92900 -1.4804
93000 -1.5143
93100 -1.50999
93200 -1.58017
93300 -1.39184
93400 -1.63142
93500 -1.57832
93600 -1.48416
93700 -1.52558
93800 -1.52736
93900 -1.56291
94000 -1.60581
94100 -1.57333
94200 -1.54086
94300 -1.62777
94400 -1.61046
94500 -1.55442
94600 -1.60375
94700 -1.54406
94800 -1.63986
94900 -1.58917
95000 -1.61407
95100 -1.57549
95200 -1.58346
95300 -1.54286
95400 -1.54554
95500 -1.65266
95600 -1.64044
95700 -1.59071
95800 -1.57443
95900 -1.59618
96000 -1.45416
96100 -1.51088
96200 -1.61874
96300 -1.60626
96400 -1.39037
96500 -1.56444
96600 -1.48461
96700 -1.5479
96800 -1.5767
96900 -1.50415
97000 -1.53551
97100 -1.53598
97200 -1.50571
97300 -1.60515
97400 -1.55117
97500 -1.54512
97600 -1.62339
97700 -1.52431
97800 -1.60741
97900 -1.64856
98000 -1.49477
98100 -1.60055
98200 -1.37195
98300 -1.53572
98400 -1.59755
98500 -1.56125
98600 -1.50408
98700 -1.55015
98800 -1.51537
98900 -1.54316
99000 -1.60669
99100 -1.53479
99200 -1.63349
99300 -1.70417
99400 -1.61662
99500 -1.62394
99600 -1.58409
99700 -1.57265
99800 -1.55307
99900 -1.54573
