0 -1.94423
100 -1.89112
200 -1.98165
300 -1.86209
400 -1.98934
500 -1.82735
600 -1.89491
700 -1.89066
800 -1.93034
900 -1.97657
1000 -1.7956
1100 -1.83244
1200 -1.94454
1300 -1.892
1400 -1.80973
1500 -1.83105
1600 -1.95002
1700 -1.834
1800 -1.69549
1900 -1.95392
2000 -1.85271
2100 -1.8872
2200 -1.88236
2300 -1.96883
2400 -1.86446
2500 -1.93573
2600 -1.87833
2700 -1.80529
2800 -1.90422
2900 -1.88647
3000 -1.96043
3100 -1.94021
3200 -1.91445
3300 -1.7418
3400 -1.89273
3500 -1.86935
3600 -1.96228
3700 -1.85265
3800 -1.74361
3900 -1.91644
4000 -1.81728
4100 -1.98784
4200 -1.8435
4300 -1.85559
4400 -1.83876
4500 -1.83006
4600 -1.75134
4700 -1.96883
4800 -1.93272
4900 -1.97819
5000 -1.86159
5100 -1.88867
5200 -1.75379
5300 -1.90538
5400 -1.92853
5500 -1.9384
5600 -1.89755
5700 -1.90599
5800 -1.8529
5900 -1.85701
6000 -1.78455
6100 -1.92407
6200 -1.88641
6300 -1.83739
6400 -1.95202
6500 -1.83498
6600 -1.98015
6700 -1.93856
6800 -1.9669
6900 -1.86013
7000 -1.83463
7100 -1.89223
7200 -1.91626
7300 -1.78504
7400 -1.90436
7500 -1.89526
7600 -1.77273
7700 -1.98146
7800 -1.88888
7900 -2.01969
8000 -1.80443
8100 -1.84493
8200 -1.8535
8300 -1.95779
8400 -1.93119
8500 -1.93152
8600 -1.89191
8700 -1.896
8800 -1.78192
8900 -1.92277
9000 -1.94399
9100 -1.91142
9200 -1.83924
9300 -1.87003
9400 -1.96316
9500 -1.90015
9600 -1.99465
9700 -1.89932
9800 -1.86732
9900 -1.88321
10000 -1.72458
10100 -1.88876
10200 -1.959
10300 -1.95057
10400 -1.8923
10500 -1.90454
10600 -2.02671
10700 -1.90848
10800 -1.77984
10900 -1.93048
11000 -1.87901
11100 -1.68615
11200 -2.00307
11300 -1.92188
11400 -1.71649
11500 -1.92405
11600 -1.98791
11700 -1.87881
11800 -1.89304
11900 -1.88407
12000 -1.8454
12100 -1.85302
12200 -1.93633
12300 -1.9619
12400 -1.98029
12500 -1.90177
12600 -1.85785
12700 -1.96655
12800 -1.76332
12900 -1.94133
13000 -1.96685
13100 -1.86743
13200 -1.82834
13300 -1.86191
13400 -1.96217
13500 -1.84296
13600 -1.86694
13700 -1.8499
13800 -1.87847
13900 -1.9395
14000 -1.96852
14100 -1.87783
14200 -1.87545
14300 -1.89878
14400 -1.99664
14500 -1.77166
14600 -1.88159
14700 -1.93695
14800 -1.85147
14900 -1.8496
15000 -1.86431
15100 -1.82483
15200 -1.85913
15300 -1.8846
15400 -1.86877
15500 -1.78909
15600 -1.86503
15700 -1.89477
15800 -1.95519
15900 -1.86099
16000 -1.88026
16100 -1.80024
16200 -1.84562
16300 -1.78627
16400 -1.88175
16500 -1.85243
16600 -1.84672
16700 -1.75679
16800 -1.9633
16900 -1.79255
17000 -1.88486
17100 -1.9202
17200 -1.81329
17300 -1.88989
17400 -1.96183
17500 -1.81764
17600 -1.88297
17700 -1.98181
17800 -1.87354
17900 -1.88619
18000 -1.84847
18100 -1.96754
18200 -1.93337
18300 -1.8658
18400 -1.98178
18500 -1.86847
18600 -1.78873
18700 -1.75963
18800 -1.9826
18900 -1.84566
19000 -1.993
19100 -1.96849
19200 -1.89711
19300 -1.92053
19400 -1.80115
19500 -1.97899
19600 -1.90861
19700 -1.94904
19800 -1.85102
19900 -1.92672
20000 -1.71414
20100 -1.95788
20200 -1.93534
20300 -1.88253
20400 -1.93962
20500 -1.961
20600 -1.73663
20700 -1.86
20800 -1.91669
20900 -1.85251
21000 -1.89968
21100 -1.82143
21200 -1.83836
21300 -2.00781
21400 -1.85818
21500 -1.93039
21600 -1.78849
21700 -1.84695
21800 -1.93365
21900 -1.93005
22000 -1.92652
22100 -1.83775
22200 -1.74725
22300 -1.80308
22400 -1.8424
22500 -1.86473
22600 -1.87862
22700 -1.79645
22800 -1.95405
22900 -1.95602
23000 -1.93933
23100 -1.87705
23200 -1.82276
23300 -1.94007
23400 -1.82228
23500 -1.9183
23600 -1.94269
23700 -1.88407
23800 -1.72993
23900 -2.00491
24000 -1.71881
24100 -1.89829
24200 -1.9338
24300 -1.89583
24400 -1.91563
24500 -1.98291
24600 -1.81301
24700 -1.91642
24800 -1.81019
24900 -1.88818
25000 -1.76491
25100 -1.88971
25200 -1.94886
25300 -1.8829
25400 -2.00015
25500 -1.89965
25600 -1.82856
25700 -1.90151
25800 -1.93779
25900 -1.89106
26000 -1.8679
26100 -2.00949
26200 -1.86769
26300 -1.97349
26400 -1.86062
26500 -1.96169
26600 -1.84807
26700 -2.03362
26800 -1.82145
26900 -1.89791
27000 -1.7139
27100 -1.92481
27200 -1.91665
27300 -1.91594
27400 -1.90497
27500 -1.90453
27600 -1.98032
27700 -1.9069
27800 -1.87807
27900 -1.93371
28000 -1.82216
28100 -2.0544
28200 -1.79517
28300 -1.83847
28400 -1.84417
28500 -1.84635
28600 -1.88537
28700 -1.84753
28800 -2.02369
28900 -1.95158
29000 -1.90643
29100 -1.89464
29200 -1.77352
29300 -1.86135
29400 -1.98344
29500 -1.91914
29600 -1.97211
29700 -1.94631
29800 -1.84132
29900 -1.7096
30000 -1.89392
30100 -1.8451
30200 -1.8967
30300 -1.90453
30400 -1.90168
30500 -1.93106
30600 -1.9974
30700 -1.86407
30800 -1.75695
30900 -1.90991
31000 -1.90385
31100 -1.84995
31200 -1.99592
31300 -1.77627
31400 -1.88516
31500 -1.88535
31600 -1.87949
31700 -1.765
31800 -1.93452
31900 -1.78841
32000 -1.91736
32100 -1.92795
32200 -1.94599
32300 -1.8574
32400 -1.99384
32500 -1.80764
32600 -2.00067
32700 -1.90724
32800 -1.85246
32900 -1.73464
33000 -1.94909
33100 -1.89613
33200 -1.91677
33300 -1.81907
33400 -1.87725
33500 -1.85854
33600 -2.00759
33700 -1.94145
33800 -1.81399
33900 -1.83242
34000 -1.81004
34100 -1.90499
34200 -1.89988
34300 -1.88393
34400 -1.9842
34500 -1.86715
34600 -1.89384
34700 -1.8508
34800 -1.93853
34900 -1.8653
35000 -1.92075
35100 -2.03464
35200 -1.92994
35300 -1.94985
35400 -1.85705
35500 -1.83711
35600 -1.71497
35700 -1.85528
35800 -2.02987
35900 -1.9136
36000 -1.93193
36100 -1.90327
36200 -2.02088
36300 -1.99187
36400 -1.90132
36500 -1.98334
36600 -1.98164
36700 -1.93566
36800 -1.936
36900 -1.90951
37000 -1.91755
37100 -1.72566
37200 -1.92965
37300 -1.94582
37400 -2.00997
37500 -1.86835
37600 -1.86082
37700 -1.80134
37800 -1.81545
37900 -1.8626
38000 -1.86823
38100 -1.99043
38200 -1.81109
38300 -1.88253
38400 -1.92418
38500 -1.83971
38600 -1.93124
38700 -1.97524
38800 -1.94168
38900 -1.888
39000 -1.86682
39100 -1.78914
39200 -1.89774
39300 -1.94282
39400 -1.84703
39500 -1.88848
39600 -1.81898
39700 -1.95241
39800 -1.75599
39900 -1.83012
40000 -1.89372
40100 -1.92299
40200 -1.85512
40300 -1.90423
40400 -1.93731
40500 -1.86884
40600 -1.8632
40700 -1.7769
40800 -1.87249
40900 -1.92363
41000 -1.7657
41100 -1.87227
41200 -1.91338
41300 -1.91776
41400 -1.94381
41500 -1.98163
41600 -1.80461
41700 -1.8669
41800 -1.93968
41900 -1.95061
42000 -1.89388
42100 -1.83977
42200 -1.8693
42300 -1.69831
42400 -1.81699
42500 -1.72603
42600 -1.81154
42700 -1.89687
42800 -1.99397
42900 -1.83801
43000 -1.86624
43100 -1.8482
43200 -1.83538
43300 -1.92528
43400 -1.80284
43500 -1.86364
43600 -1.92555
43700 -1.90517
43800 -1.75048
43900 -1.9744
44000 -1.91957
44100 -1.88682
44200 -1.79545
44300 -2.01275
44400 -1.89611
44500 -1.84415
44600 -1.87984
44700 -1.82061
44800 -1.94434
44900 -1.98219
45000 -1.93149
45100 -2.01311
45200 -1.80507
45300 -1.96225
45400 -2.01455
45500 -1.90837
45600 -1.9111
45700 -1.89922
45800 -1.96539
45900 -1.89237
46000 -1.93635
46100 -1.81415
46200 -1.89825
46300 -1.70007
46400 -1.76221
46500 -1.94148
46600 -1.79797
46700 -1.833
46800 -1.91108
46900 -1.77753
47000 -1.95376
47100 -1.9901
47200 -1.7754
47300 -1.94035
47400 -1.91734
47500 -1.80437
47600 -1.96951
47700 -1.84826
47800 -1.90598
47900 -1.91687
48000 -1.96352
48100 -1.93564
48200 -1.8884
48300 -1.86941
48400 -1.95058
48500 -1.81591
48600 -1.84899
48700 -1.94833
48800 -1.67664
48900 -1.81944
49000 -1.79835
49100 -1.81032
49200 -1.83195
49300 -1.92872
49400 -1.87726
49500 -1.90726
49600 -1.86476
49700 -1.78124
49800 -1.95551
49900 -1.80214
50000 -1.89533
50100 -1.89075
50200 -2.01188
50300 -1.91023
50400 -1.87577
50500 -1.85278
50600 -1.86114
50700 -1.98093
50800 -1.84005
50900 -1.90956
51000 -1.91863
51100 -1.90058
51200 -1.81775
51300 -2.04749
51400 -1.86834
51500 -1.81008
51600 -1.91418
51700 -1.85543
51800 -1.7644
51900 -1.8256
52000 -1.99043
52100 -1.84674
52200 -1.90308
52300 -1.69385
52400 -1.93374
52500 -1.82545
52600 -1.94878
52700 -1.84827
52800 -1.98584
52900 -1.85782
53000 -1.83986
53100 -1.96123
53200 -1.91344
53300 -1.94114
53400 -1.85594
53500 -1.94604
53600 -1.85806
53700 -1.89532
53800 -1.90166
53900 -1.98371
54000 -1.77476
54100 -1.90542
54200 -1.858
54300 -1.88054
54400 -1.8297
54500 -1.691
54600 -1.8539
54700 -1.88063
54800 -1.86675
54900 -1.86681
55000 -1.83655
55100 -1.79884
55200 -1.85706
55300 -1.87976
55400 -1.88722
55500 -1.81826
55600 -1.86753
55700 -1.84072
55800 -1.99242
55900 -1.93896
56000 -1.92477
56100 -1.8417
56200 -1.86146
56300 -1.86492
56400 -1.91586
56500 -1.988
56600 -1.87491
56700 -1.97555
56800 -1.90033
56900 -1.91674
57000 -1.9474
57100 -1.82835
57200 -1.75158
57300 -1.90114
57400 -1.88663
57500 -1.78882
57600 -1.93189
57700 -1.97502
57800 -1.93635
57900 -1.80975
58000 -1.92027
58100 -1.87446
58200 -1.93294
58300 -1.94949
58400 -1.87665
58500 -1.99591
58600 -1.94866
58700 -1.96391
58800 -2.03711
58900 -1.85262
59000 -1.90688
59100 -1.88949
59200 -1.80388
59300 -1.87844
59400 -1.89638
59500 -1.9754
59600 -1.86931
59700 -1.87596
59800 -1.90758
59900 -1.87821
60000 -1.84114
60100 -1.79587
60200 -1.87471
60300 -1.88912
60400 -1.95568
60500 -1.88268
60600 -1.79894
60700 -1.73751
60800 -1.86474
60900 -1.90739
61000 -1.82899
61100 -1.88192
61200 -1.86784
61300 -1.7554
61400 -2.06573
61500 -1.81109
61600 -2.02294
61700 -1.94845
61800 -1.64368
61900 -1.80868
62000 -1.99434
62100 -1.93581
62200 -2.00157
62300 -1.72755
62400 -1.868
62500 -1.9054
62600 -1.92029
62700 -1.81563
62800 -1.93991
62900 -1.88896
63000 -1.87337
63100 -1.94222
63200 -1.72878
63300 -1.93545
63400 -1.84991
63500 -1.93568
63600 -1.79143
63700 -1.84566
63800 -1.92944
63900 -1.81902
64000 -1.93594
64100 -1.95024
64200 -1.73374
64300 -1.73371
64400 -1.84499
64500 -1.86769
64600 -1.79348
64700 -1.87805
64800 -1.78434
64900 -1.90628
65000 -1.91089
65100 -1.95268
65200 -1.88932
65300 -1.85071
65400 -1.80982
65500 -1.94649
65600 -1.8131
65700 -1.84545
65800 -1.9303
65900 -1.9604
66000 -1.87969
66100 -1.85045
66200 -1.77468
66300 -1.83301
66400 -1.86933
66500 -1.82212
66600 -1.88061
66700 -2.04846
66800 -1.87651
66900 -1.88919
67000 -1.93099
67100 -1.86632
67200 -1.92108
67300 -1.83763
67400 -1.8211
67500 -1.81086
67600 -1.9331
67700 -1.91252
67800 -1.76182
67900 -1.84824
68000 -1.93579
68100 -1.79391
68200 -1.83263
68300 -1.93102
68400 -1.81001
68500 -1.92644
68600 -2.0448
68700 -1.90929
68800 -1.92675
68900 -1.90865
69000 -1.78007
69100 -1.88444
69200 -1.92305
69300 -1.88547
69400 -1.76925
69500 -1.74052
69600 -1.9978
69700 -1.86471
69800 -1.88311
69900 -1.95816
70000 -1.90401
70100 -1.90857
70200 -1.90477
70300 -1.98338
70400 -2.02379
70500 -1.87768
70600 -1.68998
70700 -1.90429
70800 -1.95209
70900 -1.77554
71000 -1.85057
71100 -1.8251
71200 -1.93284
71300 -1.87796
71400 -1.95353
71500 -1.85775
71600 -1.84188
71700 -1.86075
71800 -1.91293
71900 -1.82275
72000 -1.9171
72100 -1.86934
72200 -1.83556
72300 -1.83264
72400 -1.88998
72500 -1.90677
72600 -1.92673
72700 -1.75683
72800 -1.92909
72900 -1.83136
73000 -1.8273
73100 -1.84992
73200 -1.8211
73300 -2.01279
73400 -1.75383
73500 -1.87094
73600 -1.89166
73700 -2.01566
73800 -1.89366
73900 -1.83096
74000 -1.70939
74100 -1.89589
74200 -1.90858
74300 -1.80777
74400 -1.93645
74500 -1.82942
74600 -1.92678
74700 -1.87244
74800 -1.97233
74900 -1.8724
75000 -1.96169
75100 -1.84195
75200 -1.91851
75300 -1.91592
75400 -1.90047
75500 -1.88942
75600 -1.84391
75700 -1.85771
75800 -1.81239
75900 -1.86773
76000 -1.99358
76100 -1.88125
76200 -1.75313
76300 -1.83442
76400 -1.87666
76500 -1.96508
76600 -1.86405
76700 -1.81838
76800 -1.94126
76900 -1.89326
77000 -1.89592
77100 -1.8205
77200 -2.00865
77300 -1.81777
77400 -1.72533
77500 -1.90618
77600 -1.76757
77700 -1.86347
77800 -1.91882
77900 -1.81516
78000 -1.91319
78100 -1.73995
78200 -1.80518
78300 -1.89969
78400 -1.91027
78500 -1.75424
78600 -1.78434
78700 -1.91972
78800 -1.95856
78900 -1.84446
79000 -1.97504
79100 -1.89136
79200 -2.02222
79300 -1.91011
79400 -1.86952
79500 -1.89167
79600 -1.87369
79700 -1.91092
79800 -1.79474
79900 -1.79595
80000 -1.85494
80100 -1.90026
80200 -1.81907
80300 -1.93944
80400 -1.94992
80500 -1.784
80600 -1.91627
80700 -1.84772
80800 -1.92868
80900 -1.8854
81000 -1.88655
81100 -1.83872
81200 -2.03995
81300 -1.76971
81400 -1.91198
81500 -1.93183
81600 -1.84781
81700 -1.92039
81800 -1.90324
81900 -1.72746
82000 -1.86519
82100 -1.88893
82200 -1.88817
82300 -1.94038
82400 -1.86585
82500 -1.81393
82600 -1.96671
82700 -1.94956
82800 -1.94774
82900 -1.92877
83000 -1.9077
83100 -1.83293
83200 -1.83586
83300 -1.89026
83400 -1.88891
83500 -1.93704
83600 -1.95953
83700 -1.90733
83800 -1.84897
83900 -1.7856
84000 -1.89857
84100 -1.97272
84200 -1.86669
84300 -1.75508
84400 -1.83271
84500 -1.82415
84600 -1.95795
84700 -1.67781
84800 -1.87003
84900 -1.97248
85000 -1.91595
85100 -1.87084
85200 -1.87685
85300 -1.91125
85400 -1.87248
85500 -1.92494
85600 -1.84166
85700 -1.85645
85800 -1.97242
85900 -1.84319
86000 -1.93312
86100 -1.9524
86200 -1.73212
86300 -1.90119
86400 -1.78788
86500 -1.85531
86600 -1.90214
86700 -1.90453
86800 -1.88403
86900 -1.86893
87000 -1.81395
87100 -1.93835
87200 -1.92785
87300 -1.92127
87400 -1.90064
87500 -1.76857
87600 -1.93266
87700 -1.86995
87800 -1.89777
87900 -1.88623
88000 -1.95625
88100 -1.99923
88200 -1.90478
88300 -1.8222
88400 -1.9848
88500 -1.75653
88600 -1.99284
88700 -1.91552
88800 -1.84766
88900 -1.88908
89000 -1.91191
89100 -1.94642
89200 -1.98801
89300 -1.84871
89400 -1.82337
89500 -1.80822
89600 -1.82572
89700 -1.74005
89800 -1.88366
89900 -1.94699
90000 -1.77737
90100 -1.94242
90200 -1.93768
90300 -1.8909
90400 -1.82299
90500 -1.93404
90600 -1.85471
90700 -1.94055
90800 -1.90904
90900 -1.78493
91000 -1.98124
91100 -1.98313
91200 -1.99288
91300 -1.81559
91400 -1.91442
91500 -1.97589
91600 -1.93131
91700 -1.84942
91800 -1.97256
91900 -1.89533
92000 -1.73538
92100 -1.87982
92200 -1.91425
92300 -1.90972
92400 -1.79336
92500 -1.90206
92600 -2.013
92700 -1.90909
92800 -1.98559
92900 -1.94754
93000 -1.84099
93100 -1.83983
93200 -1.95389
93300 -1.9414
93400 -1.92717
93500 -2.03209
93600 -1.8474
93700 -1.87144
93800 -1.83518
93900 -1.79589
94000 -1.82802
94100 -1.95637
94200 -1.87975
94300 -1.95805
94400 -1.95873
94500 -1.94412
94600 -1.94845
94700 -1.98928
94800 -1.83516
94900 -1.92915
95000 -1.89302
95100 -1.8262
95200 -1.9339
95300 -1.83969
95400 -1.9632
95500 -1.87236
95600 -1.92673
95700 -1.91174
95800 -1.8595
95900 -1.76225
96000 -1.95842
96100 -1.85787
96200 -1.94182
96300 -1.82437
96400 -1.98351
96500 -1.9695
96600 -1.96316
96700 -1.80918
96800 -1.96914
96900 -1.72826
97000 -1.76526
97100 -1.90618
97200 -1.91161
97300 -2.02781
97400 -1.8848
97500 -1.86555
97600 -1.89256
97700 -1.81896
97800 -1.83958
97900 -1.92732
98000 -1.95857
98100 -1.85888
98200 -1.76859
98300 -1.96852
98400 -1.8637
98500 -1.84135
98600 -2.00194
98700 -1.78161
98800 -1.99775
98900 -1.91129
99000 -1.86941
99100 -1.92546
99200 -1.80966
99300 -1.95858
99400 -2.01417
99500 -1.84755
99600 -1.82735
99700 -1.88616
99800 -1.77271
99900 -1.75561
