0 -0.714283
100 -0.89546
200 -1.02114
300 -0.954814
400 -0.988216
500 -0.988526
600 -0.890887
700 -0.812304
800 -0.868991
900 -0.910082
1000 -0.857244
1100 -0.91543
1200 -0.821844
1300 -0.785187
1400 -0.974624
1500 -0.698141
1600 -0.894601
1700 -0.958685
1800 -0.776897
1900 -1.03577
2000 -0.840663
2100 -0.862722
2200 -0.885332
2300 -0.863089
2400 -0.808258
2500 -0.779176
2600 -0.920458
2700 -0.867894
2800 -0.880811
2900 -0.840682
3000 -0.868967
3100 -0.836536
3200 -0.936052
3300 -0.936555
3400 -0.886017
3500 -0.857044
3600 -0.86289
3700 -0.978784
3800 -0.900934
3900 -0.905644
4000 -0.721418
4100 -0.864445
4200 -0.677067
4300 -0.859747
4400 -0.824549
4500 -0.792634
4600 -0.75167
4700 -0.794037
4800 -0.889509
4900 -0.852691
5000 -0.667772
5100 -0.973481
5200 -0.828492
5300 -0.797042
5400 -0.706402
5500 -0.803947
5600 -0.853572
5700 -0.842247
5800 -0.902286
5900 -0.930408
6000 -0.927027
6100 -0.902531
6200 -0.885422
6300 -0.79918
6400 -0.772082
6500 -0.779094
6600 -0.81624
6700 -0.899295
6800 -0.890586
6900 -0.816503
7000 -0.756996
7100 -0.907661
7200 -0.923864
7300 -0.911051
7400 -0.838505
7500 -0.837587
7600 -0.833687
7700 -0.757917
7800 -0.803892
7900 -0.716222
8000 -0.827717
8100 -0.756342
8200 -0.960654
8300 -0.885221
8400 -0.887458
8500 -0.785246
8600 -0.859948
8700 -0.874797
8800 -0.716889
8900 -0.907096
9000 -0.947526
9100 -0.827588
9200 -0.761301
9300 -0.689708
9400 -0.800021
9500 -0.856905
9600 -0.784506
9700 -0.692817
9800 -0.75258
9900 -0.82247
10000 -0.915206
10100 -0.948448
10200 -0.806448
10300 -0.88097
10400 -0.811314
10500 -0.895756
10600 -0.772805
10700 -0.838411
10800 -0.919032
10900 -0.839328
11000 -0.922698
11100 -0.923102
11200 -0.861278
11300 -0.775833
11400 -0.785377
11500 -0.981456
11600 -0.743954
11700 -0.815562
11800 -0.874479
11900 -0.833325
12000 -0.888368
12100 -0.736707
12200 -0.702709
12300 -0.788947
12400 -0.812086
12500 -0.864293
12600 -0.769108
12700 -0.905135
12800 -0.849558
12900 -0.792751
13000 -0.894581
13100 -0.759003
13200 -0.736988
13300 -0.964593
13400 -0.79494
13500 -0.873863
13600 -0.839455
13700 -0.813414
13800 -0.940609
13900 -0.810112
14000 -0.957937
14100 -0.945198
14200 -0.850838
14300 -0.890649
14400 -0.796192
14500 -0.841664
14600 -0.841664
14700 -0.802222
14800 -0.743324
14900 -0.829925
15000 -0.843791
15100 -0.91393
15200 -0.782284
15300 -0.77593
15400 -0.918851
15500 -0.803877
15600 -0.821065
15700 -0.888681
15800 -0.830665
15900 -0.914876
16000 -0.767805
16100 -0.824804
16200 -0.755365
16300 -0.834007
16400 -0.835245
16500 -0.698154
16600 -0.846764
16700 -0.798866
16800 -0.833563
16900 -0.901337
17000 -0.900056
17100 -0.793539
17200 -0.820548
17300 -0.961226
17400 -0.859399
17500 -0.866015
17600 -0.911853
17700 -0.78437
17800 -0.864008
17900 -0.897241
18000 -0.990333
18100 -0.859448
18200 -0.853921
18300 -0.820286
18400 -0.928627
18500 -0.752678
18600 -0.857984
18700 -0.817208
18800 -0.836829
18900 -0.807824
19000 -0.827424
19100 -0.95251
19200 -0.773448
19300 -0.732977
19400 -0.785472
19500 -0.828311
19600 -0.807722
19700 -0.905626
19800 -0.863823
19900 -0.768526
20000 -0.798187
20100 -0.799911
20200 -0.951804
20300 -0.803782
20400 -0.912549
20500 -0.798431
20600 -0.939547
20700 -0.784067
20800 -0.844162
20900 -0.751214
21000 -0.844086
21100 -0.926146
21200 -0.797713
21300 -0.693332
21400 -0.889222
21500 -0.967945
21600 -0.867118
21700 -0.799897
21800 -0.843557
21900 -0.709101
22000 -0.76824
22100 -0.87472
22200 -0.678898
22300 -0.756582
22400 -0.828802
22500 -0.722762
22600 -0.897557
22700 -0.809632
22800 -0.802055
22900 -0.768852
23000 -0.74574
23100 -0.748773
23200 -0.876012
23300 -0.876718
23400 -0.771408
23500 -0.793582
23600 -0.842537
23700 -0.920308
23800 -0.902673
23900 -0.812648
24000 -0.748955
24100 -0.823453
24200 -0.756989
24300 -0.903404
24400 -0.799561
24500 -0.921277
24600 -0.815181
24700 -0.791722
24800 -1.00253
24900 -0.788917
25000 -0.730672
25100 -0.87512
25200 -0.790241
25300 -0.788095
25400 -0.820971
25500 -0.782919
25600 -0.799291
25700 -0.798177
25800 -0.805235
25900 -0.809811
26000 -0.853927
26100 -0.948883
26200 -0.94248
26300 -0.829474
26400 -0.749027
26500 -0.860782
26600 -0.889698
26700 -0.897723
26800 -0.972078
26900 -0.818674
27000 -0.909654
27100 -0.92325
27200 -0.745308
27300 -0.842814
27400 -0.830547
27500 -0.959611
27600 -0.909654
27700 -0.82703
27800 -0.851547
27900 -1.00319
28000 -0.798084
28100 -0.915584
28200 -0.919776
28300 -0.762754
28400 -0.972943
28500 -0.732515
28600 -0.765754
28700 -0.835423
28800 -0.799906
28900 -0.805835
29000 -0.690576
29100 -0.998916
29200 -0.85366
29300 -0.941834
29400 -0.800462
29500 -0.869067
29600 -0.782707
29700 -0.759944
29800 -0.839783
29900 -0.845931
30000 -0.954958
30100 -0.807395
30200 -0.845908
30300 -0.832433
30400 -0.846617
30500 -0.754861
30600 -0.712091
30700 -0.888776
30800 -0.868081
30900 -0.868209
31000 -0.934443
31100 -0.863059
31200 -0.809474
31300 -0.818326
31400 -0.874309
31500 -0.908965
31600 -0.819883
31700 -0.757592
31800 -0.796891
31900 -0.770717
32000 -0.860316
32100 -0.760125
32200 -0.939606
32300 -0.898345
32400 -0.874672
32500 -0.903028
32600 -0.886242
32700 -1.02221
32800 -0.856505
32900 -0.904871
33000 -0.78994
33100 -0.919324
33200 -0.940632
33300 -0.878782
33400 -0.872035
33500 -0.804695
33600 -0.812551
33700 -0.815121
33800 -0.749616
33900 -0.850717
34000 -0.749173
34100 -0.831007
34200 -0.786765
34300 -0.907329
34400 -0.748272
34500 -0.801767
34600 -0.782655
34700 -0.83725
34800 -0.933993
34900 -0.740657
35000 -0.870112
35100 -0.865647
35200 -0.749365
35300 -0.742576
35400 -0.804134
35500 -0.809478
35600 -0.904841
35700 -0.838988
35800 -0.854604
35900 -0.863525
36000 -0.800994
36100 -0.875229
36200 -0.812468
36300 -0.83457
36400 -0.77713
36500 -0.839555
36600 -0.813764
36700 -0.823724
36800 -0.819679
36900 -0.727039
37000 -0.833134
37100 -1.00206
37200 -0.930859
37300 -0.828204
37400 -0.785281
37500 -0.96743
37600 -0.759874
37700 -0.961077
37800 -0.784344
37900 -0.859436
38000 -0.88126
38100 -0.938689
38200 -0.82391
38300 -0.918811
38400 -0.838542
38500 -0.858523
38600 -0.812907
38700 -0.845545
38800 -0.801398
38900 -0.823632
39000 -0.752734
39100 -0.820476
39200 -0.899862
39300 -0.882234
39400 -0.976794
39500 -0.857711
39600 -1.00123
39700 -0.965902
39800 -0.799501
39900 -0.784419
40000 -0.849297
40100 -0.741072
40200 -0.948796
40300 -0.938682
40400 -0.908446
40500 -0.829188
40600 -0.94083
40700 -0.859455
40800 -0.892128
40900 -0.920506
41000 -0.895854
41100 -0.916139
41200 -0.970066
41300 -1.07993
41400 -0.838686
41500 -0.979614
41600 -0.774271
41700 -0.928155
41800 -0.853577
41900 -0.951851
42000 -0.878382
42100 -0.824748
42200 -0.820809
42300 -0.735361
42400 -0.906258
42500 -0.912787
42600 -0.917682
42700 -0.989434
42800 -0.969057
42900 -1.00555
43000 -0.697681
43100 -0.89415
43200 -0.913318
43300 -0.825473
43400 -0.905612
43500 -0.892177
43600 -0.767328
43700 -0.785336
43800 -0.792587
43900 -0.914594
44000 -0.856337
44100 -0.719762
44200 -0.853552
44300 -0.8968
44400 -0.87107
44500 -0.864371
44600 -0.778121
44700 -0.861406
44800 -0.839967
44900 -0.777237
45000 -0.970397
45100 -0.966146
45200 -0.777802
45300 -0.841114
45400 -0.823984
45500 -0.851725
45600 -0.833313
45700 -0.849134
45800 -0.854829
45900 -0.864341
46000 -0.971211
46100 -0.928796
46200 -0.891206
46300 -0.955371
46400 -0.820344
46500 -0.798118
46600 -0.818566
46700 -0.889572
46800 -0.921041
46900 -0.763397
47000 -0.783665
47100 -0.856563
47200 -0.916701
47300 -0.880447
47400 -0.915955
47500 -0.830448
47600 -0.875982
47700 -0.909572
47800 -0.919051
47900 -0.944562
48000 -0.966476
48100 -0.773587
48200 -0.971735
48300 -0.882362
48400 -0.770235
48500 -0.756983
48600 -0.732586
48700 -0.851848
48800 -0.785178
48900 -0.866855
49000 -0.910648
49100 -0.821336
49200 -0.788332
49300 -0.908568
49400 -0.878343
49500 -0.972599
49600 -0.795755
49700 -0.88426
49800 -0.85672
49900 -0.845049
50000 -0.888066
50100 -0.986039
50200 -0.811599
50300 -0.906187
50400 -0.993234
50500 -0.983176
50600 -0.900954
50700 -0.874599
50800 -1.00143
50900 -1.0054
51000 -0.90029
51100 -0.778263
51200 -0.761517
51300 -0.861063
51400 -0.766078
51500 -0.9258
51600 -0.91531
51700 -0.760011
51800 -0.960119
51900 -0.942373
52000 -0.880038
52100 -0.864491
52200 -0.784654
52300 -0.733473
52400 -0.78618
52500 -0.940467
52600 -0.726791
52700 -0.737142
52800 -0.885319
52900 -0.745373
53000 -0.892184
53100 -0.698738
53200 -0.890803
53300 -0.881899
53400 -0.709426
53500 -0.88456
53600 -0.916279
53700 -0.877344
53800 -0.784679
53900 -0.813422
54000 -0.818023
54100 -0.838885
54200 -0.822869
54300 -0.850487
54400 -0.841895
54500 -1.06951
54600 -0.901159
54700 -0.748996
54800 -0.801283
54900 -0.913241
55000 -0.748424
55100 -0.801973
55200 -0.762759
55300 -0.853251
55400 -0.822559
55500 -0.853749
55600 -0.814135
55700 -0.758076
55800 -0.949261
55900 -0.822679
56000 -0.796925
56100 -0.730613
56200 -0.80261
56300 -0.76336
56400 -0.81162
56500 -0.743257
56600 -0.717652
56700 -0.839422
56800 -0.764023
56900 -0.937313
57000 -0.846115
57100 -0.705401
57200 -0.765963
57300 -0.842595
57400 -0.821475
57500 -0.919542
57600 -0.83101
57700 -0.832723
57800 -0.799797
57900 -0.963917
58000 -0.838368
58100 -0.915077
58200 -0.839553
58300 -0.880354
58400 -0.843297
58500 -0.963973
58600 -0.81405
58700 -0.783642
58800 -0.850321
58900 -0.889573
59000 -0.953769
59100 -0.936185
59200 -0.730396
59300 -0.781505
59400 -0.839423
59500 -0.813673
59600 -0.89875
59700 -0.967302
59800 -0.788954
59900 -0.79037
60000 -0.811636
60100 -0.915087
60200 -0.76979
60300 -0.743113
60400 -0.896474
60500 -0.860478
60600 -0.819141
60700 -0.809795
60800 -0.855071
60900 -0.831896
61000 -0.813839
61100 -0.81974
61200 -0.834912
61300 -0.748367
61400 -0.80306
61500 -0.963194
61600 -0.719236
61700 -0.866585
61800 -0.84884
61900 -0.81174
62000 -0.961815
62100 -0.905068
62200 -0.712534
62300 -0.863573
62400 -0.675413
62500 -0.872023
62600 -0.85087
62700 -0.797062
62800 -0.914749
62900 -0.834431
63000 -0.749076
63100 -0.810311
63200 -0.871368
63300 -0.742421
63400 -0.796225
63500 -0.84039
63600 -0.783132
63700 -0.887757
63800 -0.86
63900 -0.830774
64000 -0.662153
64100 -0.746217
64200 -0.803077
64300 -0.789579
64400 -0.873355
64500 -0.773012
64600 -0.727832
64700 -0.853728
64800 -0.921512
64900 -0.930715
65000 -0.804489
65100 -0.98191
65200 -0.809283
65300 -0.937064
65400 -0.696978
65500 -0.832187
65600 -0.878292
65700 -0.923255
65800 -0.927372
65900 -0.890605
66000 -0.720106
66100 -0.770755
66200 -0.710173
66300 -0.808741
66400 -0.824247
66500 -0.870876
66600 -0.821329
66700 -0.784973
66800 -0.868065
66900 -0.70102
67000 -0.839964
67100 -0.883734
67200 -0.844651
67300 -0.793274
67400 -0.831648
67500 -0.874649
67600 -0.869096
67700 -0.919054
67800 -0.852902
67900 -0.907875
68000 -0.808097
68100 -0.841757
68200 -0.801435
68300 -0.713895
68400 -0.903289
68500 -0.98917
68600 -0.896647
68700 -1.02365
68800 -0.881978
68900 -0.916115
69000 -0.882817
69100 -0.940316
69200 -0.712474
69300 -0.810508
69400 -0.858394
69500 -0.895443
69600 -0.778321
69700 -0.848083
69800 -0.74649
69900 -0.944837
70000 -0.851812
70100 -0.757051
70200 -0.801115
70300 -0.876785
70400 -0.816373
70500 -0.832648
70600 -0.810969
70700 -0.811231
70800 -0.92852
70900 -0.858288
71000 -0.91332
71100 -0.956808
71200 -0.871739
71300 -0.813952
71400 -0.886822
71500 -0.954517
71600 -0.76928
71700 -0.807149
71800 -0.743265
71900 -0.748368
72000 -0.746292
72100 -0.833417
72200 -0.841052
72300 -0.841916
72400 -0.779491
72500 -0.863104
72600 -0.818845
72700 -0.729101
72800 -0.927618
72900 -1.05613
73000 -0.830579
73100 -0.873232
73200 -0.922971
73300 -0.789002
73400 -0.877881
73500 -0.883665
73600 -0.866558
73700 -0.887593
73800 -0.819261
73900 -0.750141
74000 -0.836142
74100 -0.912831
74200 -0.897132
74300 -0.988147
74400 -0.832391
74500 -0.873907
74600 -0.903219
74700 -0.809497
74800 -0.850985
74900 -1.00272
75000 -0.801691
75100 -0.851999
75200 -0.855507
75300 -0.917297
75400 -0.902588
75500 -0.822353
75600 -0.829383
75700 -0.961754
75800 -0.903751
75900 -0.819176
76000 -0.783335
76100 -0.868792
76200 -0.869915
76300 -0.804808
76400 -0.866593
76500 -0.76172
76600 -0.791432
76700 -0.833816
76800 -0.877824
76900 -0.942446
77000 -0.901074
77100 -0.923741
77200 -0.802351
77300 -0.906706
77400 -0.971179
77500 -0.792279
77600 -0.828254
77700 -0.893172
77800 -0.921919
77900 -0.786003
78000 -0.902733
78100 -0.781582
78200 -0.920463
78300 -0.79829
78400 -0.836876
78500 -0.959581
78600 -0.863036
78700 -0.827494
78800 -0.874856
78900 -0.87191
79000 -0.842931
79100 -0.804911
79200 -0.935411
79300 -0.94962
79400 -0.847049
79500 -0.928138
79600 -0.877687
79700 -0.892308
79800 -0.789339
79900 -0.840362
80000 -0.879642
80100 -0.835846
80200 -0.800635
80300 -0.760507
80400 -0.837714
80500 -0.830028
80600 -0.885779
80700 -1.13268
80800 -0.853017
80900 -0.936521
81000 -0.791818
81100 -0.826602
81200 -0.740006
81300 -0.94181
81400 -0.82565
81500 -0.825427
81600 -0.845538
81700 -0.779007
81800 -0.888508
81900 -0.790777
82000 -0.851365
82100 -0.707231
82200 -0.910228
82300 -0.750325
82400 -0.849499
82500 -0.827558
82600 -0.957348
82700 -0.868251
82800 -0.87531
82900 -1.08728
83000 -0.850291
83100 -0.762499
83200 -0.855153
83300 -0.952079
83400 -0.864377
83500 -0.731806
83600 -0.821977
83700 -0.815969
83800 -0.992823
83900 -1.04946
84000 -1.03343
84100 -0.993636
84200 -1.0374
84300 -0.880007
84400 -0.938371
84500 -0.822256
84600 -0.871507
84700 -0.745326
84800 -0.763878
84900 -0.891194
85000 -0.916573
85100 -0.824414
85200 -0.655887
85300 -0.838325
85400 -0.927651
85500 -0.783162
85600 -0.819218
85700 -0.7949
85800 -0.743568
85900 -0.903518
86000 -0.810408
86100 -0.796355
86200 -0.801712
86300 -0.885922
86400 -0.831253
86500 -0.783995
86600 -0.817425
86700 -0.916143
86800 -0.860676
86900 -0.956396
87000 -0.779435
87100 -0.888502
87200 -0.657898
87300 -0.812737
87400 -0.802422
87500 -0.799231
87600 -0.845799
87700 -0.920093
87800 -0.773794
87900 -0.893643
88000 -0.813263
88100 -0.850612
88200 -0.757914
88300 -0.827889
88400 -0.780511
88500 -0.783024
88600 -0.67308
88700 -0.813809
88800 -0.814811
88900 -0.951638
89000 -0.943394
89100 -0.757049
89200 -0.856681
89300 -0.842796
89400 -0.859674
89500 -0.811731
89600 -0.8066
89700 -0.927409
89800 -0.918473
89900 -0.826195
90000 -0.873992
90100 -0.854479
90200 -0.822237
90300 -0.932945
90400 -0.751851
90500 -0.910527
90600 -0.841599
90700 -0.909115
90800 -0.865216
90900 -0.893116
91000 -0.898885
91100 -0.833696
91200 -0.971777
91300 -1.00723
91400 -0.876926
91500 -0.889077
91600 -0.886574
91700 -0.847133
91800 -0.838917
91900 -0.859588
92000 -0.825957
92100 -0.879013
92200 -0.925704
92300 -0.836456
92400 -0.7005
92500 -0.87599
92600 -0.77471
92700 -0.80748
92800 -0.828966
92900 -0.823419
93000 -0.905568
93100 -0.852308
93200 -0.856583
93300 -0.716351
93400 -0.854009
93500 -0.871273
93600 -0.890799
93700 -0.679267
93800 -0.790472
93900 -0.860573
94000 -0.827518
94100 -0.793094
94200 -0.795799
94300 -0.790034
94400 -0.956031
94500 -0.840972
94600 -0.827631
94700 -0.820594
94800 -0.747568
94900 -0.749236
95000 -0.814136
95100 -0.803879
95200 -0.874645
95300 -0.898255
95400 -0.829282
95500 -0.846287
95600 -1.00309
95700 -0.830197
95800 -0.955825
95900 -0.931759
96000 -0.90245
96100 -0.80494
96200 -0.776047
96300 -0.904568
96400 -0.944853
96500 -0.96717
96600 -0.899731
96700 -0.931016
96800 -0.880848
96900 -0.827342
97000 -0.90524
97100 -0.733491
97200 -0.771424
97300 -0.834295
97400 -0.815326
97500 -0.80007
97600 -0.90392
97700 -0.757302
97800 -0.853385
97900 -0.844853
98000 -0.822569
98100 -0.780882
98200 -0.933636
98300 -0.904261
98400 -0.793921
98500 -0.865915
98600 -0.869914
98700 -0.744404
98800 -0.933218
98900 -0.828534
99000 -0.765178
99100 -0.832903
99200 -0.844206
99300 -0.969205
99400 -0.819852
99500 -0.841828
99600 -0.80462
99700 -0.903011
99800 -0.833769
99900 -0.820421
