0 -0.724601
100 -0.703387
200 -0.781847
300 -0.719227
400 -0.71652
500 -0.687688
600 -0.663404
700 -0.691984
800 -0.621436
900 -0.677625
1000 -0.722824
1100 -0.680448
1200 -0.67016
1300 -0.726334
1400 -0.657133
1500 -0.632924
1600 -0.73178
1700 -0.73432
1800 -0.698648
1900 -0.741112
2000 -0.702311
2100 -0.719475
2200 -0.674446
2300 -0.675589
2400 -0.663373
2500 -0.684948
2600 -0.70165
2700 -0.669008
2800 -0.6913
2900 -0.67546
3000 -0.757456
3100 -0.660272
3200 -0.725954
3300 -0.612494
3400 -0.665387
3500 -0.671739
3600 -0.650058
3700 -0.709477
3800 -0.7225
3900 -0.668961
4000 -0.638928
4100 -0.676818
4200 -0.672931
4300 -0.679881
4400 -0.688787
4500 -0.661098
4600 -0.709736
4700 -0.71734
4800 -0.670982
4900 -0.690385
5000 -0.704876
5100 -0.68383
5200 -0.661508
5300 -0.67074
5400 -0.682833
5500 -0.680586
5600 -0.708446
5700 -0.696143
5800 -0.715377
5900 -0.743024
6000 -0.721796
6100 -0.643347
6200 -0.672077
6300 -0.696724
6400 -0.611106
6500 -0.695357
6600 -0.673703
6700 -0.674236
6800 -0.68106
6900 -0.745748
7000 -0.808927
7100 -0.704566
7200 -0.661352
7300 -0.736099
7400 -0.614486
7500 -0.671685
7600 -0.699242
7700 -0.702147
7800 -0.720157
7900 -0.668223
8000 -0.671574
8100 -0.710655
8200 -0.625971
8300 -0.705024
8400 -0.685885
8500 -0.697279
8600 -0.74691
8700 -0.716925
8800 -0.693453
8900 -0.67962
9000 -0.628856
9100 -0.685882
9200 -0.657659
9300 -0.696982
9400 -0.670279
9500 -0.646992
9600 -0.596745
9700 -0.690163
9800 -0.656737
9900 -0.730134
