0 -0.973511
100 -0.93334
200 -0.958663
300 -1.029
400 -0.921487
500 -0.902406
600 -0.990383
700 -0.993417
800 -1.00458
900 -0.909966
1000 -0.933361
1100 -0.902004
1200 -0.938671
1300 -0.908785
1400 -0.8764
1500 -0.94166
1600 -0.929278
1700 -0.985869
1800 -1.03473
1900 -1.01319
2000 -0.969329
2100 -1.10537
2200 -1.03982
2300 -1.0574
2400 -1.14525
2500 -0.989106
2600 -0.9938
2700 -1.00321
2800 -1.00943
2900 -1.03291
3000 -1.15533
3100 -1.00703
3200 -1.0318
3300 -0.966609
3400 -0.972558
3500 -0.998312
3600 -0.989724
3700 -0.986706
3800 -0.963186
3900 -0.983648
4000 -1.07448
4100 -1.00374
4200 -1.01813
4300 -0.952698
4400 -1.00436
4500 -1.07016
4600 -1.00007
4700 -1.01712
4800 -1.00436
4900 -1.06378
5000 -1.00551
5100 -1.03792
5200 -1.04022
5300 -1.17751
5400 -1.07974
5500 -1.08602
5600 -1.08684
5700 -1.10842
5800 -1.12808
5900 -1.08641
6000 -1.05805
6100 -1.05555
6200 -1.0389
6300 -1.03227
6400 -1.01296
6500 -1.01072
6600 -0.964909
6700 -1.0126
6800 -1.0345
6900 -0.998628
7000 -1.00207
7100 -0.945945
7200 -0.883801
7300 -1.01854
7400 -0.972476
7500 -1.01103
7600 -1.04604
7700 -1.04789
7800 -0.987997
7900 -1.01089
8000 -1.07798
8100 -1.12361
8200 -1.01431
8300 -1.0848
8400 -1.09011
8500 -1.03008
8600 -1.10985
8700 -1.07163
8800 -1.09339
8900 -1.01538
9000 -1.04455
9100 -0.945984
9200 -0.990334
9300 -0.983036
9400 -0.965222
9500 -1.00968
9600 -0.982185
9700 -1.00439
9800 -0.909108
9900 -1.03963
