0 -0.839751
100 -0.860941
200 -0.833453
300 -0.856152
400 -0.821123
500 -0.901305
600 -0.776122
700 -0.78253
800 -0.867672
900 -0.779482
1000 -0.812563
1100 -0.752848
1200 -0.868979
1300 -0.884784
1400 -0.832388
1500 -0.851758
1600 -0.829685
1700 -0.785419
1800 -0.860651
1900 -0.847272
2000 -0.829231
2100 -0.759927
2200 -0.850892
2300 -0.759195
2400 -0.770829
2500 -0.889288
2600 -0.875768
2700 -0.789561
2800 -0.802816
2900 -0.84647
3000 -0.79365
3100 -0.837971
3200 -0.877808
3300 -0.850252
3400 -0.823773
3500 -0.79304
3600 -0.800757
3700 -0.812221
3800 -0.851873
3900 -0.905897
4000 -0.871916
4100 -0.810573
4200 -0.849133
4300 -0.870879
4400 -0.813864
4500 -0.921063
4600 -0.802697
4700 -0.824659
4800 -0.928822
4900 -0.878243
5000 -0.918952
5100 -0.887991
5200 -0.795681
5300 -0.824796
5400 -0.909699
5500 -0.840334
5600 -0.84347
5700 -0.952824
5800 -0.855702
5900 -0.856909
6000 -0.848705
6100 -0.868904
6200 -0.821644
6300 -0.852261
6400 -0.831946
6500 -0.890343
6600 -0.866473
6700 -0.8036
6800 -0.852079
6900 -0.889228
7000 -0.906162
7100 -0.833182
7200 -0.944313
7300 -0.905907
7400 -0.94531
7500 -0.947109
7600 -0.915586
7700 -0.935362
7800 -0.869747
7900 -0.868717
8000 -0.880365
8100 -0.915657
8200 -0.848325
8300 -0.886959
8400 -0.917831
8500 -0.861811
8600 -0.931864
8700 -0.919856
8800 -0.828197
8900 -0.86982
9000 -0.90428
9100 -0.925278
9200 -0.867589
9300 -0.885731
9400 -0.884081
9500 -0.869556
9600 -0.83774
9700 -0.838075
9800 -0.817796
9900 -0.89852
