0 -0.720694
100 -0.769958
200 -0.636378
300 -0.731126
400 -0.766023
500 -0.699536
600 -0.676509
700 -0.680327
800 -0.724371
900 -0.66828
1000 -0.644679
1100 -0.740915
1200 -0.713881
1300 -0.70508
1400 -0.776458
1500 -0.692046
1600 -0.765731
1700 -0.753869
1800 -0.733024
1900 -0.662694
2000 -0.752009
2100 -0.713107
2200 -0.736465
2300 -0.78478
2400 -0.77742
2500 -0.756373
2600 -0.783158
2700 -0.699317
2800 -0.75842
2900 -0.729197
3000 -0.753112
3100 -0.716821
3200 -0.747054
3300 -0.67992
3400 -0.693273
3500 -0.753654
3600 -0.718098
3700 -0.749168
3800 -0.753824
3900 -0.677114
4000 -0.731725
4100 -0.778639
4200 -0.709941
4300 -0.744745
4400 -0.732096
4500 -0.679962
4600 -0.676292
4700 -0.746147
4800 -0.665526
4900 -0.721176
5000 -0.710486
5100 -0.723658
5200 -0.734666
5300 -0.680289
5400 -0.697387
5500 -0.77343
5600 -0.677433
5700 -0.789327
5800 -0.670059
5900 -0.679523
6000 -0.789841
6100 -0.796204
6200 -0.721205
6300 -0.668422
6400 -0.729001
6500 -0.794271
6600 -0.801111
6700 -0.702833
6800 -0.739664
6900 -0.708678
7000 -0.743078
7100 -0.68578
7200 -0.754177
7300 -0.724203
7400 -0.743845
7500 -0.665178
7600 -0.685084
7700 -0.818418
7800 -0.754105
7900 -0.7479
8000 -0.709543
8100 -0.710338
8200 -0.692228
8300 -0.747699
8400 -0.761754
8500 -0.753503
8600 -0.78708
8700 -0.747575
8800 -0.881487
8900 -0.752462
9000 -0.77527
9100 -0.737033
9200 -0.773092
9300 -0.764342
9400 -0.743962
9500 -0.792396
9600 -0.808867
9700 -0.792763
9800 -0.768199
9900 -0.764997
