0 -2.53763
100 -2.56437
200 -2.55058
300 -2.52466
400 -2.54439
500 -2.5415
600 -2.54111
700 -2.56169
800 -2.56196
900 -2.55801
1000 -2.57731
1100 -2.55927
1200 -2.53993
1300 -2.57318
1400 -2.55307
1500 -2.58041
1600 -2.55514
1700 -2.50643
1800 -2.57324
1900 -2.57136
2000 -2.56035
2100 -2.56042
2200 -2.56664
2300 -2.58793
2400 -2.59816
2500 -2.57166
2600 -2.57299
2700 -2.57788
2800 -2.59154
2900 -2.57542
3000 -2.57328
3100 -2.55944
3200 -2.55421
3300 -2.57721
3400 -2.53618
3500 -2.54473
3600 -2.54112
3700 -2.56672
3800 -2.56441
3900 -2.54648
4000 -2.55347
4100 -2.55671
4200 -2.58524
4300 -2.58393
4400 -2.58084
4500 -2.57343
4600 -2.58678
4700 -2.56789
4800 -2.56735
4900 -2.58711
5000 -2.6078
5100 -2.58778
5200 -2.58776
5300 -2.61361
5400 -2.59055
5500 -2.59497
5600 -2.6236
5700 -2.60413
5800 -2.61649
5900 -2.58973
6000 -2.60674
6100 -2.61485
6200 -2.62332
6300 -2.58396
6400 -2.59721
6500 -2.61378
6600 -2.60709
6700 -2.60301
6800 -2.60012
6900 -2.58246
7000 -2.61483
7100 -2.63682
7200 -2.59881
7300 -2.63707
7400 -2.65136
7500 -2.6497
7600 -2.59635
7700 -2.60908
7800 -2.62814
7900 -2.62271
8000 -2.63741
8100 -2.62244
8200 -2.62835
8300 -2.59852
8400 -2.59591
8500 -2.60316
8600 -2.58914
8700 -2.59152
8800 -2.58212
8900 -2.61342
9000 -2.61308
9100 -2.58729
9200 -2.61404
9300 -2.61075
9400 -2.6196
9500 -2.61653
9600 -2.62793
9700 -2.58573
9800 -2.59953
9900 -2.62073
