0 -2.74394
100 -2.73596
200 -2.74167
300 -2.73946
400 -2.7398
500 -2.75088
600 -2.74144
700 -2.73858
800 -2.74158
900 -2.7357
1000 -2.74722
1100 -2.74455
1200 -2.75048
1300 -2.74549
1400 -2.75564
1500 -2.74921
1600 -2.75949
1700 -2.75547
1800 -2.7469
1900 -2.75154
2000 -2.75789
2100 -2.75323
2200 -2.76258
2300 -2.76209
2400 -2.75116
2500 -2.74264
2600 -2.74934
2700 -2.75616
2800 -2.75156
2900 -2.74413
3000 -2.74512
3100 -2.75193
3200 -2.74326
3300 -2.73951
3400 -2.75269
3500 -2.7519
3600 -2.75117
3700 -2.75463
3800 -2.74206
3900 -2.73398
4000 -2.73347
4100 -2.74084
4200 -2.74063
4300 -2.74271
4400 -2.74701
4500 -2.75082
4600 -2.75071
4700 -2.75679
4800 -2.76036
4900 -2.75018
5000 -2.7487
5100 -2.74789
5200 -2.75771
5300 -2.7586
5400 -2.74256
5500 -2.75345
5600 -2.7599
5700 -2.75939
5800 -2.75573
5900 -2.74384
6000 -2.75103
6100 -2.75292
6200 -2.75364
6300 -2.74558
6400 -2.75901
6500 -2.75276
6600 -2.74658
6700 -2.73354
6800 -2.74052
6900 -2.75682
7000 -2.76535
7100 -2.7581
7200 -2.74614
7300 -2.75337
7400 -2.7521
7500 -2.75739
7600 -2.7491
7700 -2.75538
7800 -2.75204
7900 -2.74243
8000 -2.75253
8100 -2.74074
8200 -2.74849
8300 -2.74671
8400 -2.74767
8500 -2.75051
8600 -2.74125
8700 -2.75889
8800 -2.75117
8900 -2.74808
9000 -2.75628
9100 -2.75106
9200 -2.75071
9300 -2.74772
9400 -2.74773
9500 -2.73603
9600 -2.74343
9700 -2.75122
9800 -2.74758
9900 -2.74188
