0 -0.823658
100 -0.802969
200 -0.703605
300 -0.753309
400 -0.791556
500 -0.788015
600 -0.773729
700 -0.710742
800 -0.74661
900 -0.68936
1000 -0.795015
1100 -0.748236
1200 -0.773846
1300 -0.783351
1400 -0.738187
1500 -0.814375
1600 -0.733314
1700 -0.756944
1800 -0.775526
1900 -0.73766
2000 -0.843345
2100 -0.830428
2200 -0.768776
2300 -0.752962
2400 -0.828733
2500 -0.767078
2600 -0.884964
2700 -0.798045
2800 -0.797745
2900 -0.764251
3000 -0.775068
3100 -0.705826
3200 -0.821162
3300 -0.754213
3400 -0.812776
3500 -0.733034
3600 -0.812825
3700 -0.768886
3800 -0.791615
3900 -0.795028
4000 -0.778312
4100 -0.750161
4200 -0.728592
4300 -0.784339
4400 -0.800079
4500 -0.779919
4600 -0.776721
4700 -0.852589
4800 -0.800546
4900 -0.799173
5000 -0.799113
5100 -0.79245
5200 -0.756504
5300 -0.831979
5400 -0.75
5500 -0.757048
5600 -0.85919
5700 -0.705374
5800 -0.742682
5900 -0.722504
6000 -0.851928
6100 -0.760083
6200 -0.821556
6300 -0.777551
6400 -0.74575
6500 -0.775719
6600 -0.896008
6700 -0.769092
6800 -0.772954
6900 -0.75957
7000 -0.787986
7100 -0.776556
7200 -0.823048
7300 -0.886818
7400 -0.817096
7500 -0.823359
7600 -0.737094
7700 -0.726901
7800 -0.762987
7900 -0.79778
8000 -0.678006
8100 -0.778714
8200 -0.804963
8300 -0.752377
8400 -0.817691
8500 -0.847883
8600 -0.760536
8700 -0.786133
8800 -0.728411
8900 -0.742896
9000 -0.764464
9100 -0.801747
9200 -0.743407
9300 -0.755172
9400 -0.807307
9500 -0.785131
9600 -0.819721
9700 -0.761606
9800 -0.824596
9900 -0.758596
