0 -2.26191
100 -2.26673
200 -2.23715
300 -2.25153
400 -2.18019
500 -2.24793
600 -2.26159
700 -2.29953
800 -2.21747
900 -2.21208
1000 -2.27121
1100 -2.28947
1200 -2.2753
1300 -2.30345
1400 -2.28593
1500 -2.31147
1600 -2.35522
1700 -2.29777
1800 -2.30964
1900 -2.34919
2000 -2.3254
2100 -2.23641
2200 -2.29948
2300 -2.27049
2400 -2.30368
2500 -2.38327
2600 -2.34046
2700 -2.23998
2800 -2.31426
2900 -2.34058
3000 -2.31097
3100 -2.37423
3200 -2.32454
3300 -2.33005
3400 -2.28197
3500 -2.295
3600 -2.30938
3700 -2.32693
3800 -2.35815
3900 -2.34084
4000 -2.37345
4100 -2.29985
4200 -2.21241
4300 -2.25058
4400 -2.21513
4500 -2.22916
4600 -2.24562
4700 -2.33013
4800 -2.2788
4900 -2.27312
5000 -2.22917
5100 -2.22342
5200 -2.26553
5300 -2.25473
5400 -2.25018
5500 -2.24708
5600 -2.2371
5700 -2.27955
5800 -2.31876
5900 -2.2509
6000 -2.26872
6100 -2.21733
6200 -2.24197
6300 -2.23913
6400 -2.27344
6500 -2.28687
6600 -2.25455
6700 -2.17656
6800 -2.23642
6900 -2.25556
7000 -2.30136
7100 -2.26503
7200 -2.23123
7300 -2.27931
7400 -2.27692
7500 -2.20688
7600 -2.35916
7700 -2.34183
7800 -2.36338
7900 -2.34774
8000 -2.38719
8100 -2.36769
8200 -2.36994
8300 -2.31642
8400 -2.35189
8500 -2.36208
8600 -2.31609
8700 -2.35881
8800 -2.37455
8900 -2.36656
9000 -2.34607
9100 -2.3662
9200 -2.40063
9300 -2.34805
9400 -2.33305
9500 -2.33065
9600 -2.34207
9700 -2.38312
9800 -2.35326
9900 -2.31163
