0 -1.54774
100 -1.48182
200 -1.55607
300 -1.62311
400 -1.57517
500 -1.55751
600 -1.60369
700 -1.50734
800 -1.44808
900 -1.57639
1000 -1.60496
1100 -1.73546
1200 -1.66454
1300 -1.66119
1400 -1.6798
1500 -1.66471
1600 -1.63935
1700 -1.69129
1800 -1.70527
1900 -1.62202
2000 -1.61912
2100 -1.61922
2200 -1.69457
2300 -1.64483
2400 -1.65127
2500 -1.77467
2600 -1.68936
2700 -1.65546
2800 -1.70692
2900 -1.73637
3000 -1.776
3100 -1.74164
3200 -1.73139
3300 -1.66762
3400 -1.71083
3500 -1.71737
3600 -1.72759
3700 -1.75378
3800 -1.75333
3900 -1.69677
4000 -1.7756
4100 -1.71482
4200 -1.64809
4300 -1.68333
4400 -1.67687
4500 -1.75092
4600 -1.65065
4700 -1.82092
4800 -1.78501
4900 -1.75226
5000 -1.746
5100 -1.76398
5200 -1.76173
5300 -1.8022
5400 -1.82691
5500 -1.80849
5600 -1.82629
5700 -1.83884
5800 -1.83436
5900 -1.8126
6000 -1.79357
6100 -1.83493
6200 -1.84021
6300 -1.8377
6400 -1.92481
6500 -1.89196
6600 -1.91891
6700 -1.96155
6800 -1.8998
6900 -1.83377
7000 -1.83973
7100 -1.9004
7200 -1.98474
7300 -1.84544
7400 -1.86257
7500 -1.99131
7600 -1.92845
7700 -1.81147
7800 -1.87784
7900 -1.86342
8000 -1.79513
8100 -1.77347
8200 -1.78824
8300 -1.81438
8400 -1.85464
8500 -1.83899
8600 -1.89186
8700 -1.86023
8800 -1.82693
8900 -1.90272
9000 -1.91071
9100 -1.90889
9200 -1.91229
9300 -1.91583
9400 -1.92398
9500 -1.86295
9600 -1.91301
9700 -1.8154
9800 -1.85774
9900 -1.85678
