0 -1.11896
100 -1.09072
200 -1.14049
300 -1.20721
400 -1.20875
500 -1.2278
600 -1.15735
700 -1.19927
800 -1.31455
900 -1.21351
1000 -1.18903
1100 -1.14624
1200 -1.24181
1300 -1.29505
1400 -1.13998
1500 -1.16644
1600 -1.13446
1700 -1.14711
1800 -1.14706
1900 -1.14847
2000 -1.21225
2100 -1.14057
2200 -1.25193
2300 -1.18738
2400 -1.15587
2500 -1.08693
2600 -1.19318
2700 -1.12096
2800 -1.16648
2900 -1.26459
3000 -1.25692
3100 -1.23596
3200 -1.27836
3300 -1.25742
3400 -1.3008
3500 -1.28498
3600 -1.32168
3700 -1.30935
3800 -1.33988
3900 -1.31851
4000 -1.43834
4100 -1.35801
4200 -1.2034
4300 -1.28112
4400 -1.21475
4500 -1.34123
4600 -1.17965
4700 -1.20047
4800 -1.26981
4900 -1.25117
5000 -1.28048
5100 -1.28786
5200 -1.19523
5300 -1.14958
5400 -1.25971
5500 -1.20799
5600 -1.22742
5700 -1.23733
5800 -1.28322
5900 -1.33812
6000 -1.27171
6100 -1.24044
6200 -1.25481
6300 -1.33642
6400 -1.30497
6500 -1.32314
6600 -1.31637
6700 -1.23795
6800 -1.2835
6900 -1.22913
7000 -1.23461
7100 -1.27759
7200 -1.30035
7300 -1.22678
7400 -1.27835
7500 -1.40323
7600 -1.40057
7700 -1.2831
7800 -1.27774
7900 -1.2458
8000 -1.24168
8100 -1.14513
8200 -1.23426
8300 -1.26058
8400 -1.2217
8500 -1.16371
8600 -1.27215
8700 -1.29011
8800 -1.28432
8900 -1.23213
9000 -1.16987
9100 -1.28113
9200 -1.26465
9300 -1.22298
9400 -1.24012
9500 -1.32375
9600 -1.19582
9700 -1.22044
9800 -1.20757
9900 -1.19854
