0.8 1.0 3.58895
0.8 0.9 3.10529
0.8 0.8 2.61148
0.8 0.7 2.06385
0.8 0.6 1.51211
0.8 0.5 0.856161
0.7 1.0 1.72789
0.7 0.9 1.41996
0.7 0.8 1.10299
0.7 0.7 0.764836
0.7 0.6 0.45982
0.7 0.5 0.125681
0.6 1.0 0.942524
0.6 0.9 0.751493
0.6 0.8 0.550741
0.6 0.7 0.357164
0.6 0.6 0.17014
0.6 0.5 0.0166326
0.5 1.0 0.585942
0.5 0.9 0.464508
0.5 0.8 0.339728
0.5 0.7 0.22795
0.5 0.6 0.111025
0.5 0.5 0.0232895
0.4 1.0 0.397714
0.4 0.9 0.320202
0.4 0.8 0.239717
0.4 0.7 0.16345
0.4 0.6 0.0936227
0.4 0.5 0.0296204
0.3 1.0 0.276237
0.3 0.9 0.225739
0.3 0.8 0.175806
0.3 0.7 0.12643
0.3 0.6 0.0801157
0.3 0.5 0.035923
0.25 1.0 0.225905
0.25 0.9 0.187298
0.25 0.8 0.149574
0.25 0.7 0.112193
0.25 0.6 0.0734895
0.25 0.5 0.0320173
0.2 1.0 0.180725
0.2 0.9 0.152289
0.2 0.8 0.122772
0.2 0.7 0.0944526
0.2 0.6 0.0632883
0.2 0.5 0.034647
0.15 1.0 0.136274
0.15 0.9 0.116736
0.15 0.8 0.0966735
0.15 0.7 0.0763011
0.15 0.6 0.0542783
0.15 0.5 0.0308131
