# 64  2  0.3  0.9  14.6059
4.08849  3.85632  
10.739  9.0939  
3.36347  4.64986  
2.5289  11.8627  
0.612769  4.37691  
4.5742  5.17433  
10.1797  7.54439  
5.30263  1.14447  
12.0921  11.4303  
14.2302  2.70774  
6.03516  8.01852  
9.11426  14.5718  
11.0847  0.51762  
14.5864  7.55783  
2.60357  12.9779  
8.92231  11.0715  
10.7896  5.62517  
9.97377  12.5838  
7.444  8.12509  
11.1175  6.85574  
8.92285  7.78158  
4.3355  2.52626  
1.37889  7.88232  
6.60905  9.03813  
12.6435  4.84617  
13.3936  10.1931  
3.40609  2.0337  
5.6215  4.81404  
13.6023  5.50961  
12.2612  10.1202  
3.61989  9.50494  
2.24066  4.41127  
13.1159  11.7056  
11.9077  5.73828  
11.6305  1.46246  
8.47242  4.65267  
0.390325  8.52844  
13.5632  13.0736  
2.67864  9.00079  
10.0437  0.46662  
4.78139  0.324891  
13.7374  4.00265  
3.74646  10.6879  
5.48752  11.0115  
11.4322  12.57  
4.51391  11.6078  
0.10319  12.2991  
1.87847  13.7847  
2.93518  3.45596  
11.2344  10.8682  
5.77768  14.5073  
5.39428  13.4126  
9.16798  1.18112  
11.4045  8.25282  
13.2229  14.0743  
13.8906  9.25015  
4.12903  1.18851  
11.5853  2.83999  
3.23436  7.41343  
7.81607  6.93265  
3.77762  12.9967  
12.7194  1.38386  
6.33058  10.3261  
5.9413  2.69221  
