# 64  2  0.25  0.7  16
9.42854  13.2175  
9.28498  15.9333  
10.5222  5.7131  
0.845624  7.34592  
3.01465  9.33868  
13.1674  8.95394  
6.82831  12.7681  
7.04564  15.0695  
14.1232  14.0259  
5.27409  0.344538  
10.1943  10.9773  
0.533958  15.5736  
7.19839  7.30836  
11.1428  10.5738  
5.75579  4.40571  
11.1535  8.81164  
9.50912  5.39968  
9.25944  6.54204  
15.7027  9.768  
15.2337  0.747348  
6.31362  0.431557  
7.37377  11.6854  
5.18443  5.24255  
11.5886  14.1685  
2.55665  11.117  
15.8656  1.74235  
6.78964  4.55803  
4.16066  0.117679  
10.3341  3.72011  
8.44025  9.82047  
8.60927  8.30364  
0.100106  8.17228  
1.06713  11.2104  
7.58137  0.530378  
6.30478  5.5891  
10.3634  15.7749  
15.3155  14.0963  
6.99456  1.37529  
14.0725  11.1181  
8.24217  6.7975  
8.86263  4.65801  
6.31012  8.62582  
8.28499  14.5011  
10.472  11.9296  
7.81468  4.15035  
12.35  11.0166  
8.14043  13.3795  
2.78921  15.306  
2.35462  7.56282  
8.99782  11.3626  
2.18396  6.19364  
8.99468  3.5151  
1.56321  9.46189  
9.49561  7.60785  
1.72194  15.5435  
10.5946  1.87838  
9.4776  9.26858  
3.59968  11.7343  
8.22557  5.60989  
12.1556  9.15378  
6.47274  13.7013  
13.0719  11.9662  
9.36433  14.954  
14.6628  15.3082  
