# 64  2  0.2  0.9  17.8885
9.8459  16.2224  
4.93585  9.52426  
17.0467  3.0386  
12.83  17.0622  
2.11792  7.19896  
1.59613  6.08333  
17.1638  8.59101  
0.383097  17.2518  
4.56369  2.19979  
15.6432  5.31036  
7.02399  17.5976  
12.2807  12.5917  
12.8431  9.6008  
7.72249  13.0605  
5.85719  15.2775  
13.8693  7.90557  
2.87712  10.2422  
0.874239  15.0285  
15.8292  10.5844  
5.71437  2.39103  
2.33602  0.0815716  
13.8991  12.7659  
2.85468  16.6516  
1.48887  4.13356  
1.64109  9.80051  
14.5628  3.7012  
1.4289  10.9799  
14.026  10.0137  
7.80949  5.40707  
9.33361  5.49893  
5.51451  3.63487  
6.1677  4.5339  
9.56267  7.53193  
8.48955  14.546  
8.11289  0.276219  
2.65778  8.50417  
17.7253  14.4585  
11.1116  13.6443  
0.952196  11.98  
7.20048  9.56955  
10.0448  17.7947  
15.765  3.98297  
11.01  12.5442  
14.8489  13.6922  
16.2301  13.6004  
12.0394  1.80811  
8.99576  2.65074  
6.39585  5.70602  
14.5954  8.8922  
9.21197  0.740584  
11.6335  8.80576  
4.88779  1.08918  
12.7615  7.97186  
5.3027  16.3043  
5.09778  5.65809  
8.24368  9.23813  
7.20597  6.4896  
16.839  9.95493  
14.9929  12.4946  
13.6365  13.8146  
17.4604  6.73156  
16.9586  4.4601  
8.24485  4.41449  
7.70139  10.7174  
