# 64  2  0.15  0.6  20.6559
9.06557  20.0443  
10.8025  7.85977  
2.15789  6.33724  
1.64281  5.43052  
11.1663  6.67777  
4.21524  4.23633  
1.58087  7.542  
20.0887  15.5545  
17.5716  10.7712  
1.06397  6.56575  
11.8948  1.23653  
12.3458  12.6846  
0.394791  17.6865  
11.1818  15.6172  
8.17754  0.464644  
16.0149  10.8645  
1.84193  19.0814  
5.58334  20.6329  
1.11472  2.66016  
12.5835  0.124511  
0.882924  14.1076  
3.12242  1.93705  
12.444  15.9374  
15.4927  3.20661  
9.21835  0.426955  
20.4303  6.86328  
2.28077  18.0938  
12.0086  7.90738  
14.5798  0.728612  
11.9832  9.98426  
3.25531  3.24211  
15.5425  9.83164  
4.36354  7.52666  
8.93196  7.80175  
16.1722  19.1853  
15.7543  0.346842  
8.04811  17.6629  
2.63945  7.37119  
12.4024  17.2496  
3.02058  18.9885  
5.98092  16.5489  
10.6608  20.4345  
10.5744  5.33111  
10.1932  6.49911  
14.9709  11.0279  
17.6683  9.24466  
10.3665  1.07886  
16.5852  2.29177  
0.932564  19.5626  
7.25254  9.57593  
19.1372  15.9951  
17.0985  0.923799  
2.19794  4.37697  
7.62954  5.44346  
16.1895  13.6119  
3.92501  10.7893  
19.1441  1.17308  
18.8132  10.8945  
3.01736  5.73984  
2.18457  2.74408  
15.6711  1.77704  
1.29882  11.142  
20.6316  12.7932  
14.4556  9.88047  
