# 64  2  0.6  0.8  10.328
7.82444  5.62713  
3.0608  9.74421  
0.218708  2.15461  
3.65101  5.4896  
6.10845  1.97874  
2.32205  1.75264  
2.16514  6.75594  
3.00823  7.82732  
4.28014  0.294267  
9.36901  9.072  
10.0181  4.43696  
5.63585  2.99568  
10.2932  5.77899  
2.5671  5.21906  
9.27192  2.37107  
6.87106  3.68966  
6.64871  8.66054  
4.49753  9.30126  
1.73622  3.99981  
6.31794  0.703829  
1.92515  7.95641  
4.75065  5.06912  
8.21852  4.57424  
7.14346  4.70824  
0.883953  7.37272  
2.51565  3.19137  
4.54922  3.77548  
5.61438  4.18443  
5.65823  9.21971  
5.81821  5.16628  
7.14648  1.46637  
1.57969  0.649019  
0.1665  9.29476  
3.98307  7.98317  
6.6115  6.24005  
5.44245  10.3009  
5.13002  7.63854  
9.13133  0.0656178  
1.85856  9.41665  
3.49479  2.29399  
0.914225  6.33188  
3.93408  1.3577  
0.225482  0.762948  
1.09657  8.71903  
9.12428  5.38147  
6.9521  2.63507  
0.970945  3.01973  
1.41064  5.43554  
3.17106  0.480127  
8.33326  9.23496  
7.25065  0.203726  
5.11734  1.02429  
9.90568  3.13169  
5.03878  2.08881  
8.1044  1.90662  
8.77523  3.71435  
0.727961  4.58262  
3.20056  6.71846  
9.03725  1.39772  
8.22014  0.695285  
8.31577  7.76318  
10.2005  7.05237  
3.60018  3.44099  
1.19773  1.86015  
