# 64  2  0.4  0.8  12.6491
6.22674  7.00528  
1.87347  5.27603  
2.33674  6.52292  
7.88832  7.22808  
1.80424  1.67726  
11.638  3.33247  
11.7562  5.90116  
1.5101  8.02506  
7.78546  10.5966  
11.1087  0.838111  
9.9857  0.408594  
12.3786  2.03475  
12.1304  8.02147  
3.1521  1.62736  
5.50879  9.30059  
0.230522  4.87021  
3.4637  10.1623  
12.6001  11.6574  
4.25807  7.3235  
12.3082  10.4751  
6.99146  7.78599  
2.46272  2.78125  
8.87621  8.76696  
10.784  11.7587  
8.88453  7.42475  
0.94223  6.73683  
10.8309  8.19017  
11.8281  9.05103  
2.69748  12.2056  
5.31155  12.16  
11.4511  7.08922  
0.400734  0.918385  
4.60647  10.0425  
0.676828  3.96029  
7.27427  2.61769  
6.47511  0.205878  
1.48577  12.4831  
1.01818  2.84895  
4.57924  3.58668  
12.0807  0.997044  
11.2092  1.9906  
3.78699  11.5945  
5.97544  11.1813  
3.67615  0.165463  
0.464565  8.82925  
2.63868  0.65633  
5.14011  2.71325  
7.78544  8.48675  
6.41459  5.96648  
4.3642  1.56645  
8.41108  2.76127  
9.81188  7.94103  
4.47408  8.6653  
6.50899  8.78225  
3.14131  4.76585  
1.88269  10.8652  
7.40914  5.42469  
6.23389  3.3248  
4.90119  0.529231  
2.53505  7.7455  
6.02366  4.78302  
6.67356  1.60787  
5.77949  8.04151  
5.45049  1.72429  
