# 64  2  0.6  0.9  10.328
3.24283  2.01971  
7.6886  2.44578  
4.3828  7.94883  
0.0999573  8.3102  
5.1027  9.82824  
4.66452  0.887139  
7.83184  7.17454  
10.2114  3.86274  
6.06947  3.17198  
6.60511  5.4736  
8.64085  3.74922  
5.4749  1.98155  
0.852139  9.18006  
7.07211  6.54708  
5.74592  7.19882  
6.69323  4.13018  
4.25786  9.15129  
1.53427  6.63257  
1.9582  8.43223  
0.345853  1.14914  
1.1112  7.68641  
1.14612  2.29137  
5.48638  6.00705  
6.57277  7.75067  
0.485032  6.29858  
10.234  7.2669  
10.1307  9.3001  
8.94326  8.28044  
2.27395  3.14777  
1.38386  1.1338  
4.06135  10.2782  
3.37461  5.75575  
3.78964  3.58655  
5.97754  8.7194  
6.22445  9.94933  
9.54348  2.92686  
8.59244  0.416705  
8.10172  5.79373  
0.0127898  2.35854  
4.0175  6.7696  
2.93429  8.70187  
1.55613  10.2834  
9.61159  1.65124  
2.24545  1.81588  
8.24896  4.66883  
2.91931  4.16403  
0.995266  4.72378  
8.92272  7.17775  
5.22166  4.41291  
3.51478  0.995989  
10.2643  4.9882  
2.39265  9.53129  
6.94822  0.490628  
7.06726  9.27697  
9.20639  9.88892  
6.52006  1.92968  
2.51911  0.708323  
5.6037  0.973387  
1.17382  3.5841  
9.72029  0.528385  
4.91632  3.06528  
8.30666  9.22367  
2.51827  7.29257  
0.351849  0.0280733  
