# 64  2  0.3  0.5  14.6059
8.89207  3.1716  
12.7091  8.51461  
9.69215  8.95818  
14.094  3.73493  
9.37552  6.3716  
12.1107  4.5136  
0.974114  7.56205  
8.67893  8.35491  
2.36804  7.16459  
0.915431  8.79062  
9.73984  4.58269  
0.593417  3.69585  
14.5856  9.7438  
6.1231  5.33514  
11.9324  5.60866  
12.2246  9.5526  
5.47599  4.28119  
8.80948  5.33849  
10.7791  9.83973  
7.65602  3.58639  
7.38741  11.5161  
1.68317  4.2377  
2.71074  4.67047  
3.53892  3.95212  
3.37556  9.03651  
2.73083  5.94446  
7.88687  2.522  
4.45262  4.83983  
10.9287  4.00132  
12.9209  3.57392  
12.6585  0.943791  
10.9259  2.54036  
9.32427  1.11428  
10.7904  6.70578  
11.0465  7.70322  
8.93171  2.0756  
12.9926  5.16066  
8.57348  7.11905  
8.04038  1.04837  
6.51315  2.33001  
13.8284  5.92742  
4.97272  3.29429  
2.94051  8.10033  
6.61125  4.26441  
9.98531  3.28134  
12.8353  6.39203  
12.6448  2.24338  
9.88012  7.29912  
12.871  7.48147  
11.9118  6.81372  
1.58653  6.54043  
4.44435  9.40661  
0.0121006  8.22511  
10.7007  8.6791  
4.74941  10.7992  
13.6963  8.97724  
7.71083  4.70876  
0.479892  6.63717  
11.943  3.11221  
8.70422  4.22107  
2.25071  10.994  
14.0056  7.078  
9.77939  10.4717  
10.8827  5.25535  
