# 64  2  0.5  0.8  11.3137
1.21165  9.64372  
2.66068  0.511374  
3.62418  2.82939  
5.56253  5.94692  
8.87055  9.86098  
10.8471  0.785957  
7.84556  2.95724  
0.415517  4.28143  
6.20851  0.0806224  
9.57922  4.81909  
8.90763  5.63235  
1.15204  5.00103  
8.15784  1.25055  
0.811185  6.07333  
9.07376  8.08191  
5.51019  10.1774  
10.6158  4.03022  
5.94796  9.23138  
3.8597  1.18234  
8.07895  6.4343  
3.77982  5.05705  
9.95408  10.0372  
11.206  10.2962  
10.8719  8.8211  
7.17507  7.22354  
3.54443  7.87912  
9.95534  11.2194  
2.69922  4.36841  
4.94209  5.02274  
3.78321  6.61692  
9.78425  8.93683  
7.91281  9.95355  
6.82724  6.11622  
0.363822  3.20009  
11.1223  5.40222  
4.81595  0.763209  
9.02027  2.49398  
5.87101  3.58924  
7.58384  5.32205  
2.61832  8.73863  
5.41819  2.5967  
2.378  3.21637  
7.40721  4.17534  
0.641875  1.93308  
6.18834  4.64964  
10.3264  2.95052  
2.79932  1.83742  
8.7462  3.9699  
8.08268  11.0916  
9.05244  7.02601  
6.80436  1.16721  
10.1057  6.58421  
4.46756  9.45771  
1.64108  1.21198  
10.6042  1.82841  
6.70519  9.95844  
0.752355  0.604671  
1.3572  3.87618  
0.170878  7.11633  
1.42278  10.9978  
1.32703  8.24693  
10.1623  7.72658  
3.61677  3.79168  
1.7033  2.39283  
