# 64  2  0.7  0.6  9.56183
3.27526  3.47002  
0.278142  6.51958  
1.11167  7.17127  
7.73861  4.43793  
5.47293  3.70146  
4.81396  1.23486  
5.47614  8.29445  
3.89601  0.354207  
6.24965  2.58916  
6.66148  9.3672  
5.3065  5.8681  
9.35462  8.87692  
3.40129  4.93607  
5.18142  2.50616  
0.950274  9.24072  
4.88685  7.34227  
6.74035  3.9829  
3.12432  1.15453  
9.47641  7.60598  
6.31127  6.31536  
1.27299  4.69638  
2.18855  1.87215  
0.841665  8.20085  
6.31076  7.42973  
2.15856  5.44115  
3.16818  2.18739  
1.65546  0.871249  
0.732192  3.76589  
2.05521  8.90693  
9.36646  2.06655  
4.13582  8.14986  
4.30337  3.36075  
7.10177  0.762169  
0.0239683  5.24636  
6.09719  1.46222  
8.11214  9.33095  
4.56595  9.0659  
7.32391  6.87839  
8.43481  3.20536  
4.17456  2.19723  
5.52314  0.304047  
8.68884  6.62604  
7.26764  3.12277  
7.23805  8.16584  
2.13841  6.63177  
4.19575  5.72994  
4.0798  6.73324  
7.27784  2.04345  
2.16004  3.09358  
1.14858  5.86531  
2.9799  9.45175  
8.52899  5.4677  
4.70358  4.37992  
3.0993  6.16595  
3.21858  7.35229  
0.610931  1.13353  
0.850868  2.54094  
8.40085  1.26066  
2.52448  4.24237  
3.10418  8.47894  
8.53478  7.95546  
9.19994  0.611464  
2.27911  7.81325  
8.92148  4.22021  
