# 64  2  0.25  0.8  16
6.65905  6.80884  
11.2131  12.2005  
5.40542  7.97774  
11.6781  3.1808  
0.874926  12.9512  
7.48477  9.53727  
5.56218  1.28867  
1.74423  9.20947  
9.01855  11.7535  
15.4105  13.6683  
2.01805  3.69077  
7.72942  11.8195  
4.29854  4.16183  
6.62081  15.9643  
8.63418  9.69667  
13.7715  2.34206  
9.89022  9.15936  
15.3314  15.8077  
13.3962  14.6059  
9.638  10.5439  
4.75904  11.8684  
14.1014  3.81213  
10.6215  1.4395  
2.15206  12.2005  
15.5361  4.22818  
15.9631  3.12525  
11.6581  1.59643  
1.8243  5.76659  
3.76557  2.71613  
8.49941  10.8625  
0.464367  5.79109  
6.50464  9.0042  
14.4246  14.1036  
6.73622  11.2871  
12.3685  12.3533  
0.543793  2.29615  
13.2644  13.0952  
12.5574  2.43482  
6.9912  7.95194  
0.884404  4.73573  
10.8743  9.29342  
3.54374  15.8268  
10.1396  2.38482  
5.50977  12.5913  
12.1617  13.6994  
14.8761  2.62788  
9.76394  4.94113  
9.39249  13.0872  
14.4946  12.5754  
3.18905  4.42086  
1.26935  14.9432  
7.53814  10.5443  
6.73637  13.687  
8.5018  12.684  
14.1994  0.562038  
15.5092  1.73665  
6.64871  5.37836  
6.98473  4.41103  
6.24397  10.0785  
4.04112  10.5722  
8.23801  13.7186  
12.0557  7.65684  
12.0494  15.734  
5.91409  4.5368  
