# 64  2  0.3  1  14.6059
12.7344  10.014  
11.1537  14.4334  
14.2787  8.59612  
9.37665  8.40602  
1.23254  3.76652  
10.5744  11.7335  
9.83657  4.96962  
9.45163  10.1563  
12.6158  11.4433  
11.7794  9.70377  
1.91883  0.586759  
12.5995  12.5782  
6.34494  12.2287  
9.47831  0.732659  
7.72973  13.9023  
8.41692  12.5499  
13.6337  13.5214  
2.6321  5.59619  
4.78873  2.918  
10.6263  10.7076  
4.2781  5.2318  
0.1204  1.04894  
13.6616  14.6005  
10.8518  5.12886  
4.92127  7.17363  
2.18846  10.7856  
8.26065  0.40878  
5.50883  5.81244  
10.3143  9.0529  
13.2754  8.00545  
1.26805  14.3971  
12.5816  8.97004  
0.203206  14.4917  
4.36351  11.9915  
3.2507  12.559  
14.185  9.61019  
13.7367  5.93089  
0.866132  4.81415  
11.3499  1.08534  
13.5704  1.53008  
6.89492  9.54282  
11.6593  11.7205  
12.1964  13.9908  
3.58466  0.129443  
4.04266  1.53471  
2.56726  14.1965  
1.15084  13.3595  
0.933838  5.95267  
3.41978  6.85546  
5.26762  0.942365  
0.402808  10.9584  
12.4516  0.459714  
7.64712  1.43753  
11.2581  12.6286  
5.8059  3.52878  
2.13015  13.0632  
3.10597  11.1838  
12.4258  7.2449  
13.7515  12.4704  
7.42663  12.8197  
11.8688  5.0206  
6.61526  2.68742  
7.0175  0.491094  
12.357  3.85495  
