# 64  2  0.5  0.5  11.3137
8.12261  3.85958  
3.87248  1.18486  
1.26031  2.06073  
3.22265  1.99095  
10.2948  6.53985  
2.06097  1.21431  
4.82805  9.87127  
3.57304  5.13915  
2.47039  10.2668  
6.6285  2.10416  
8.07242  5.73455  
2.14976  2.63682  
0.0689762  10.2756  
5.84031  3.45522  
1.15364  10.8694  
6.48629  0.881041  
3.74732  9.70987  
9.91595  4.02383  
1.57848  8.84723  
3.60218  8.67889  
0.443777  2.82861  
2.75307  5.91925  
5.69187  9.15925  
6.74701  8.64351  
7.61816  2.72015  
10.1488  5.21351  
7.58632  1.64826  
0.149247  7.32893  
7.32744  4.80088  
5.85238  10.2758  
6.96447  3.75756  
3.07588  3.39969  
5.93372  6.30646  
1.26551  7.77585  
5.99474  7.63968  
9.06649  6.25665  
9.48084  7.62796  
2.21502  0.116095  
6.94952  10.1145  
0.0664877  1.70877  
4.39426  7.18187  
6.97025  11.2192  
1.9238  6.62511  
6.98023  5.80074  
10.9197  0.769002  
2.39103  7.88873  
5.62657  0.164552  
4.63702  11.0004  
8.62625  2.90324  
9.05493  10.8853  
3.20017  11.1389  
1.44845  9.91645  
4.99578  1.0575  
0.522266  5.93365  
3.18439  6.83008  
6.94725  6.90746  
4.82048  8.55994  
7.62384  7.70788  
9.03174  5.11604  
1.32555  3.36105  
2.59441  9.21793  
4.19324  5.94811  
8.12075  6.77768  
5.34049  5.33441  
