# 64  2  0.4  0.5  12.6491
10.2889  2.17401  
2.11612  11.7142  
5.78653  8.65543  
6.60937  4.55663  
4.17018  4.13164  
0.16851  1.61332  
6.63001  1.89129  
12.5423  4.84199  
4.49923  3.0083  
4.84034  7.30458  
0.425879  2.83768  
6.57225  12.3444  
4.45994  5.20994  
3.01616  7.122  
8.19378  6.56377  
2.6801  1.08758  
12.3416  3.77346  
8.98511  12.1232  
3.21942  3.68523  
4.07617  12.2038  
1.22825  1.93749  
3.00556  12.5583  
4.68404  6.31639  
4.87951  9.48116  
1.1604  10.9754  
11.2693  4.1419  
6.1144  7.28853  
12.4373  12.5157  
7.10629  7.68804  
1.77555  3.39183  
5.45572  2.5987  
6.70008  5.76447  
2.43004  2.53043  
11.8659  2.42047  
2.94124  4.79075  
1.32103  5.82366  
0.75713  4.22115  
11.7174  11.5326  
4.58312  1.56032  
5.95685  10.07  
7.3441  11.6843  
7.99916  0.0516922  
6.89926  9.16621  
8.2934  11.1411  
3.56591  1.94552  
7.13739  0.769266  
3.93873  0.737127  
0.15181  11.234  
5.75928  6.21468  
6.96472  10.725  
11.1144  1.357  
11.5419  5.31488  
3.21587  11.3859  
5.23998  4.07958  
7.12501  6.67899  
1.98582  0.301242  
5.63475  1.29944  
4.94226  0.291874  
12.6005  5.98577  
9.84134  10.6954  
5.7988  5.15294  
0.902205  12.0969  
1.87332  4.50831  
2.41062  10.7121  
