# 64  2  0.8  0.6  8.94427
1.66184  5.44664  
4.46967  5.82159  
2.72895  0.876536  
2.01224  7.69913  
2.5666  4.75349  
4.00925  8.13905  
0.142037  8.36384  
1.47322  6.69606  
0.767922  1.41505  
2.42921  8.66063  
5.14889  7.43447  
6.22386  8.47835  
6.70094  1.58602  
0.698383  4.79614  
4.78627  1.18083  
7.02354  0.432987  
3.50544  5.36894  
7.69935  4.71683  
5.71559  1.7844  
5.49239  5.25583  
2.59607  6.43561  
6.69657  3.01204  
7.76764  3.44916  
8.71538  1.88844  
3.06635  7.60701  
3.78523  1.68895  
4.46041  4.79239  
6.39526  6.25844  
1.17512  8.29773  
4.58163  3.52029  
2.77663  2.34877  
3.56167  4.1201  
7.38445  2.30611  
7.99538  1.10459  
8.65013  5.06149  
3.81507  2.76657  
6.30549  7.45606  
5.57466  3.17447  
8.65418  3.00475  
0.463104  7.25542  
7.35815  6.92291  
8.19973  7.66128  
4.04051  0.326241  
8.58128  6.51571  
5.3529  4.29488  
8.6394  4.06299  
7.18432  8.08615  
3.67413  6.58787  
7.89761  5.77719  
5.79181  0.669449  
8.0788  8.7992  
0.111504  0.521323  
0.522677  5.82294  
1.59524  4.23712  
0.570541  3.55296  
6.6924  5.13216  
6.8273  4.10366  
5.3498  6.37567  
4.83651  2.42417  
1.87635  1.69009  
1.09498  2.56408  
1.70559  0.564051  
2.00735  3.21227  
5.1359  8.59865  
