# 64  2  0.15  0.5  20.6559
19.3543  10.3929  
19.7769  17.2606  
16.0873  3.81688  
10.1859  20.3991  
10.1511  3.28242  
11.3218  17.1706  
13.7184  2.66072  
16.0492  19.8478  
15.8042  7.04551  
6.29558  5.62595  
7.33377  14.7769  
8.01494  17.2159  
11.7366  9.33367  
13.9625  15.1386  
14.3673  20.0814  
5.76606  17.3277  
2.30168  10.4395  
8.85038  0.102943  
10.4127  16.478  
12.9907  20.5086  
8.32533  15.3469  
18.5169  7.29064  
13.7322  1.49546  
3.80997  11.3523  
12.7993  19.2202  
2.0071  18.9184  
1.29622  2.68685  
11.9624  13.4188  
4.55283  10.3645  
6.54217  11.3857  
12.1097  18.0081  
17.0193  7.88885  
11.5906  19.1939  
10.8262  18.1826  
14.2294  0.426251  
12.7305  2.16289  
6.38586  6.664  
16.5138  6.07733  
6.87674  9.07916  
11.3624  1.34199  
0.953166  7.80087  
11.9887  8.18544  
16.2231  14.4874  
9.49029  14.6663  
15.9906  5.02195  
15.0767  8.15348  
12.4666  0.898578  
1.72232  8.94092  
2.40271  2.82885  
6.89474  17.2464  
15.3689  5.89497  
2.49007  19.955  
7.20744  10.1434  
9.2336  16.0927  
10.5098  1.87446  
8.47297  14.1532  
7.73175  11.522  
8.54368  19.6829  
17.0983  20.2127  
9.77965  4.33642  
11.546  2.53734  
10.4655  14.2112  
1.44254  3.75041  
4.93027  8.3616  
