# 64  2  0.4  0.9  12.6491
0.902388  9.18656  
3.62112  10.1767  
0.560459  2.6867  
10.7882  9.00087  
9.63683  9.41536  
4.36243  3.16669  
7.14396  8.62893  
3.22968  3.79454  
9.29992  2.03047  
6.71862  9.68144  
10.7542  0.841976  
9.64109  10.6409  
3.36198  1.88475  
5.75069  10.521  
10.6847  3.26729  
7.45134  1.34075  
0.451422  5.88508  
8.22425  3.62848  
8.78754  6.0899  
10.9972  2.19648  
1.25445  1.60489  
3.09695  6.95066  
12.3346  12.1609  
9.34142  12.2252  
12.2395  9.194  
1.93601  3.69379  
5.6461  3.42423  
8.13218  2.32463  
10.8125  6.2739  
7.73361  9.5751  
8.55803  7.55951  
4.35141  8.09328  
0.374551  10.2112  
12.5325  5.02454  
7.1692  2.70048  
4.81991  1.6202  
11.6373  5.40989  
9.76153  3.60844  
4.54777  11.2526  
12.2845  3.81164  
5.89006  2.46552  
0.747817  7.03666  
6.06884  5.08449  
7.21555  3.99037  
0.725637  4.49944  
9.2093  4.61405  
8.54678  0.864839  
4.26289  6.44526  
9.69365  0.74768  
2.76984  12.2821  
3.99674  0.0011562  
12.0708  1.38393  
3.5885  8.999  
10.3746  11.8104  
2.57499  5.88884  
3.21149  8.03025  
2.06209  8.05566  
4.63789  4.74775  
1.96833  6.78041  
0.991995  0.456808  
1.70458  5.04286  
2.13254  9.00929  
9.74879  6.93964  
2.44081  2.66979  
