# 64  2  0.2  0.7  17.8885
17.2767  6.23421  
3.36611  6.52536  
11.7627  12.0204  
14.532  11.2418  
16.6002  14.7809  
10.5875  2.79455  
16.6964  8.08298  
6.00275  16.3306  
13.0022  15.1184  
1.78707  16.7711  
4.68107  6.18626  
15.1853  0.00525664  
13.9939  4.74494  
14.0881  0.325331  
7.04615  2.21406  
13.9499  6.361  
3.93356  16.9265  
13.9515  8.92661  
1.09239  7.99579  
3.46815  10.6576  
12.6766  16.5784  
9.01703  14.3116  
13.111  17.5843  
0.169372  5.46904  
10.5431  0.283867  
14.944  7.8422  
16.0307  8.94481  
13.7759  15.93  
16.3919  5.47777  
5.5529  8.80604  
16.2746  7.16642  
1.22148  4.87384  
0.22296  9.05816  
2.2989  7.67916  
0.499506  6.53864  
1.00002  11.2694  
5.16899  17.4707  
15.1809  5.02938  
13.333  11.2653  
10.1317  15.3415  
8.14129  13.5094  
13.7284  7.72386  
6.13999  17.7747  
12.3232  8.19131  
2.41917  9.04061  
17.0847  4.62069  
9.17399  5.24207  
11.7879  9.15874  
14.3473  17.1994  
12.8843  9.37235  
2.55174  11.2841  
15.746  14.0011  
14.7184  12.5873  
1.70226  6.3251  
13.8678  12.1314  
2.05118  10.1592  
15.2507  16.7705  
1.25679  9.22852  
8.19409  4.91227  
2.99426  0.833099  
2.33064  2.86922  
7.43939  3.23981  
17.4552  7.44305  
0.159838  14.9244  
