# 64  2  0.3  0.7  14.6059
11.5547  10.7862  
8.53791  10.6995  
12.6315  7.38912  
14.0911  9.90929  
1.86018  11.8664  
13.313  8.28214  
4.19954  2.76444  
4.81285  7.39689  
8.33738  6.4534  
2.31288  8.92825  
12.6295  12.5651  
9.40154  2.85413  
10.4542  6.99052  
4.60808  8.88045  
5.06556  1.68849  
10.3782  2.26651  
12.8522  9.9655  
1.61014  10.2822  
3.8702  6.26459  
0.521431  9.52006  
14.2929  8.87075  
4.63916  4.25102  
2.67828  6.75806  
4.72453  13.263  
3.37359  8.63326  
9.4867  11.2648  
7.12306  7.62734  
1.21428  1.88717  
9.29595  7.34049  
0.0930113  3.23604  
2.10731  3.22061  
6.08912  5.72245  
1.11253  0.440841  
10.1668  5.41674  
2.96489  10.1852  
14.394  2.20103  
7.32032  5.86634  
0.175373  7.62815  
13.4969  13.5249  
5.86003  7.69028  
14.4356  5.99449  
3.38444  11.6457  
9.60713  9.81614  
5.36252  9.98402  
12.8022  11.6162  
5.23171  14.6052  
12.3019  5.86152  
3.59767  7.53549  
5.57461  12.1207  
2.29495  7.70611  
2.35094  5.36982  
3.99079  10.3255  
10.7634  9.89522  
1.24096  7.31427  
13.7591  7.09229  
11.6713  2.7002  
5.81604  3.66076  
6.81131  6.71513  
7.12393  8.75708  
1.14295  8.51129  
11.7336  6.67292  
8.88227  8.67086  
10.8024  8.13967  
1.30045  5.5884  
