# 64  2  0.25  0.5  16
6.51784  6.19346  
5.20849  3.96654  
1.2618  10.2277  
3.15578  15.2898  
0.498337  9.16436  
14.1425  2.20412  
0.863751  11.4085  
3.25641  5.69238  
3.72614  4.59861  
0.388094  12.4032  
7.99257  2.35198  
15.5736  8.47457  
4.73492  13.382  
5.78746  7.55588  
5.7217  15.4647  
5.17171  11.5043  
3.47623  1.98506  
14.7763  9.16196  
2.06872  11.1337  
6.76362  14.5116  
7.12855  1.70777  
5.14078  14.5192  
1.18066  2.27688  
7.48946  7.42244  
15.0033  10.2878  
2.81037  13.1382  
10.5167  0.971057  
6.64156  2.71938  
9.37037  3.87416  
4.8774  5.01246  
0.192088  7.32867  
12.7278  0.694306  
1.86389  9.1856  
3.91888  11.8742  
3.36646  7.87588  
11.1675  11.6561  
3.9505  14.4071  
3.75883  9.75971  
15.1737  5.56047  
8.90697  12.014  
12.6044  10.4775  
4.06861  8.80686  
1.3878  6.93359  
0.55579  6.13899  
15.716  11.3081  
2.36088  8.20451  
2.50967  6.81379  
4.5284  15.3219  
6.93108  15.769  
3.00709  8.97934  
4.27579  10.8734  
2.67991  4.83125  
1.03498  3.71961  
15.9565  2.5084  
1.85241  5.6809  
2.07814  3.73977  
1.48223  4.66073  
0.123011  10.2627  
5.63199  0.753157  
2.75652  14.2182  
15.1473  1.6691  
14.0359  10.7679  
2.82175  10.3672  
1.24054  8.26406  
