# 64  2  0.2  0.8  17.8885
16.673  1.83625  
1.57569  13.2466  
5.48377  4.44024  
2.71047  13.0625  
0.776564  10.8636  
2.57107  16.1177  
14.5076  7.62915  
14.6851  5.41053  
16.4832  10.6536  
10.3284  1.52939  
0.777263  14.194  
7.94742  1.00193  
12.0326  12.9066  
16.6205  16.2507  
9.96741  14.6837  
17.3184  2.96948  
3.69882  14.3682  
17.8145  4.19483  
5.54411  1.69501  
6.4564  13.5234  
13.5329  8.7572  
11.0762  5.44974  
11.3538  1.27999  
5.71469  6.67885  
12.2464  15.1705  
3.85468  5.66218  
17.7462  1.13267  
13.9274  10.0098  
3.60774  11.2765  
8.21581  13.9745  
8.78838  4.92143  
9.86296  5.16045  
9.73436  0.441255  
3.99199  12.2399  
5.74743  5.65033  
1.73161  9.70195  
13.1714  7.57182  
2.47936  11.7712  
10.0537  7.87299  
1.77914  8.30973  
10.0154  15.9232  
17.2591  15.1954  
8.06838  5.95401  
7.30814  2.03857  
12.463  8.7147  
4.39059  8.51389  
2.17162  14.7442  
15.5062  8.1798  
11.2123  8.90264  
16.1106  9.46718  
12.1897  5.52259  
2.02977  3.40403  
0.654903  0.0779169  
15.1121  1.61347  
16.7232  13.6658  
4.86242  11.0602  
2.88773  7.17012  
3.04517  8.29333  
7.86051  8.33577  
11.2724  11.5885  
3.54139  15.556  
14.1652  11.1334  
4.7529  6.20744  
0.867765  1.58313  
