# 64  2  0.5  0.9  11.3137
3.94346  5.45334  
9.49711  6.17862  
1.3172  7.07232  
8.3075  1.92607  
10.9603  5.14457  
8.04215  8.0904  
4.21562  0.268137  
9.5352  2.32349  
7.21669  8.73731  
0.417146  7.90796  
7.00464  0.171449  
8.96448  3.25036  
1.88825  0.351222  
0.741474  2.65046  
0.0109617  0.587853  
10.8478  2.85119  
4.99245  5.77069  
3.0084  10.9628  
0.729344  1.43724  
6.87697  6.19195  
7.44572  1.23638  
11.0519  3.99572  
10.5454  10.9316  
4.06011  1.83276  
2.12284  4.53693  
2.92868  1.01109  
1.88669  2.42874  
6.13489  9.51603  
3.17726  3.72614  
5.12718  1.41307  
0.78425  3.69096  
9.50303  11.0896  
4.54516  9.41339  
9.28017  8.19582  
0.0621689  6.58066  
6.34708  1.26643  
9.96053  3.89966  
6.35597  8.02295  
3.28904  8.35004  
8.11473  6.38302  
6.39446  10.7139  
6.24331  5.26038  
2.80263  6.73525  
7.15229  3.3869  
4.06155  6.81313  
4.59375  10.4356  
9.40848  5.11935  
5.86206  6.40491  
1.98397  8.72426  
6.59474  2.25859  
7.41766  4.60344  
5.86631  0.292196  
5.36435  4.70105  
0.455525  10.615  
8.3067  0.510172  
3.1626  2.62897  
2.79244  9.90583  
2.85389  5.26047  
10.755  9.00293  
8.85878  7.13423  
4.29556  3.5602  
0.709262  4.91543  
5.5599  2.50876  
7.15793  7.09759  
