# 64  2  0.7  0.9  9.56183
7.53731  2.09258  
8.38237  4.3893  
2.86823  6.20862  
7.07044  7.44703  
1.56714  1.71994  
2.4256  2.4516  
1.23863  4.54296  
5.8443  9.39074  
0.346386  8.23629  
3.00444  8.28403  
8.89904  3.16617  
1.97849  3.48719  
5.43508  2.26989  
8.01614  6.92673  
2.48999  1.24272  
8.33131  0.937988  
7.80418  5.78589  
4.59374  4.20894  
2.34601  7.37601  
0.0726544  4.08886  
8.99256  7.35473  
5.80224  7.98972  
2.61398  5.09365  
8.90582  8.84124  
0.945216  0.966121  
0.365651  5.18521  
6.86713  0.0103167  
0.702  7.13844  
7.94545  9.32081  
3.08059  0.119815  
7.13629  4.25842  
3.34952  1.97728  
3.96369  6.0093  
5.71323  4.36505  
6.86048  8.61697  
1.45483  8.02176  
3.04759  3.91685  
7.67051  3.2632  
0.381699  2.17162  
3.71968  4.92108  
5.2408  1.24147  
5.47273  6.23515  
1.09302  2.81137  
3.72555  7.46227  
6.59237  2.88225  
8.07849  8.12221  
4.03683  2.90375  
1.82332  0.273702  
6.20526  0.80987  
7.19461  0.980231  
9.0237  5.66411  
1.77856  5.88831  
4.79127  7.80836  
3.94396  1.01901  
3.93535  8.91438  
4.75396  5.24721  
9.49342  1.11417  
8.79857  2.01173  
6.54387  1.88085  
4.85592  0.358063  
6.1655  5.37107  
6.52509  6.47746  
0.0386195  0.123971  
1.03211  9.23295  
