# 64  2  0.25  0.6  16
14.063  0.816216  
14.2306  11.7638  
1.39318  7.41957  
14.9285  0.234015  
0.810376  9.17544  
13.6433  4.10325  
3.9332  1.5245  
12.9412  1.41431  
11.355  3.73671  
2.8689  1.97074  
7.41242  10.6834  
7.27363  12.6012  
2.48828  11.6309  
10.3714  2.62672  
4.89592  2.45799  
0.0674544  13.9115  
0.773311  10.2602  
0.0653901  15.5712  
11.7877  8.07617  
1.26822  12.8875  
1.96768  10.691  
12.5913  14.53  
2.90682  6.51145  
12.7165  7.27169  
6.57003  7.72024  
14.8048  8.05358  
8.19123  4.73183  
10.4338  1.46024  
12.4566  11.267  
0.248151  4.30915  
14.1332  5.21688  
12.4122  13.3163  
4.865  7.96299  
0.794515  5.66181  
2.05182  5.38476  
1.08779  0.0246885  
5.11831  6.45738  
0.362619  11.3683  
15.1734  11.2633  
13.9867  15.2998  
12.6598  12.2595  
14.3851  7.06024  
1.81369  6.47544  
13.6301  9.95223  
3.20791  0.628639  
1.09381  1.2642  
11.5185  9.12852  
13.6551  7.99323  
13.4998  2.31979  
8.28643  2.23188  
14.5699  9.19647  
6.77453  1.76359  
0.262715  12.5277  
0.00584572  0.610855  
4.47024  5.26293  
4.32267  9.11326  
7.14828  4.15855  
11.6132  14.2062  
15.1289  10.0756  
0.369984  7.61986  
11.4863  15.1745  
11.5935  2.31859  
3.89679  6.28254  
3.25545  5.27694  
