# 64  2  0.5  1  11.3137
10.0189  8.88354  
3.46792  10.2296  
3.51402  3.49529  
8.89776  7.94704  
4.73185  9.48382  
4.58441  3.19452  
2.79824  6.53569  
1.58838  7.74228  
10.3042  2.19597  
9.36014  5.00086  
4.35946  6.66284  
5.08513  11.0134  
0.132233  2.27769  
9.19461  10.7452  
0.305556  0.122962  
10.538  5.14406  
6.62548  3.70363  
0.269842  4.64295  
10.8597  9.5026  
5.66588  8.21108  
5.77321  7.17532  
10.159  0.110929  
2.59208  5.0296  
10.3326  7.30207  
10.9523  8.22621  
10.1632  3.59528  
5.59392  5.15351  
0.688289  5.67158  
6.19232  0.0661794  
10.7648  0.998728  
4.05132  4.38993  
5.43097  3.96304  
3.86544  5.60989  
3.18866  9.26148  
3.91802  8.46089  
2.41853  10.0879  
2.37126  1.48039  
3.44575  1.03147  
3.43057  7.54968  
4.70579  7.63301  
1.52843  11.0395  
7.7527  5.71153  
6.08104  6.24634  
2.51573  2.95168  
6.80054  5.08604  
0.980266  1.22596  
3.3687  2.32815  
8.58762  3.54331  
6.85291  7.60695  
6.27204  9.93578  
7.24308  9.63151  
8.70571  6.07879  
9.74593  6.06386  
7.81168  4.56981  
2.2251  8.62244  
5.36224  1.0781  
10.0204  10.1426  
1.35784  4.53827  
1.70725  3.60932  
3.93704  0.053718  
6.14559  2.31117  
7.96806  8.65844  
7.98586  7.42056  
8.96887  9.10138  
