# 64  2  0.8  0.5  8.94427
0.384189  6.34812  
6.78131  6.47379  
1.88266  1.77602  
1.03414  5.3906  
7.65788  6.96762  
6.02422  1.50023  
4.24995  2.87572  
6.89799  0.895162  
4.25129  4.07549  
8.82361  5.38848  
4.09393  8.07525  
1.60366  0.8072  
0.0789203  3.24718  
8.18755  1.27359  
5.86495  5.45475  
1.77864  4.33805  
4.74713  8.91368  
6.13988  4.27394  
3.81806  0.843672  
3.09183  3.46292  
2.12047  5.46197  
7.73263  0.151515  
5.21724  3.49661  
0.987576  7.40369  
2.95564  4.59026  
2.15242  7.27641  
7.71548  7.99355  
3.23089  7.50502  
3.10068  8.55114  
5.65139  6.59871  
3.10791  2.01283  
6.91948  5.34996  
8.30629  2.37444  
1.97825  8.74636  
6.60635  7.50036  
3.77832  6.34405  
7.26229  4.17586  
4.95359  1.14272  
0.984066  8.60706  
1.487  6.37926  
2.06553  2.74177  
7.46498  3.08809  
8.77335  7.2078  
1.02418  3.53038  
6.22445  2.7445  
7.87819  5.933  
5.52964  7.7262  
8.9093  8.33022  
5.90446  0.448136  
2.71785  0.675879  
8.4638  4.20884  
4.85171  5.93186  
0.190516  1.70984  
7.22649  1.91135  
0.354077  0.714304  
2.66635  6.36375  
6.80861  8.55313  
3.99284  5.24548  
4.18868  1.86889  
5.06774  4.79187  
5.12873  2.18219  
0.569946  4.45116  
4.71867  7.03866  
0.97203  2.42414  
