# 64  2  0.7  1  9.56183
2.27166  2.69213  
5.21851  6.48036  
0.823652  1.71173  
0.714119  0.621189  
1.8104  7.86263  
0.52573  7.16589  
6.23555  4.32539  
4.14176  2.35433  
3.06908  1.96168  
1.8314  0.354836  
8.48486  9.54995  
5.40551  2.1441  
4.2864  8.21264  
7.48664  7.62399  
2.87246  0.696656  
0.376958  4.96126  
1.08305  5.71782  
3.70332  3.31652  
8.08803  6.06163  
0.878617  8.59995  
9.42191  8.92943  
9.51551  1.27253  
5.70775  5.38674  
6.47416  8.00047  
8.54128  7.02097  
4.1294  0.133331  
7.45903  9.24876  
6.23918  6.8005  
6.8994  5.96923  
2.28517  6.15509  
4.04096  6.01765  
8.07149  4.05727  
2.87909  4.20701  
7.9452  1.94772  
6.10247  3.21374  
3.82022  4.90373  
1.95055  8.84099  
7.14374  3.15967  
6.01182  1.2155  
8.64443  5.22709  
6.46322  0.265338  
8.57374  0.999225  
1.18831  2.89036  
5.30796  7.55287  
4.78525  1.28647  
4.67935  4.33929  
1.47847  6.8763  
2.03996  1.66158  
3.22341  8.23434  
3.14906  5.69535  
2.78858  7.28642  
9.16689  4.199  
1.73196  3.76275  
6.6862  2.17349  
9.34551  7.84298  
5.27739  0.283995  
5.07734  3.16787  
7.5073  5.11887  
0.163324  2.47181  
4.064  7.09994  
9.50098  6.23491  
8.90721  3.25602  
8.29984  8.23451  
2.35939  4.98421  
