# 64  2  0.7  0.7  9.56183
0.641808  6.60799  
2.72529  4.00519  
0.353709  3.62869  
6.47416  3.03075  
5.392  8.68798  
7.48751  9.43358  
5.87274  0.121558  
9.52269  2.69327  
5.27  5.829  
4.84038  9.54732  
2.81705  9.28375  
7.14258  2.1915  
7.83365  1.15531  
5.19163  1.31605  
6.55823  6.53426  
0.750825  5.51118  
7.4368  3.54387  
6.66259  8.44495  
0.791827  7.89935  
8.85369  7.98665  
5.32782  3.21204  
2.24933  1.81663  
3.37239  1.69065  
4.53051  7.87289  
2.944  8.32752  
3.68545  4.56495  
3.93035  0.571753  
9.53744  8.85352  
6.6275  0.883448  
1.28432  2.36442  
7.81429  6.00434  
6.16805  5.2566  
1.79521  8.28669  
5.48701  7.13987  
8.88622  6.82893  
0.123987  0.285413  
2.90772  6.42843  
8.58684  3.467  
1.51037  3.84215  
1.03432  9.02102  
5.80384  2.20244  
5.96624  4.31057  
0.155053  4.65733  
0.719899  1.33635  
4.78455  4.74228  
1.89538  5.04364  
3.01605  5.39216  
8.37629  2.28223  
9.24236  5.6307  
8.43671  0.198574  
3.94097  8.96009  
1.54299  7.25098  
1.77533  6.18111  
4.11196  6.88397  
2.24439  2.98289  
9.16253  1.46726  
4.57345  2.25225  
3.33732  2.77069  
1.82898  0.870032  
7.80101  8.33895  
7.37714  7.31897  
4.12397  3.609  
7.41708  4.8656  
4.20781  5.80262  
