# 64  2  0.2  0.6  17.8885
4.38483  8.78681  
8.0129  3.95875  
13.1734  4.49934  
15.2475  10.1923  
17.049  17.0139  
15.7439  4.70114  
14.5747  8.02054  
15.87  8.08588  
0.757194  6.01861  
1.85113  5.93221  
0.418953  1.8065  
16.493  11.474  
5.31257  16.9494  
7.29183  4.91071  
3.08569  17.7262  
11.5902  6.05205  
17.8117  5.47424  
15.3584  9.04407  
1.61185  2.01914  
14.0532  6.94123  
3.51583  16.0016  
11.1139  9.74109  
8.6568  4.8105  
9.54043  5.34749  
12.4755  17.391  
17.0996  8.32347  
10.3605  4.35643  
9.69191  13.9487  
10.2385  15.3477  
6.82624  6.03017  
4.47245  4.96415  
14.1663  10.7037  
9.21713  17.2696  
10.6203  11.6552  
6.00187  14.6431  
12.1024  2.83711  
17.6356  10.8375  
5.12479  0.252888  
16.8462  12.4952  
17.3134  3.15346  
9.39016  6.72207  
10.3602  10.4911  
0.399041  3.9133  
5.90293  6.69635  
7.43199  7.57964  
9.09789  3.40425  
5.36999  9.5153  
2.80417  5.51689  
16.5537  9.24999  
10.8019  3.33066  
16.4704  5.49553  
8.51717  7.61871  
16.8239  4.29368  
8.06479  5.67928  
7.99298  2.82433  
12.478  12.0718  
0.723911  2.91252  
12.3359  5.22493  
1.47196  4.84778  
1.23123  17.3693  
15.0125  15.4253  
15.8485  3.73931  
17.7372  9.31335  
12.8405  6.30071  
