# 64  2  0.15  0.9  20.6559
11.3118  1.13083  
19.7224  0.229297  
20.2168  6.94545  
2.20849  5.37018  
1.67301  19.9448  
15.4885  1.47052  
1.59869  12.5691  
10.6301  2.01079  
6.9989  1.41865  
15.018  10.2146  
19.9395  2.0396  
1.82063  14.3444  
12.1461  12.0449  
8.26701  20.6268  
16.804  0.29907  
9.4565  13.0545  
3.0618  17.3395  
19.3137  9.20188  
14.4583  18.6664  
7.98974  10.1564  
9.49669  1.88741  
9.44358  20.5643  
4.37  15.3379  
9.9549  3.34804  
14.5622  19.9216  
20.2484  5.92035  
17.9437  9.87149  
9.02193  14.2295  
2.79018  4.32029  
4.14757  4.38892  
18.4419  14.2504  
18.9083  19.5875  
18.8086  8.2356  
4.48041  10.8985  
20.035  11.3366  
10.0708  7.40133  
17.9704  8.7919  
20.4691  8.73005  
16.9823  4.73477  
3.53763  12.4277  
16.3618  8.71629  
7.80274  13.0781  
15.6235  7.54968  
10.244  0.881184  
20.639  12.2692  
16.8367  3.41039  
0.153155  20.4229  
4.06173  9.56811  
5.14603  11.8712  
19.7026  3.77978  
7.00967  5.76398  
7.9836  4.72096  
15.1065  8.71021  
0.673715  14.1932  
11.4972  5.89746  
20.5946  1.18382  
5.17907  16.1982  
1.00118  3.01784  
13.8058  16.7914  
14.5414  12.8372  
8.49164  1.44116  
10.1094  14.4963  
13.6967  6.77256  
5.96529  14.5123  
