# 64  2  0.8  0.8  8.94427
7.18964  5.00932  
5.62335  1.36474  
1.33122  6.99632  
5.24252  8.7943  
5.02787  4.67661  
2.60999  1.40126  
0.468697  2.65293  
3.90268  7.42353  
6.22333  2.38832  
8.24289  6.88728  
7.43001  2.3092  
6.4733  5.75872  
1.50558  0.809687  
1.91443  2.92911  
1.45152  1.99647  
4.6897  1.77697  
6.14752  4.75094  
0.60797  1.37307  
2.63791  8.25143  
3.03796  5.50416  
0.296551  6.98838  
4.13585  5.574  
6.22113  0.197889  
7.30489  8.39133  
4.70613  6.53405  
0.864127  3.79302  
2.17897  6.17757  
3.67883  1.35944  
0.684334  8.04981  
2.26949  4.01  
8.8858  5.94  
1.00063  6.02036  
1.59987  8.51772  
5.21283  7.54276  
8.32898  2.97038  
7.80555  5.84941  
3.7515  4.60584  
0.578711  4.87735  
4.21345  8.38359  
8.31641  7.83198  
5.26961  2.60963  
2.44031  7.15529  
8.32032  4.97905  
3.8554  2.43502  
6.03471  3.64062  
7.80723  4.01925  
7.12492  7.34964  
7.61868  0.796939  
6.01856  6.70973  
1.71142  5.21861  
5.30202  5.71824  
2.54176  0.35485  
0.647184  0.284089  
4.5487  0.679697  
8.47779  1.87448  
3.5546  0.357274  
6.20515  8.01168  
8.80851  3.92136  
2.93487  3.0096  
6.60068  1.17772  
3.29452  6.46839  
8.46492  0.20872  
7.01346  3.26167  
4.4828  3.57304  
