# 64  2  0.4  0.6  12.6491
1.58308  3.88183  
2.55536  6.04358  
0.294331  6.8894  
10.0115  8.38677  
9.24234  6.47605  
10.6474  4.17661  
11.4298  0.58198  
0.210589  8.28106  
11.5659  4.83963  
2.4829  3.04289  
5.33777  8.53921  
2.02379  4.83146  
11.6905  8.20617  
2.36995  7.56436  
9.42065  10.8868  
3.21734  6.93297  
3.45038  8.15686  
12.4491  12.2532  
7.50502  12.0849  
10.3719  6.27944  
6.50808  7.7967  
1.38268  7.21094  
11.6086  6.50332  
1.81593  11.5576  
11.6746  11.0993  
7.20587  10.9376  
0.164298  2.26111  
10.9234  7.4409  
4.19522  4.30197  
10.8106  8.99569  
1.28482  8.93039  
8.76829  11.9814  
0.487326  9.55901  
11.9088  9.70074  
7.25185  0.778301  
9.03628  5.4319  
9.84625  7.36879  
6.25354  1.29398  
7.40116  8.463  
2.83997  11.8767  
6.97419  6.54379  
10.3655  11.3545  
2.40776  8.91923  
8.32938  10.3686  
0.525305  11.5216  
8.83842  7.9645  
10.6549  1.38014  
12.6473  10.647  
1.63594  10.0248  
0.0611768  5.59217  
3.45937  5.20535  
11.7506  1.65999  
4.62806  5.26182  
2.71333  10.076  
10.3078  9.91767  
4.16618  1.78707  
1.15928  5.54635  
1.23281  1.01856  
4.55185  7.62816  
2.99007  4.25364  
0.925966  12.5778  
7.95436  7.17022  
2.1873  0.267028  
5.74697  5.62606  
