# 64  2  0.6  0.5  10.328
3.4171  5.95131  
1.14999  5.76946  
0.638755  4.81194  
4.91182  7.77328  
5.49024  3.61994  
7.70197  3.64393  
7.2623  9.6672  
8.62015  7.62617  
7.48293  8.4057  
7.61816  7.3329  
9.86486  8.41995  
6.54441  3.60172  
8.84042  8.76295  
6.82862  6.41929  
2.83824  6.96913  
6.294  7.57147  
0.436176  10.1704  
5.36122  5.18951  
4.02207  4.75001  
7.35009  2.54539  
5.59285  6.27094  
1.89154  1.57176  
0.797318  9.19256  
0.810856  1.66262  
0.522332  6.87273  
3.68611  8.72307  
8.29084  1.59233  
9.76868  7.35608  
4.3866  6.22735  
4.70846  9.17837  
2.90376  4.94402  
6.85551  4.54239  
1.61401  6.90552  
8.40079  2.84965  
8.35713  6.57834  
1.42707  2.86515  
6.76118  1.46462  
10.1073  6.01733  
8.10025  4.63238  
3.86062  7.11008  
2.73224  0.694509  
7.83181  5.69634  
7.88829  0.606594  
9.20059  1.01381  
1.49515  8.26936  
3.71447  3.006  
2.201  5.83182  
0.459706  7.92914  
9.72371  9.40922  
2.20489  9.89397  
2.47718  8.81483  
5.37212  2.49018  
3.33825  1.50797  
4.1269  0.663853  
2.91475  3.81793  
1.93636  4.71145  
9.85688  4.6907  
0.107798  0.85598  
8.92036  5.36853  
2.51146  2.76669  
4.75542  1.61026  
8.99722  3.92252  
3.934  9.85471  
5.42588  0.444232  
