# 64  2  0.4  1  12.6491
12.5735  9.12869  
2.51301  2.754  
8.97782  5.11624  
10.7046  6.27119  
2.07466  5.05102  
5.01731  1.86532  
12.1656  10.1452  
7.66416  8.73363  
11.1992  9.34454  
6.20078  2.08337  
0.708577  3.38656  
6.62035  5.7667  
9.03101  3.08332  
5.66202  0.204686  
2.24688  8.31432  
4.44418  6.68431  
9.32585  8.81382  
8.45829  8.08208  
3.32444  0.239153  
2.77727  10.3069  
1.32833  7.84586  
7.78942  5.52478  
11.8871  11.2065  
4.51297  4.09697  
10.7997  11.1589  
5.39544  8.62432  
11.162  8.08453  
6.89385  2.92723  
2.98453  1.2413  
3.66154  3.41753  
6.03571  7.12168  
3.60544  2.26338  
5.67567  9.75556  
7.54614  10.6224  
5.02168  7.66233  
0.768195  4.97777  
4.18748  12.3977  
8.63098  11.1332  
6.51602  1.02274  
0.109457  7.77209  
12.3588  4.67427  
9.51147  7.65681  
4.09871  1.31206  
11.4381  3.61822  
10.1611  2.61967  
3.09563  4.54361  
3.77639  11.0555  
11.6106  5.75179  
0.905792  12.5655  
5.93474  3.43604  
1.80254  0.534839  
2.64035  5.97068  
8.57779  9.69863  
7.58336  4.06762  
0.713421  9.9675  
10.6752  4.37434  
1.19884  6.20576  
7.32292  7.16126  
4.66149  10.3894  
2.2665  11.9009  
3.97926  8.1697  
7.86738  2.97946  
7.92569  1.98915  
9.97593  5.3681  
