# 64  2  0.7  0.8  9.56183
7.51654  3.38833  
9.26792  9.05455  
6.4865  3.13871  
2.2714  8.36867  
8.01093  4.78205  
4.87709  8.39416  
6.83193  7.1787  
2.36459  5.03981  
0.35591  7.64914  
7.08978  2.20466  
4.66014  3.73681  
4.9808  7.07521  
3.31546  8.77342  
2.66391  1.92951  
8.54871  1.35704  
1.35089  7.35347  
4.62458  5.81153  
7.9947  8.52832  
9.10564  3.34981  
0.942897  3.65122  
2.3766  7.16675  
4.90342  1.91554  
4.8784  0.65482  
5.93918  0.685053  
1.24631  5.20774  
1.7925  6.27094  
0.781227  2.60016  
1.93246  2.80297  
3.61605  3.82675  
6.05647  1.79301  
3.70061  1.34359  
6.81816  8.84974  
3.33481  7.75324  
4.68741  4.76425  
9.42611  1.83957  
4.22139  2.65127  
3.54313  0.308447  
2.93374  6.10136  
8.85122  7.67819  
1.87063  3.96103  
2.92148  3.08178  
5.71404  5.0352  
8.42987  0.272332  
2.19259  0.478898  
1.48577  1.57962  
9.55929  4.4857  
5.40637  2.92365  
6.92231  4.3517  
7.41876  0.109615  
7.86944  7.22376  
1.16484  8.43182  
5.89574  6.65615  
0.768167  9.51538  
7.81064  5.87163  
5.37063  9.38544  
6.80706  5.68973  
9.52273  0.803417  
8.94267  6.62385  
3.73075  5.13529  
5.67146  3.92592  
0.163977  5.49829  
0.56897  6.47514  
3.81998  6.5766  
8.47931  2.54416  
