# 64  2  0.15  0.7  20.6559
20.2825  15.2851  
0.312078  6.20397  
6.8557  14.5266  
13.1117  9.31932  
15.7993  14.1799  
11.5188  5.20065  
13.5271  4.5469  
1.59245  9.43538  
4.88219  11.2092  
19.5811  6.23341  
20.2738  5.44494  
8.76525  11.1416  
6.67386  0.235278  
18.5219  15.2185  
10.298  15.241  
7.46531  7.37859  
12.6644  16.03  
7.91175  15.9641  
8.27038  6.437  
7.61357  4.83632  
5.26752  4.57493  
4.56004  2.34885  
5.05926  7.16215  
11.5161  9.48417  
10.3841  13.2159  
6.18779  19.9477  
12.4297  14.2164  
5.94877  11.4963  
9.98102  18.8389  
9.75023  4.66994  
7.98128  14.1749  
15.9579  19.5094  
14.6447  8.77724  
5.71175  1.89785  
5.89253  14.4566  
6.48087  2.67787  
8.83884  16.8399  
20.4422  2.60836  
14.4516  5.32001  
19.8177  1.44173  
5.89966  13.3612  
11.7085  15.0642  
18.4129  0.873322  
5.1543  16.3431  
7.0797  13.5572  
9.68318  7.35665  
9.99398  3.2173  
3.64097  4.45894  
14.6007  1.22577  
9.13221  18.3004  
17.371  14.329  
7.96716  2.33222  
2.37606  17.7787  
1.26365  16.8617  
12.1725  6.03287  
0.119261  7.23024  
16.1116  7.98144  
16.3403  6.56228  
10.3176  5.5653  
1.65626  6.47266  
3.39519  14.4731  
19.3442  16.1097  
11.0994  6.65005  
14.0947  2.95154  
