# 64  2  0.7  0.5  9.56183
7.8692  0.0216489  
5.62875  3.17593  
3.4758  0.5754  
8.06257  8.43989  
1.88352  4.38309  
5.91289  5.50108  
3.59046  8.93636  
5.83165  8.00677  
4.49423  2.76837  
7.82501  7.13469  
2.11202  9.27545  
6.84211  6.03081  
1.42371  2.02325  
6.64502  0.609739  
3.70268  7.4219  
3.49182  6.34311  
0.350409  7.25923  
5.71935  6.82977  
1.16292  3.50087  
6.7453  7.43024  
1.36296  5.35867  
2.49067  5.39832  
1.77953  7.35369  
0.0808441  2.58177  
5.3711  0.725741  
4.53791  1.62007  
0.212258  5.91575  
6.88476  8.86165  
7.95846  6.08343  
7.78415  3.6991  
8.70558  4.25812  
8.9328  9.21393  
1.28479  0.945264  
3.45444  4.78076  
7.72367  4.99801  
0.193204  1.49027  
0.198341  8.48913  
8.72946  0.749754  
8.87429  5.34813  
5.85635  2.11884  
4.4807  0.0460156  
3.43286  1.74555  
3.44552  2.89625  
0.208573  4.76087  
1.09044  6.57516  
0.985182  9.39613  
2.45091  6.58484  
8.9875  6.59461  
0.14031  0.344785  
8.89292  7.69046  
7.63485  1.15498  
2.42958  1.04459  
4.94929  3.99542  
0.0836908  3.71892  
1.46764  8.40868  
8.78407  3.10692  
2.49246  2.27396  
4.67601  6.38468  
7.2375  2.11758  
8.66609  1.84699  
4.69949  7.77888  
2.34615  3.34812  
2.53086  8.18475  
5.45129  9.09327  
