# 64  2  0.3  0.8  14.6059
1.69579  0.701701  
14.1483  5.2371  
7.44809  14.5508  
4.56368  11.3486  
1.87726  4.14939  
11.9033  8.39382  
2.3975  6.44597  
9.8822  8.92147  
14.0311  2.94378  
11.5865  3.62997  
5.18224  8.61426  
9.22323  8.12961  
11.5214  0.488929  
9.06346  1.07749  
6.84006  7.7463  
7.47051  11.2322  
1.14845  7.70892  
6.65485  3.16647  
12.1348  10.3317  
12.1844  6.44702  
11.2221  11.115  
1.44096  8.86921  
0.0436873  0.679  
0.50252  14.3002  
6.13572  1.48581  
8.89664  14.0545  
3.05492  0.315838  
7.77136  10.0993  
0.184752  3.77951  
9.72675  1.91642  
4.44161  13.7375  
8.70465  9.7075  
8.51724  11.0441  
10.6483  4.85849  
7.57746  3.82146  
10.7433  1.64234  
1.91336  5.24278  
7.4829  1.84564  
4.09233  4.02495  
2.57236  7.59089  
4.47063  1.19262  
12.9957  2.57764  
5.28122  12.1493  
7.13607  4.79117  
13.1916  0.937064  
14.3375  9.87937  
9.75143  6.93842  
11.9394  1.77489  
13.6408  14.1937  
2.39594  11.9392  
14.4759  1.76274  
5.03284  4.82892  
11.4001  9.57687  
2.17492  14.2156  
1.42289  10.0948  
1.84426  2.2389  
4.84073  0.22435  
7.46343  12.5272  
0.823126  4.96632  
8.0119  8.21526  
13.7488  4.02372  
1.06007  1.52489  
10.67  7.77507  
4.01226  12.665  
