# 64  2  0.25  0.9  16
13.6019  2.22303  
10.6994  14.796  
3.8662  2.73086  
12.1442  5.09345  
8.40326  5.17919  
11.954  6.21486  
14.5813  12.5143  
4.70986  4.84531  
12.6382  7.76211  
10.8125  13.0014  
9.10661  0.165254  
9.62355  6.15449  
11.8911  2.19684  
9.65154  13.5885  
0.817894  4.70003  
9.09221  15.0386  
11.1124  1.19075  
1.50089  11.5037  
10.9128  9.40798  
11.1168  10.6317  
1.25993  1.70172  
12.5461  11.0518  
15.3453  10.0261  
14.9001  11.0762  
5.91218  4.74079  
9.24399  7.89391  
8.02843  8.45194  
4.85921  7.37538  
8.03868  11.2872  
5.46596  13.3205  
14.3458  0.126452  
7.24515  9.57611  
0.957154  0.301574  
14.191  1.18732  
0.177917  11.3456  
15.6032  12.3092  
9.63594  1.86712  
8.94277  4.1715  
9.54047  12.3565  
10.548  7.8574  
6.6376  2.66484  
1.03018  13.3083  
13.9312  13.4338  
10.7156  0.18777  
9.01332  11.0707  
2.99057  9.19008  
11.4968  8.37133  
8.57328  2.74192  
8.56233  1.33371  
4.71051  15.7797  
4.40349  3.55638  
12.6338  4.07234  
7.05499  11.0144  
3.74371  4.45466  
15.4238  13.4314  
13.7313  5.26252  
12.5731  12.3675  
5.76104  11.8754  
15.2911  1.31042  
10.0003  8.99096  
5.50114  15.0995  
5.66148  0.407228  
6.78735  0.557832  
11.5413  7.27093  
