# 64  2  0.15  0.8  20.6559
14.868  14.2567  
12.2566  0.916578  
16.0309  20.0986  
6.59275  6.66253  
1.92022  2.71434  
10.9458  15.0919  
14.5127  8.80854  
12.0928  5.46904  
17.3035  1.06567  
12.7916  20.1005  
0.226661  9.63066  
4.37507  7.95586  
18.3937  11.9198  
12.3934  10.5591  
10.6953  18.4332  
17.0593  15.8067  
17.0335  2.30333  
2.69849  12.4085  
15.633  18.2706  
10.7469  6.40464  
9.4368  20.0773  
10.5324  3.52484  
7.55978  5.60561  
1.05111  16.6561  
3.46579  3.17193  
0.684758  12.9195  
6.23433  10.0628  
14.5613  19.9711  
9.89135  5.69024  
3.3434  10.0561  
16.0852  1.50735  
16.9607  18.554  
19.062  17.0362  
17.5671  5.61517  
2.28117  16.7997  
8.32257  8.35116  
10.1124  12.957  
18.0926  1.85492  
7.22295  10.5083  
8.71389  0.186569  
16.5841  0.292431  
4.13623  9.32545  
6.32599  5.57698  
0.644118  8.46377  
4.45695  16.63  
0.867758  5.46028  
20.452  17.4666  
20.2333  19.2065  
2.18603  7.69742  
4.66653  12.2799  
7.96149  11.3477  
7.05078  13.8996  
4.00658  20.6312  
17.8331  13.0107  
7.51705  12.6124  
10.3673  10.3879  
4.17609  4.21229  
19.671  12.0181  
2.19243  15.3173  
2.4914  11.028  
12.1461  16.9715  
9.61549  8.44682  
4.7572  17.8183  
17.3994  17.3755  
