# 64  2  0.3  0.6  14.6059
8.705  1.44753  
10.3511  10.0644  
4.15133  6.97694  
6.13773  4.59039  
6.23127  12.9375  
10.1871  12.1269  
10.2664  14.0556  
10.6074  2.38931  
0.47096  10.7193  
7.76932  10.8222  
4.3934  5.76293  
1.23537  4.95359  
11.2109  1.52442  
5.02165  4.65703  
0.0107751  11.7668  
8.17078  13.7741  
4.72326  9.02929  
3.75666  11.6862  
12.3471  7.16924  
12.3014  4.6442  
2.78953  12.4109  
7.08459  5.37087  
6.76373  8.034  
5.77041  8.49897  
13.5862  9.10444  
13.9343  12.8153  
9.20604  6.65455  
11.3239  10.1329  
3.27926  6.08243  
2.56921  2.7932  
14.1179  10.0605  
8.87533  10.2991  
2.57007  4.32323  
4.14258  0.804723  
8.87245  12.7692  
8.11426  4.47194  
9.71667  10.969  
12.9615  1.3074  
10.0367  1.23227  
13.9677  5.75794  
5.80472  7.3004  
2.43347  13.9629  
8.71667  11.4831  
9.46978  5.16105  
8.06124  5.75821  
13.2636  11.9303  
12.1309  0.486428  
10.9545  0.538918  
12.2252  12.5146  
1.0106  5.9174  
7.23095  7.06118  
7.09965  1.2833  
12.5651  2.88562  
7.14945  13.4647  
11.145  7.2314  
6.01904  5.86257  
11.0013  11.1901  
4.77194  7.97308  
7.71427  11.9585  
4.50128  10.6145  
1.9218  6.72803  
12.9607  13.9096  
0.121357  5.00527  
11.3594  13.1971  
