# 64  2  0.4  0.7  12.6491
2.91297  9.43904  
11.9196  0.112308  
9.47512  10.1566  
10.2086  5.74853  
5.25444  6.72697  
2.61874  5.37367  
6.07512  7.59535  
2.1769  0.10802  
4.48847  0.308854  
10.6857  0.58828  
10.5138  10.7144  
5.23076  10.7406  
7.36298  4.87935  
3.18399  6.58172  
5.05288  11.8697  
8.40804  3.72317  
9.45364  0.542738  
9.37493  9.06295  
9.25179  7.83137  
3.01572  2.73383  
7.05003  10.8033  
1.91831  11.4773  
11.335  7.51481  
0.858168  0.377168  
2.98284  11.7327  
3.62312  10.3914  
8.45416  8.56073  
3.99993  4.62012  
2.30517  3.64461  
7.32058  3.81349  
4.09406  3.39477  
11.406  6.31846  
4.39403  5.99176  
6.64088  8.97398  
7.01141  11.8498  
6.09183  1.27317  
0.128951  1.47632  
8.32582  5.43683  
11.864  10.0791  
1.85202  7.97019  
0.855498  7.36749  
7.31936  0.293116  
8.34599  10.2875  
5.47599  9.04473  
7.63201  9.50538  
6.12017  11.3412  
9.44835  4.80315  
9.24197  11.1875  
12.3587  8.09857  
1.76545  1.16842  
0.777513  8.44408  
1.64178  4.97798  
0.604225  10.4131  
0.0259392  9.3705  
2.16069  6.96685  
2.02941  2.25007  
1.23113  6.37358  
12.2602  2.62684  
2.86859  8.31656  
11.2572  8.56391  
0.0585797  3.67091  
1.85947  9.24887  
2.28918  10.2902  
10.5541  9.38992  
