# 64  2  0.2  0.5  17.8885
12.9803  3.96426  
11.3347  13.6741  
7.31447  15.1593  
9.14869  5.67242  
9.56565  0.126144  
11.3413  6.88996  
2.88466  5.0629  
13.2177  5.11006  
9.78831  7.90483  
5.76955  10.0636  
17.4329  16.3481  
17.8398  8.59622  
5.635  17.1518  
1.18826  0.174652  
12.1271  7.53321  
0.629407  17.1295  
7.19603  7.89259  
6.21386  14.6745  
17.2798  0.530493  
16.2678  16.3692  
8.51524  13.5317  
13.0408  9.22396  
2.23313  17.7784  
16.1334  13.2818  
7.63209  6.74801  
11.541  9.97692  
9.89883  13.3868  
1.9983  4.45048  
16.4798  4.36057  
14.0506  3.51952  
12.157  4.70614  
11.8908  14.7138  
0.257103  1.25943  
6.62328  6.17741  
6.44448  15.8617  
17.3357  15.2972  
1.65579  1.25683  
10.7311  12.1347  
0.0751566  11.6398  
12.9872  6.4011  
10.4488  9.32037  
5.06448  7.47496  
5.61263  6.43982  
2.39875  5.9227  
17.6817  10.5972  
4.55462  6.25338  
12.3616  10.8244  
3.34612  3.45309  
10.7977  17.3048  
0.887563  15.9037  
9.23982  16.547  
1.11792  11.4436  
16.2435  10.3119  
11.1744  11.21  
11.4073  8.84299  
7.71121  0.409133  
11.7363  12.6467  
6.68302  9.2664  
9.43967  15.4627  
6.13953  7.38707  
8.83176  6.7079  
1.79979  3.41864  
11.8709  5.79311  
14.1301  6.29447  
