# 64  2  0.2  1  17.8885
7.69564  15.4738  
6.74732  15.0033  
5.55487  6.85961  
16.7936  12.6091  
11.0924  15.8797  
9.17739  3.88211  
17.7259  11.4384  
1.46162  7.05061  
10.9126  12.4299  
10.0372  15.4466  
15.2864  9.76659  
14.0155  2.9  
9.72293  16.6677  
15.5593  16.5343  
16.5495  4.94735  
13.2274  10.6945  
6.60738  16.2366  
7.40092  14.0903  
16.7306  10.8589  
8.26756  5.65451  
0.252952  10.4909  
3.60874  4.12955  
2.8863  11.2243  
3.06281  5.27151  
12.6832  13.6939  
1.10011  8.02681  
0.204462  17.0108  
16.2473  15.6184  
17.2948  7.70078  
2.22721  0.810422  
9.48617  5.29467  
2.12527  12.1941  
11.4723  13.7892  
6.70283  4.85188  
15.9505  11.632  
3.23161  15.9936  
15.1095  0.373249  
5.49078  2.44694  
4.91987  5.97733  
8.70562  7.18378  
5.14604  3.94137  
7.73591  16.7318  
3.91248  7.33509  
1.44277  10.723  
6.07691  11.8611  
0.875893  0.606405  
6.74024  17.7894  
8.02841  2.0263  
16.7254  16.6807  
4.3181  17.2235  
9.22617  1.29709  
14.9932  4.47824  
12.264  11.3894  
1.84264  13.4705  
16.5762  0.595317  
12.7682  14.7572  
3.2086  2.36996  
0.74965  9.60238  
3.20312  12.4366  
12.5714  3.48535  
0.650195  6.05664  
11.5043  5.56502  
13.4406  11.7636  
17.3336  9.78124  
