# 64  2  0.8  0.9  8.94427
7.85375  8.40956  
2.85185  0.551708  
2.11341  7.60779  
7.92144  4.72574  
6.02685  4.46176  
3.99666  4.84657  
6.89396  5.20395  
1.50815  3.73156  
2.95926  1.86705  
0.86939  6.16121  
0.971831  4.75367  
0.664601  7.19555  
5.84138  0.897526  
6.98665  4.03322  
1.92847  0.057882  
0.485097  3.18074  
4.13279  1.93121  
2.45165  2.94947  
1.91366  6.517  
4.14989  8.46602  
0.891076  8.43242  
7.73158  2.20058  
5.10313  4.19743  
3.23504  4.00854  
6.86912  0.132999  
5.72188  6.95859  
3.55559  2.86256  
5.77906  8.65971  
8.8733  8.89466  
8.64021  1.32975  
1.96363  1.17199  
8.87053  5.38594  
3.56368  7.51594  
5.02541  1.42228  
2.94198  6.69825  
8.79814  2.34042  
5.995  3.36853  
0.804353  1.62113  
7.82846  6.14287  
7.7558  3.37081  
2.79695  8.50436  
0.888173  0.627704  
1.7551  5.39901  
4.87604  0.346885  
6.85229  6.72962  
3.4371  5.68509  
8.72652  7.79781  
2.76154  4.9177  
5.00656  5.37365  
6.90348  1.62246  
6.88026  2.78436  
4.16793  3.6883  
7.82534  7.23683  
5.98609  5.81747  
3.89317  0.547348  
1.47258  2.53272  
4.77306  7.52017  
8.92159  4.06263  
7.77117  0.689403  
6.71799  7.80612  
4.19153  6.44046  
8.74565  6.69949  
5.80268  2.06894  
5.07376  2.89969  
