# 64  2  0.15  1  20.6559
7.15712  9.49338  
4.77435  20.6395  
6.99144  8.33687  
13.1686  6.99706  
7.47814  5.8619  
1.55333  14.642  
14.0652  11.1754  
9.11682  16.0756  
20.0857  17.891  
6.29758  0.53352  
11.6204  13.043  
8.60871  18.3849  
13.0446  7.96282  
14.8461  9.5163  
7.21639  1.35529  
5.76565  7.79786  
10.7549  11.4154  
15.1699  14.9036  
1.07706  16.2669  
4.25009  15.0868  
6.69763  12.3578  
20.4749  19.5329  
0.681975  18.6766  
9.60904  18.0301  
8.8924  19.833  
16.2672  7.125  
4.97231  6.4426  
0.751733  14.0992  
7.50754  20.4548  
18.8222  0.637554  
1.8721  2.98704  
1.63107  9.94551  
13.1802  19.8751  
10.2909  0.267317  
14.1062  15.8396  
2.91128  19.8713  
3.7842  12.0504  
16.1838  14.0204  
1.23682  4.54569  
14.7712  11.9341  
5.35881  11.213  
5.9447  17.5468  
12.2083  14.6584  
19.4358  15.1779  
12.7977  15.9303  
2.86134  3.1695  
2.57858  12.2908  
6.70957  5.12238  
17.1415  14.3919  
8.26839  0.983751  
15.8425  11.9669  
5.99802  18.7718  
2.62633  18.5431  
20.3261  14.0423  
14.2982  13.8616  
11.0501  10.4206  
17.7817  17.9665  
2.39057  16.5397  
10.5418  12.5702  
17.8135  5.55413  
17.2668  20.4808  
6.4791  16.475  
1.62516  17.5802  
11.5825  4.15495  
