# 64  2  0.6  0.6  10.328
1.49119  4.44325  
8.71929  7.99794  
7.6949  7.4206  
0.106243  0.26028  
6.80136  8.72502  
1.3268  0.194413  
1.94038  2.75374  
0.0305145  9.46668  
2.17432  7.76993  
5.35898  0.00436932  
7.63215  0.425471  
9.17203  0.590496  
3.77138  1.70139  
4.45796  5.94893  
10.0317  3.76136  
5.76659  0.975185  
2.1049  6.50807  
0.70421  3.00163  
0.894173  7.20536  
1.54325  9.06051  
4.75405  7.21129  
2.47685  9.81867  
8.83871  6.88518  
9.35105  5.15422  
4.9504  1.92935  
4.12896  8.08535  
1.53123  1.73813  
3.30833  7.06743  
2.99795  5.93651  
2.39231  0.579195  
8.50392  5.87814  
2.60941  4.60223  
7.49292  5.43528  
2.87253  3.20408  
6.46155  10.0627  
3.58228  0.543574  
5.57224  6.22995  
6.52931  7.55902  
0.571044  8.3904  
3.9284  2.94806  
4.99126  4.9615  
7.08204  6.52328  
5.17281  3.22076  
10.0788  6.11666  
8.00261  3.34505  
5.45299  8.58853  
9.93545  7.2212  
6.20437  5.29946  
4.64994  0.893259  
7.80023  9.50332  
2.66623  1.91379  
9.93918  2.44397  
5.73767  4.08705  
8.77441  9.66837  
6.00627  2.32906  
9.93231  1.34536  
4.45107  4.03412  
8.37343  1.21579  
1.97516  5.4609  
6.75861  1.4808  
8.73259  2.40105  
2.85248  8.7149  
3.69332  5.1231  
9.47124  8.83291  
