# 64  2  0.5  0.7  11.3137
0.743386  10.3267  
10.1766  2.34239  
3.72332  0.28682  
10.5664  4.27982  
6.4686  0.273518  
2.88171  8.57517  
10.6559  7.42843  
0.477537  7.52735  
7.47261  3.3574  
6.1965  2.27988  
3.10809  4.15637  
4.8827  0.266019  
8.70917  7.79431  
11.1841  6.48927  
1.00037  3.3436  
7.49108  9.59744  
4.70853  7.26278  
10.9434  0.201541  
6.96982  8.08237  
6.57866  4.24547  
0.00539463  3.0079  
5.19883  5.47677  
8.72268  4.15651  
8.44817  2.95206  
10.0372  5.86625  
4.97671  8.45359  
9.61976  4.90753  
8.46984  5.15897  
9.15722  1.90715  
7.01325  1.55208  
1.46562  7.97654  
7.66801  11.1859  
11.1848  1.80886  
10.3064  1.0582  
7.27433  6.03672  
4.58914  4.52309  
3.20243  6.22543  
0.6424  9.15568  
3.77866  10.4019  
0.956844  1.38961  
3.68649  5.187  
2.50968  5.28186  
5.50328  6.52885  
1.80882  9.19844  
9.81735  3.27045  
5.749  7.77094  
1.96626  2.74805  
2.76315  10.1267  
2.74713  7.32632  
4.27827  6.12531  
1.74976  10.7699  
1.28815  4.82453  
4.22344  3.38909  
8.89291  6.76729  
5.26854  3.10135  
4.05403  9.06289  
6.52274  6.8559  
0.787935  0.131645  
8.8266  9.77388  
11.0849  5.3716  
1.87975  6.74682  
7.54431  7.13115  
0.264038  4.31484  
7.38563  4.99642  
