# 64  2  0.5  0.6  11.3137
1.80263  8.69207  
5.75414  3.55464  
8.52963  0.515529  
0.652109  8.79964  
8.22073  10.7297  
0.053924  7.8827  
0.279841  4.71191  
2.88208  8.59213  
5.10295  10.3337  
2.2663  9.72031  
6.46971  0.372036  
2.56856  7.28818  
9.55599  5.73599  
10.804  5.49983  
1.39659  0.946563  
3.78612  4.60484  
4.70632  5.32041  
2.91834  11.1512  
2.57823  6.24538  
6.1356  5.36335  
9.55159  3.32038  
1.37909  5.66484  
4.2388  8.99433  
0.548904  3.70656  
11.1552  9.41572  
8.34427  4.22068  
5.22442  2.50533  
0.961171  9.8763  
1.66931  4.45315  
4.72893  3.73986  
4.20435  0.800332  
11.1273  0.59159  
9.83657  1.71749  
9.38063  11.2151  
5.41989  6.27549  
6.49379  7.04606  
1.77293  11.1  
11.0296  10.7006  
1.5126  3.37856  
10.0101  9.18035  
7.28329  1.05795  
7.85821  5.56067  
2.49156  5.15002  
7.05021  10.8268  
10.7313  3.87772  
5.51992  8.95563  
7.90646  2.10029  
4.87253  7.9957  
1.05921  7.54855  
6.54464  2.82623  
6.77241  4.21294  
0.333451  6.15375  
2.59357  0.934059  
8.32926  9.50592  
6.59286  9.32396  
5.51431  4.61239  
10.3989  6.83192  
3.87703  10.0489  
5.88121  1.54744  
4.1065  6.34877  
9.57623  10.1552  
2.29284  2.51632  
3.803  7.89611  
0.96594  2.29611  
