# 64  2  0.6  0.7  10.328
9.79226  9.72298  
0.213602  0.138609  
2.84948  2.7758  
6.76202  2.05303  
1.15289  4.92289  
1.11205  1.13542  
1.59826  0.236214  
1.45064  2.62407  
6.45709  9.41764  
8.02153  1.08478  
6.86525  3.1071  
9.03667  8.82339  
3.33893  7.61282  
0.927525  6.43553  
2.83231  8.53992  
4.61045  9.68711  
4.16276  3.47586  
2.81118  6.57315  
1.55316  3.72525  
8.01039  7.96488  
7.68293  3.90564  
1.85666  7.17019  
8.59147  9.96487  
5.82582  5.26618  
3.63253  2.0607  
9.93301  2.83362  
6.92925  7.62381  
4.68267  5.41789  
2.50909  1.7547  
1.28505  8.41276  
4.69864  1.27661  
3.40826  5.47386  
6.94993  0.876694  
4.01414  4.47596  
0.202029  7.67117  
3.20228  3.75598  
5.63828  7.65171  
10.3049  1.27229  
4.17071  0.277893  
9.33551  4.10742  
7.04824  5.21697  
3.98107  8.63757  
7.65533  9.38197  
8.8217  1.86184  
8.68528  3.14309  
5.15517  6.44472  
8.41696  6.93319  
10.1566  6.4106  
4.58126  7.48801  
6.32186  4.32652  
9.39766  7.28654  
9.16665  6.10715  
0.596621  9.26732  
10.052  5.31298  
3.97913  6.60747  
5.10978  4.20272  
5.36937  0.250447  
2.32135  5.18453  
7.84795  2.60446  
5.65614  2.16282  
5.12986  8.74312  
0.0964006  4.10104  
4.6484  2.45576  
7.84013  5.86065  
