# 64  2  0.8  1  8.94427
4.27277  4.25436  
3.80782  1.35718  
1.93031  3.49981  
2.69177  0.595175  
3.37941  3.69461  
7.73003  4.28456  
6.67276  3.89937  
6.94503  0.993856  
6.15821  8.05078  
6.03451  1.5947  
5.02696  7.52244  
0.781783  0.886752  
3.82641  6.90715  
0.76897  1.95896  
4.89268  5.13832  
1.6984  1.44095  
6.19435  7.06214  
7.43874  6.19597  
1.77512  7.39621  
6.44027  5.95484  
2.79999  1.68479  
2.02288  5.57743  
8.87981  6.27717  
7.86438  1.83556  
0.932142  8.20309  
3.36595  4.7812  
1.72227  2.52475  
1.13767  6.29198  
8.08479  0.371737  
0.64865  7.16577  
5.14946  8.84488  
0.713574  3.32795  
7.92581  8.11154  
3.6833  5.91859  
3.73462  2.36185  
2.7766  6.48199  
1.04729  4.34337  
0.789341  5.36655  
5.86856  4.96233  
8.72204  1.31836  
3.79279  0.28119  
4.53858  3.15087  
6.95966  5.02328  
2.98667  7.57938  
4.77259  0.919698  
2.76206  2.79636  
1.58169  0.161584  
8.66873  5.10594  
8.59922  3.69827  
5.11507  6.24708  
4.00013  8.15563  
2.3878  8.51755  
8.90367  7.95867  
8.19858  7.02195  
6.98683  8.68494  
7.17381  7.24198  
2.13991  4.61201  
6.77708  2.3236  
5.44989  3.92663  
6.04035  0.582937  
5.74002  2.95753  
8.82705  2.51933  
0.152572  8.93425  
7.55701  3.14561  
