# 64  2  0.8  0.7  8.94427
1.41713  7.53826  
0.88287  2.73435  
3.4243  8.41625  
2.88205  2.86424  
2.36355  5.27943  
4.41808  6.70573  
3.06985  1.75943  
1.61108  3.54532  
2.39813  7.61794  
6.47074  7.01545  
1.0956  1.61094  
6.91789  2.57815  
7.60334  7.21992  
0.327505  3.82529  
5.80976  3.92271  
0.392813  8.00546  
6.7617  6.03957  
7.89663  2.32706  
1.27457  4.62672  
1.3033  8.64013  
0.723515  0.678944  
8.15139  4.4562  
1.3063  5.69233  
7.03904  4.79935  
2.3979  8.7411  
2.09546  6.5512  
8.42242  8.47998  
5.87963  5.27379  
2.71748  4.02112  
6.13951  8.02102  
0.86012  6.62367  
7.93449  5.58649  
4.67077  7.81722  
3.43978  4.88566  
6.8354  3.71448  
1.83173  2.30553  
0.0931227  1.68575  
7.13864  1.49086  
8.19889  1.00963  
6.09444  1.71782  
5.37963  7.08037  
4.74235  5.5956  
5.03438  2.02107  
3.80233  3.55169  
6.37827  0.575877  
5.35546  0.874131  
4.12882  1.12412  
5.32405  8.82282  
3.02684  0.675183  
3.49411  7.41746  
4.86161  3.31732  
4.34059  0.113447  
7.44165  0.246623  
8.61525  7.03234  
7.12992  8.14149  
8.92825  6.05353  
0.253935  4.91959  
3.63255  5.87259  
2.01603  1.09377  
4.53995  4.41116  
5.78832  2.7587  
8.74659  2.79202  
3.91595  2.42213  
7.82386  3.42062  
