# 64  2  0.6  1  10.328
3.03299  5.42028  
6.48788  5.53113  
5.51897  4.71355  
1.09483  5.62539  
2.73514  7.30044  
6.44025  1.71378  
5.69443  0.931471  
9.26908  5.75389  
0.00640855  8.77075  
2.73501  1.87421  
4.47463  0.491553  
1.65696  2.62676  
1.79294  6.55726  
10.106  1.4637  
4.96501  9.43887  
0.655147  4.59215  
10.0461  2.60765  
7.46395  2.03614  
9.71967  9.76459  
6.81862  2.99958  
8.71025  4.28817  
3.97981  8.99729  
5.45007  8.42737  
7.22603  8.54342  
4.46158  8.0994  
7.04326  4.54867  
7.56363  9.84381  
1.78327  4.07556  
3.97565  2.99912  
8.56473  9.38651  
0.846214  8.02022  
1.77886  8.82351  
6.26822  9.08844  
8.7207  8.05624  
4.24181  1.85041  
9.066  0.581946  
4.84758  7.07521  
8.89484  7.00323  
9.93361  3.94632  
1.75363  7.69209  
10.207  5.9871  
3.01886  8.51036  
7.79118  1.01063  
6.69686  0.420749  
0.98588  9.46113  
1.33856  0.0728051  
9.89299  7.12848  
0.665054  6.6566  
1.01471  1.73881  
5.34878  2.05858  
3.66034  6.41549  
2.06633  5.19742  
3.17693  4.37146  
0.0493407  0.257703  
4.04155  4.96315  
2.40965  0.292793  
5.39167  5.99192  
8.94883  1.72641  
4.79175  3.53066  
0.471738  3.39173  
5.69073  10.2276  
6.10927  3.73245  
8.19862  3.13061  
2.49357  9.53745  
