# 64  2  0.25  1  16
13.4329  7.79964  
6.99908  5.96042  
8.51482  10.3539  
5.9028  9.72683  
15.0165  13.5656  
10.3798  14.6133  
13.9602  15.4665  
15.779  5.95574  
1.37958  13.9237  
15.2265  9.6308  
8.94111  13.2702  
10.9083  6.76565  
10.5039  2.77431  
0.538647  11.5081  
6.86883  11.7154  
9.61569  12.1557  
5.77838  4.81067  
0.588526  7.32917  
9.12754  0.58987  
3.57827  14.0952  
7.3232  8.3483  
11.3461  5.64871  
2.14245  11.8946  
8.06222  0.893831  
7.61621  9.87331  
12.0854  8.8278  
9.64238  4.75472  
1.36519  3.53835  
3.49271  10.6612  
9.91801  3.67144  
2.36051  10.4764  
15.3962  1.1162  
8.46249  4.10889  
0.383361  14.949  
12.2231  10.9238  
2.68854  12.8298  
3.0408  15.9582  
9.56899  9.94148  
4.59961  11.3074  
3.46264  11.7309  
6.99353  13.0901  
1.37014  10.1929  
12.9976  0.158151  
4.49753  7.51746  
1.35606  8.74928  
6.68958  3.10598  
2.38429  14.0782  
3.72998  12.7523  
5.36268  8.22642  
4.73078  4.79898  
13.461  1.23525  
15.2063  15.6325  
13.1419  2.20712  
1.11796  4.69892  
3.40393  6.97102  
6.85071  0.281905  
12.5248  6.95702  
8.0229  6.7511  
14.8577  8.46808  
2.19871  15.1262  
13.1884  11.9917  
6.38962  7.26121  
12.2561  4.80815  
4.79676  10.0007  
