# 200  2  0.25  0.8  28.2843
26.3698  25.7042  
2.69028  16.6794  
21.6044  13.4309  
4.42137  4.15709  
7.67929  6.5094  
18.4467  24.6604  
13.7662  8.05391  
8.67638  12.3157  
27.4185  9.66253  
12.4606  26.3843  
6.60208  7.69949  
16.9531  27.6495  
14.6923  4.594  
23.8308  7.63429  
19.4292  13.3388  
18.2  1.40302  
21.0839  7.36544  
5.94536  23.6712  
16.0519  26.4589  
19.5648  16.829  
9.78711  4.989  
3.56844  13.1671  
19.365  3.54548  
0.250133  24.4213  
23.6335  13.267  
20.6607  0.570782  
3.9812  26.056  
0.322799  21.6456  
20.7482  6.19291  
20.4908  20.4032  
7.23791  23.0729  
1.86516  8.96238  
0.345185  11.9659  
13.2022  17.0489  
12.2465  27.6428  
11.246  17.9387  
10.7689  21.5764  
1.5346  27.0532  
11.7114  23.7596  
21.9085  0.861607  
15.349  13.4039  
24.1344  4.40652  
13.308  1.47028  
7.24664  4.26827  
22.8109  19.1403  
12.9672  23.4405  
13.8259  3.13786  
22.5657  2.04723  
4.8599  11.6105  
21.4974  9.98465  
3.05003  1.36264  
7.2594  10.6538  
2.36078  24.5301  
1.01135  6.0895  
26.0206  7.56077  
6.66049  6.43761  
5.77008  18.9855  
17.2158  19.6465  
15.0353  0.560216  
4.20477  20.7426  
3.44603  24.7146  
23.1389  11.7464  
16.1452  22.0596  
12.6566  7.58512  
6.85419  19.3291  
12.4435  3.65035  
4.71145  7.67766  
21.8059  12.2187  
26.2255  10.8688  
3.90137  0.781008  
22.5483  15.2726  
22.5351  3.56834  
10.7994  12.7633  
17.7999  18.6095  
10.8605  25.4384  
6.51932  1.3785  
13.782  20.5322  
9.43846  20.8462  
24.9278  24.822  
22.1965  7.24963  
2.24811  6.21791  
16.6138  23.9769  
25.7603  17.5461  
8.78675  21.7187  
10.4039  26.4562  
18.9708  23.141  
18.226  20.4668  
9.76265  10.1837  
8.83297  2.03188  
14.7588  26.5342  
21.3532  28.085  
18.1677  16.1985  
5.36785  6.36114  
22.3881  14.1141  
2.51143  18.1305  
14.423  1.69965  
8.61403  16.4107  
2.52323  4.43645  
19.393  20.4093  
14.2364  11.1779  
15.6486  1.43973  
16.2821  0.668369  
23.3994  23.6634  
15.2797  17.4791  
9.465  3.7364  
4.35989  22.9667  
0.469824  28.0897  
2.57491  11.003  
12.1099  10.5532  
19.2467  17.9413  
18.785  19.2778  
22.6181  16.7469  
10.2593  16.8961  
5.48413  2.73515  
2.81362  15.2974  
0.830905  20.6156  
3.91318  6.45296  
15.6707  27.5602  
8.97635  11.0796  
16.778  7.22697  
23.3477  14.6073  
7.89857  1.06455  
23.9877  8.70147  
16.478  8.54579  
26.9481  16.1703  
0.38563  25.7387  
7.58053  16.2852  
16.3533  25.3816  
4.51393  5.38546  
27.2125  6.58542  
4.74765  28.1533  
5.79859  21.5388  
18.8812  12.3731  
25.485  9.92698  
25.0585  7.12258  
2.70389  27.2698  
15.6818  24.313  
11.6417  4.77761  
4.33665  18.873  
3.65456  7.62408  
4.88896  19.9705  
19.7769  15.3217  
2.69456  14.3419  
1.85434  7.24003  
1.13384  8.07701  
28.007  10.6149  
21.4705  2.8442  
13.4398  27.7536  
10.2231  24.6123  
3.57505  11.7806  
13.0735  0.465801  
7.95731  15.2756  
1.25719  22.8902  
16.5947  15.3124  
11.6564  5.90354  
24.7666  22.302  
7.60083  5.19786  
15.5526  14.6667  
12.1652  16.9035  
0.947765  11.0838  
7.48611  17.3955  
27.0791  11.4875  
25.9753  22.8826  
24.9713  23.365  
3.5533  2.39582  
20.108  26.1814  
3.91703  8.71452  
9.6256  0.794239  
16.5798  22.922  
0.0568601  7.81335  
7.72269  11.623  
5.91544  27.5131  
5.12555  10.4746  
24.4539  5.55112  
0.24343  15.0505  
6.23318  8.80843  
21.1085  14.5921  
9.01216  15.5061  
11.9365  21.0753  
10.25  11.2087  
12.8588  2.68577  
8.71643  26.6956  
6.61286  15.1901  
11.1593  19.51  
13.807  22.195  
14.5952  23.5531  
27.5496  26.5371  
8.46612  3.24291  
0.982337  1.20649  
17.83  0.0319565  
8.41899  4.53772  
15.76  20.3822  
0.615357  10.0746  
11.535  26.8964  
17.6105  12.7455  
25.4832  14.4589  
27.1841  19.1545  
24.3706  20.7416  
21.4508  1.78095  
17.8843  17.4264  
