# 200  2  0.25  0.2  28.2843
3.13868  10.7174  
22.3051  22.7217  
1.78354  16.4698  
15.0861  26.2034  
21.8329  24.5766  
18.0019  0.526812  
1.05297  15.4663  
21.1412  19.3654  
19.6531  24.0883  
17.4166  23.7155  
4.84424  15.5909  
24.1475  10.9902  
27.5586  16.2242  
6.35639  11.3611  
26.9064  12.3445  
5.48543  12.6537  
3.67387  15.5002  
1.02924  17.4789  
26.5922  14.3153  
26.2404  13.3064  
15.9877  22.4129  
23.6914  14.8175  
1.36335  13.5134  
20.8734  21.2699  
4.67973  17.5289  
1.70709  9.71601  
16.154  26.4737  
28.2007  17.2746  
24.4803  16.8418  
20.9676  0.184463  
19.152  26.1036  
4.3883  12.588  
23.9702  12.9063  
20.3798  23.2461  
26.9764  10.438  
21.7588  12.5874  
3.00509  14.3795  
22.9778  18.7478  
23.1569  24.9174  
13.9604  25.7928  
20.3889  1.09351  
22.1833  25.6792  
21.0577  13.3981  
14.2891  26.9215  
19.1113  0.947194  
21.5766  9.64412  
5.44648  10.7025  
13.5098  24.6818  
4.87217  11.6583  
24.6232  12.0537  
21.7653  15.5882  
2.08325  10.7355  
2.48544  13.439  
4.89281  13.6036  
22.4897  11.7019  
27.7471  14.3739  
5.4998  14.574  
15.9277  25.4291  
27.5081  11.4576  
22.3122  19.6026  
22.7837  20.7372  
28.0363  12.4232  
20.7673  24.3697  
17.272  26.816  
26.5887  9.20753  
23.5348  11.8806  
0.859927  12.5168  
4.26548  10.4788  
21.945  21.5379  
14.8153  25.1473  
23.1056  10.8462  
24.0587  18.9724  
23.3759  22.9565  
25.4964  9.12975  
3.48945  17.4115  
26.3804  11.3365  
22.8795  12.7769  
22.5488  26.7865  
20.8156  10.407  
2.56479  15.3831  
18.0638  25.9188  
21.0142  25.5295  
2.65805  11.6741  
18.9566  19.1008  
24.3554  8.99017  
17.7712  21.8754  
26.9552  17.2467  
19.3658  20.1045  
15.7224  0.133322  
22.725  23.809  
14.803  22.2452  
14.4895  24.1051  
18.8967  24.9669  
28.2568  15.3407  
22.9799  21.8356  
19.9751  25.1954  
20.2894  17.3329  
16.3075  23.4707  
21.4237  26.5588  
19.8109  16.3586  
22.1518  13.6687  
20.7031  18.3405  
18.6032  20.9328  
20.502  20.2658  
19.4449  12.1801  
24.8381  15.0643  
21.9833  10.6905  
21.5766  20.4873  
19.4942  27.1788  
18.363  27.0037  
23.9605  15.9034  
19.2503  14.0403  
19.1839  17.2742  
0.349153  11.3986  
21.8953  18.5424  
15.5689  24.3497  
18.5904  23.959  
16.9863  25.6329  
5.92119  15.6795  
18.2161  19.9076  
17.7783  24.8519  
22.1131  16.6476  
20.5096  15.4117  
1.73678  14.5846  
3.7913  11.6506  
16.4527  27.5727  
27.4341  13.404  
6.67338  12.6229  
20.3052  14.2351  
23.8123  24.0305  
24.8391  10.0604  
23.7735  9.95048  
24.3781  13.9588  
1.00652  10.5323  
23.2912  16.8288  
4.16427  16.5235  
22.5954  17.6945  
0.232595  13.4187  
23.8264  17.8201  
21.4873  23.4753  
28.1422  10.4538  
3.77305  13.538  
22.8697  15.744  
20.0727  22.1792  
19.2967  23.0293  
20.1026  19.2198  
25.8828  17.19  
22.5275  14.6609  
18.9042  21.997  
15.4194  27.283  
20.6167  12.4325  
18.4769  18.104  
25.2985  11.1279  
0.582242  14.4365  
25.3635  16.1839  
21.1171  22.3394  
4.18385  14.5482  
26.4471  16.2346  
5.27407  16.6114  
20.9914  16.414  
17.0838  22.6685  
18.7657  27.9866  
23.41  19.8457  
23.2746  13.7795  
25.9835  15.1704  
0.435603  9.33488  
17.4972  20.7296  
20.2811  26.3673  
2.99323  16.3932  
19.634  18.2705  
16.6841  21.5685  
18.1992  22.8279  
25.489  14.0848  
21.3891  17.5477  
15.1609  23.2869  
16.6705  24.6377  
1.9805  12.4931  
5.99718  13.6085  
19.819  13.2036  
19.8611  0.0698566  
21.7587  27.6774  
19.6981  21.1666  
1.42045  11.621  
25.0188  13.0994  
25.6609  12.2884  
21.4371  14.5271  
14.0252  23.0803  
19.4236  15.224  
25.9349  10.1091  
18.7531  16.1674  
21.3064  11.5391  
27.0701  15.2852  
20.6562  27.4282  
3.26445  12.5802  
0.544109  16.4711  
17.5469  27.8411  
22.7439  9.75976  
27.6187  9.48474  
16.8035  0.416402  
20.2118  11.3612  
