# 200  2  0.25  0.4  28.2843
27.5339  9.61285  
22.0634  22.7421  
7.05067  18.6331  
15.7644  0.277333  
21.8426  24.8218  
13.3127  4.01037  
3.76408  17.6986  
20.8255  19.5144  
19.4279  24.1705  
16.5415  22.5623  
6.2639  15.5886  
23.4986  10.1608  
0.976511  21.5968  
13.4566  2.15154  
28.1682  12.6406  
6.1016  14.3111  
5.14849  15.6437  
5.10738  17.5093  
25.3724  14.8024  
26.3763  14.4478  
16.8641  20.6586  
23.213  14.6019  
2.04061  14.4758  
20.2966  21.5266  
7.59  17.5537  
17.749  13.4508  
16.8025  0.0775486  
5.82028  18.4139  
25.7661  17.7551  
23.2369  26.9779  
19.0652  26.4221  
5.21023  13.2898  
23.842  12.4379  
20.1827  23.3319  
0.181505  11.5951  
21.5853  11.9202  
3.19096  14.8894  
21.8948  19.7942  
22.9477  24.8849  
14.5538  2.22782  
14.6898  27.5489  
22.369  25.8828  
20.554  12.134  
16.5979  25.5008  
16.5032  3.25278  
26.4667  10.3102  
9.31595  27.5785  
14.5193  0.416142  
7.04685  16.4032  
24.5185  11.5421  
20.7151  14.9312  
27.4  11.9154  
1.23706  15.6989  
4.15392  13.9506  
22.3243  10.886  
27.7516  14.5761  
7.34181  15.2901  
15.291  22.4653  
26.47  11.3466  
21.8955  18.3757  
22.0322  20.8837  
0.960194  12.617  
20.7185  25.1049  
19.428  0.708562  
0.379794  10.4369  
23.5488  11.4149  
1.44551  13.6325  
13.9159  3.12122  
21.3774  21.6517  
16.5433  26.516  
22.3049  9.8107  
24.4667  22.9517  
22.6447  21.748  
3.24619  10.667  
10.6213  27.7077  
25.5153  11.9489  
22.7551  12.0855  
23.3037  22.8281  
22.869  3.11024  
4.0406  15.556  
15.8354  27.5527  
21.1525  26.2888  
3.02072  7.94078  
18.1727  18.8433  
25.5396  9.58904  
17.2112  21.6558  
27.1735  17.7347  
18.7865  19.9782  
15.9284  2.2102  
22.4305  23.7553  
17.545  14.4767  
14.5434  23.591  
18.4566  25.1867  
4.20099  18.8057  
24.8807  24.6901  
19.5512  25.2675  
20.304  17.2313  
15.8735  23.482  
20.726  0.20543  
19.5781  15.4817  
22.0573  12.97  
19.5527  18.0192  
18.0687  20.7466  
20.0021  20.2581  
14.753  12.9016  
24.2738  14.8079  
21.0841  9.7734  
21.0869  20.5714  
18.4647  27.3479  
17.4005  27.4272  
23.828  15.796  
14.5751  4.76715  
18.5882  16.1767  
2.06291  12.3803  
20.6286  18.3266  
5.22914  19.3895  
18.0133  23.7958  
17.4398  24.717  
5.97231  16.5558  
17.4064  15.6933  
17.5941  26.3334  
21.7781  16.3448  
19.7774  14.2426  
2.88897  18.525  
3.6314  11.6949  
16.3435  1.22184  
27.2692  13.5317  
6.4685  13.2288  
19.6731  13.0732  
23.6647  25.8979  
23.6715  8.02638  
23.124  9.0634  
24.0879  13.7208  
22.632  7.89579  
22.9082  16.405  
3.28134  16.3049  
22.4511  17.4143  
0.24822  13.8252  
22.9194  20.3133  
21.2426  23.673  
27.5849  10.746  
3.11132  13.5471  
22.3181  15.3512  
19.4315  22.1522  
18.9963  23.1016  
19.6041  19.1018  
26.9589  16.5042  
22.0343  14.0433  
18.4096  21.9366  
15.1787  1.30508  
19.4697  11.7411  
16.417  12.6938  
25.3741  10.7614  
0.884757  14.6941  
24.8897  15.8005  
20.8286  22.5496  
5.07559  14.6123  
25.9651  15.9751  
4.27913  16.8068  
20.6706  16.0265  
16.1172  21.4695  
21.7084  28.0051  
23.1574  19.204  
23.0767  13.3717  
23.9878  16.919  
1.25153  11.5601  
19.2888  16.9965  
20.1527  26.249  
2.33145  15.685  
18.3002  17.4607  
17.5116  19.852  
17.6966  22.7084  
25.8508  13.4068  
21.3968  17.3685  
14.9589  3.64145  
17.0283  23.6772  
4.13663  12.8804  
7.55864  11.4241  
18.5827  12.7399  
23.6911  24.0664  
20.8041  27.3826  
19.1554  20.9974  
2.38477  11.4073  
24.7834  12.9468  
26.4214  12.4966  
20.9062  13.1846  
12.7447  3.10571  
18.5114  14.9201  
24.3097  9.40997  
11.4898  8.06988  
21.2323  10.8931  
27.0717  15.4329  
22.0929  26.9737  
5.02108  12.1822  
6.49914  17.5297  
17.5834  0.73853  
21.7396  8.81952  
0.272166  9.17783  
13.6975  1.12495  
18.7821  13.874  
