# 200  2  0.25  0.6  28.2843
2.31347  22.3463  
3.97541  25.445  
27.5792  21.8097  
0.178679  17.6779  
5.56371  16.7956  
20.041  21.1101  
14.1083  13.5027  
11.4708  19.851  
22.1938  18.7436  
15.4397  15.8676  
21.8302  16.4161  
25.9049  3.07  
22.5868  10.5382  
3.22278  20.1607  
0.442439  21.1035  
9.37368  22.1197  
6.90798  9.56661  
21.6545  25.0025  
18.2073  2.24861  
19.2482  10.9651  
26.8109  14.3408  
0.0176556  18.848  
12.0339  16.6557  
25.9369  11.8255  
25.454  16.1503  
19.6354  2.03896  
10.1274  20.5622  
18.5662  5.89804  
13.3428  0.619601  
20.616  23.1142  
22.9408  3.10328  
21.6268  2.87484  
20.3153  7.65125  
20.0479  26.7097  
5.21943  14.3649  
14.2966  3.22687  
8.18871  7.91986  
21.0339  1.00501  
0.0562862  19.9111  
8.53955  3.88609  
2.43011  5.90881  
2.20229  19.3207  
24.4809  9.29787  
25.532  2.0335  
26.2736  1.19748  
21.4255  13.2477  
26.5978  13.1405  
15.1531  13.2623  
11.3256  20.9677  
20.8293  6.02081  
13.6235  18.5533  
20.0828  11.7348  
20.4145  12.9011  
21.671  7.43166  
22.2221  3.92076  
22.5184  8.09432  
15.1733  12.0337  
23.5193  4.55635  
25.5402  22.0972  
16.0149  4.47925  
25.8582  14.0204  
24.387  2.58843  
24.2598  12.3122  
14.7315  19.0202  
5.25048  13.2493  
16.149  18.7523  
23.4516  8.73556  
19.1306  9.91427  
4.56442  11.436  
2.1291  2.29945  
5.34479  6.62314  
21.8442  28.0207  
15.2303  3.5938  
26.1448  15.1745  
7.19802  7.38499  
18.4003  19.7801  
20.5163  4.92791  
23.1375  12.0409  
19.5249  5.56783  
1.42896  18.2818  
2.58614  18.3355  
24.729  14.0806  
12.5057  18.3445  
26.7112  23.0438  
22.7367  16.1663  
20.5393  3.4218  
0.957823  16.9385  
21.7006  15.3144  
1.92566  20.3942  
15.4293  2.53251  
5.51204  20.3297  
21.2145  11.4118  
7.90708  10.6889  
18.072  10.953  
2.86324  27.1674  
21.2257  25.9679  
6.59238  10.6673  
14.1564  16.2751  
22.3288  9.33918  
8.95907  20.8811  
16.6427  16.5272  
20.6417  24.2031  
2.73765  21.2527  
28.2174  15.0479  
1.86167  16.2628  
19.2129  3.12166  
19.6777  0.908013  
19.3641  4.42414  
9.0738  2.95341  
8.4888  6.7742  
23.2653  18.1659  
2.87507  23.3472  
27.2242  3.4206  
11.647  13.9742  
1.48319  25.3862  
18.545  0.593049  
6.68358  15.9926  
4.03242  2.18851  
13.7824  7.37711  
18.2755  4.12477  
0.172303  16.1437  
18.6925  7.38127  
1.05099  15.3315  
10.6978  6.52593  
23.8195  11.2127  
28.0324  26.1357  
21.438  20.6343  
10.1096  0.563422  
11.289  27.8759  
12.9898  14.0668  
11.3161  9.95975  
15.4534  14.4833  
24.9326  11.4326  
3.46882  26.3432  
10.1602  17.7554  
24.825  15.2922  
7.54601  25.9604  
2.06894  17.324  
12.953  15.1855  
21.2594  17.8498  
16.3946  12.2568  
18.5997  26.847  
16.4514  0.541531  
23.682  13.8735  
17.7977  23.609  
16.825  24.7273  
16.5618  15.4837  
23.4636  9.77355  
1.14629  19.6171  
22.4906  24.3472  
22.8249  13.0846  
2.95199  9.40547  
19.7853  6.63436  
7.39922  5.14779  
3.993  13.6064  
20.2918  10.5092  
6.71154  13.8931  
0.99233  27.8986  
13.1962  17.4109  
9.57685  19.3296  
6.14949  7.6507  
27.3952  15.7635  
19.7071  20.0678  
19.5177  27.8593  
9.28057  7.59987  
4.37947  16.9402  
0.256652  0.481594  
9.00584  0.552648  
20.756  14.1182  
10.0298  10.2845  
25.4595  20.5339  
2.84583  25.2193  
10.6624  1.74196  
27.5603  20.6564  
17.0251  1.82416  
25.2064  19.3528  
0.957608  26.4204  
22.3937  17.4274  
2.39813  26.2058  
17.607  15.8373  
23.0683  15.1191  
9.5487  1.50918  
22.8648  7.07173  
26.4495  19.8155  
13.0149  16.3777  
17.1374  3.01112  
22.3737  14.1955  
25.2101  10.0393  
20.2347  18.3108  
11.2292  8.58633  
7.19685  8.55682  
8.31605  12.6191  
22.6338  5.1048  
14.2732  14.999  
25.1354  17.7126  
20.6613  27.8996  
26.9771  12.0631  
25.4573  12.7713  
26.5285  10.087  
12.9518  19.5819  
